# Parameter sweep (sweep_forward)
# Simulation    : driftdiffusion
# Sweep variable: $Vg
# Data ordering : column
# Data:
# --------------------------------------------------
# Name                     Units          Type
# --------------------------------------------------
# anode.current            A/cm^2         real
# cathode.current          A/cm^2         real
# --------------------------------------------------
#
# $Vg anode.current cathode.current 
0 0 0
0.025 -1.99077e-20 1.99077e-20
0.05 1.22411e-20 -1.22411e-20
0.075 3.10479e-20 -3.10479e-20
0.1 -8.64466e-21 8.64466e-21
0.125 1.33205e-19 -1.33205e-19
0.15 -2.43522e-20 2.43522e-20
0.175 -1.23257e-20 1.23257e-20
0.2 3.11452e-22 -3.11452e-22
0.225 -2.71873e-20 2.71873e-20
0.25 -3.57932e-20 3.57932e-20
0.275 5.71814e-20 -5.71814e-20
0.3 4.14042e-20 -4.14042e-20
0.325 -1.89668e-20 1.89668e-20
0.35 -1.60284e-20 1.60284e-20
0.375 -2.01683e-19 2.01683e-19
0.4 -6.09422e-19 6.09422e-19
0.425 -6.19454e-19 6.19454e-19
0.45 -1.10616e-19 1.10616e-19
0.475 2.43143e-19 -2.43143e-19
0.5 -1.12035e-19 1.12035e-19
0.525 6.75838e-19 -6.75838e-19
0.55 -3.46949e-19 3.46949e-19
0.575 -1.02561e-18 1.02561e-18
0.6 -1.7171e-18 1.7171e-18
0.625 -3.43723e-18 3.43723e-18
0.65 -7.77258e-18 7.77258e-18
0.675 -1.58895e-17 1.58895e-17
0.7 -3.559e-17 3.559e-17
0.725 -9.43532e-17 9.43532e-17
0.75 -2.37737e-16 2.37737e-16
0.775 -6.11624e-16 6.11624e-16
0.8 -1.58728e-15 1.58728e-15
0.825 -4.11753e-15 4.11753e-15
0.85 -1.06922e-14 1.06922e-14
0.875 -2.77219e-14 2.77219e-14
0.9 -7.1828e-14 7.1828e-14
0.925 -1.85807e-13 1.85807e-13
0.95 -4.79836e-13 4.79836e-13
0.975 -1.23688e-12 1.23688e-12
1 -3.18169e-12 3.18169e-12
1.025 -8.16581e-12 8.16581e-12
1.05 -2.0905e-11 2.0905e-11
1.075 -5.33727e-11 5.33727e-11
1.1 -1.35844e-10 1.35844e-10
1.125 -3.44612e-10 3.44612e-10
1.15 -8.7102e-10 8.7102e-10
1.175 -2.19262e-09 2.19262e-09
1.2 -5.49466e-09 5.49466e-09
1.225 -1.36972e-08 1.36972e-08
1.25 -3.39375e-08 3.39375e-08
1.275 -8.34403e-08 8.34403e-08
1.3 -2.03045e-07 2.03045e-07
1.325 -4.86674e-07 4.86674e-07
1.35 -1.13867e-06 1.13867e-06
1.375 -2.56211e-06 2.56211e-06
1.4 -5.48764e-06 5.48764e-06
1.425 -1.09903e-05 1.09903e-05
1.45 -1.93502e-05 1.93502e-05
1.475 -2.82607e-05 2.82607e-05
1.5 -3.96239e-05 3.96239e-05
1.525 -5.32445e-05 5.32445e-05
1.55 -6.87052e-05 6.87052e-05
1.575 -8.54548e-05 8.54548e-05
1.6 -0.000103114 0.000103114
1.625 -0.00012139 0.00012139
1.65 -0.000140075 0.000140075
1.675 -0.000159022 0.000159022
1.7 -0.000178135 0.000178135
1.725 -0.000197347 0.000197347
1.75 -0.000216613 0.000216613
1.775 -0.000235905 0.000235905
1.8 -0.000255199 0.000255199
1.825 -0.000274483 0.000274483
1.85 -0.000293745 0.000293745
1.875 -0.00031298 0.00031298
1.9 -0.000332183 0.000332183
1.925 -0.00035135 0.00035135
1.95 -0.00037048 0.00037048
1.975 -0.000389573 0.000389573
2 -0.000408628 0.000408628
2.025 -0.000427645 0.000427645
2.05 -0.000446627 0.000446627
2.075 -0.000465573 0.000465573
2.1 -0.000484486 0.000484486
2.125 -0.000503366 0.000503366
2.15 -0.000522216 0.000522216
2.175 -0.000541037 0.000541037
2.2 -0.000559831 0.000559831
2.225 -0.0005786 0.0005786
2.25 -0.000597346 0.000597346
2.275 -0.000616071 0.000616071
2.3 -0.000634776 0.000634776
2.325 -0.000653464 0.000653464
2.35 -0.000672136 0.000672136
2.375 -0.000690795 0.000690795
2.4 -0.000709443 0.000709443
2.425 -0.000728081 0.000728081
2.45 -0.000746711 0.000746711
2.475 -0.000765335 0.000765335
2.5 -0.000783955 0.000783955
2.525 -0.000802573 0.000802573
2.55 -0.000821191 0.000821191
2.575 -0.00083981 0.00083981
2.6 -0.000858433 0.000858433
2.625 -0.00087706 0.00087706
2.65 -0.000895695 0.000895695
2.675 -0.000914338 0.000914338
2.7 -0.000932991 0.000932991
2.725 -0.000951657 0.000951657
2.75 -0.000970336 0.000970336
2.775 -0.000989031 0.000989031
2.8 -0.00100774 0.00100774
2.825 -0.00102647 0.00102647
2.85 -0.00104523 0.00104523
2.875 -0.001064 0.001064
2.9 -0.0010828 0.0010828
2.925 -0.00110162 0.00110162
2.95 -0.00112047 0.00112047
2.975 -0.00113935 0.00113935
3 -0.00115825 0.00115825
3.025 -0.00117719 0.00117719
3.05 -0.00119617 0.00119617
3.075 -0.00121518 0.00121518
3.1 -0.00123422 0.00123422
3.125 -0.0012533 0.0012533
3.15 -0.00127243 0.00127243
3.175 -0.00129159 0.00129159
3.2 -0.00131079 0.00131079
3.225 -0.00133004 0.00133004
3.25 -0.00134934 0.00134934
3.275 -0.00136868 0.00136868
3.3 -0.00138807 0.00138807
3.325 -0.00140752 0.00140752
3.35 -0.00142701 0.00142701
3.375 -0.00144656 0.00144656
3.4 -0.00146616 0.00146616
3.425 -0.00148582 0.00148582
3.45 -0.00150553 0.00150553
3.475 -0.0015253 0.0015253
3.5 -0.00154514 0.00154514
3.525 -0.00156504 0.00156504
3.55 -0.001585 0.001585
3.575 -0.00160502 0.00160502
3.6 -0.00162512 0.00162512
3.625 -0.00164528 0.00164528
3.65 -0.00166551 0.00166551
3.675 -0.00168581 0.00168581
3.7 -0.00170618 0.00170618
3.725 -0.00172663 0.00172663
3.75 -0.00174716 0.00174716
3.775 -0.00176776 0.00176776
3.8 -0.00178844 0.00178844
3.825 -0.0018092 0.0018092
3.85 -0.00183004 0.00183004
3.875 -0.00185096 0.00185096
3.9 -0.00187197 0.00187197
3.925 -0.00189306 0.00189306
3.95 -0.00191425 0.00191425
3.975 -0.00193552 0.00193552
4 -0.00195688 0.00195688
4.025 -0.00197834 0.00197834
4.05 -0.00199988 0.00199988
4.075 -0.00202153 0.00202153
4.1 -0.00204327 0.00204327
4.125 -0.00206511 0.00206511
4.15 -0.00208704 0.00208704
4.175 -0.00210908 0.00210908
4.2 -0.00213123 0.00213123
4.225 -0.00215347 0.00215347
4.25 -0.00217583 0.00217583
4.275 -0.00219829 0.00219829
4.3 -0.00222086 0.00222086
4.325 -0.00224354 0.00224354
4.35 -0.00226633 0.00226633
4.375 -0.00228924 0.00228924
4.4 -0.00231226 0.00231226
4.425 -0.0023354 0.0023354
4.45 -0.00235866 0.00235866
4.475 -0.00238204 0.00238204
4.5 -0.00240554 0.00240554
4.525 -0.00242917 0.00242917
4.55 -0.00245292 0.00245292
4.575 -0.0024768 0.0024768
4.6 -0.0025008 0.0025008
4.625 -0.00252494 0.00252494
4.65 -0.00254921 0.00254921
4.675 -0.00257361 0.00257361
4.7 -0.00259815 0.00259815
4.725 -0.00262282 0.00262282
4.75 -0.00264764 0.00264764
4.775 -0.00267259 0.00267259
4.8 -0.00269769 0.00269769
4.825 -0.00272293 0.00272293
4.85 -0.00274832 0.00274832
4.875 -0.00277386 0.00277386
4.9 -0.00279954 0.00279954
4.925 -0.00282538 0.00282538
4.95 -0.00285136 0.00285136
4.975 -0.00287751 0.00287751
5 -0.00290381 0.00290381
5.025 -0.00293027 0.00293027
5.05 -0.00295689 0.00295689
5.075 -0.00298367 0.00298367
5.1 -0.00301061 0.00301061
5.125 -0.00303772 0.00303772
5.15 -0.003065 0.003065
5.175 -0.00309245 0.00309245
5.2 -0.00312007 0.00312007
5.225 -0.00314787 0.00314787
5.25 -0.00317584 0.00317584
5.275 -0.00320398 0.00320398
5.3 -0.00323231 0.00323231
5.325 -0.00326082 0.00326082
5.35 -0.00328951 0.00328951
5.375 -0.00331839 0.00331839
5.4 -0.00334745 0.00334745
5.425 -0.00337671 0.00337671
5.45 -0.00340615 0.00340615
5.475 -0.00343579 0.00343579
5.5 -0.00346563 0.00346563
5.525 -0.00349566 0.00349566
5.55 -0.00352589 0.00352589
5.575 -0.00355633 0.00355633
5.6 -0.00358697 0.00358697
5.625 -0.00361781 0.00361781
5.65 -0.00364887 0.00364887
5.675 -0.00368013 0.00368013
5.7 -0.00371161 0.00371161
5.725 -0.0037433 0.0037433
5.75 -0.00377521 0.00377521
5.775 -0.00380734 0.00380734
5.8 -0.0038397 0.0038397
5.825 -0.00387227 0.00387227
5.85 -0.00390507 0.00390507
5.875 -0.00393811 0.00393811
5.9 -0.00397137 0.00397137
5.925 -0.00400487 0.00400487
5.95 -0.0040386 0.0040386
5.975 -0.00407257 0.00407257
6 -0.00410678 0.00410678
6.025 -0.00414124 0.00414124
6.05 -0.00417594 0.00417594
6.075 -0.00421089 0.00421089
6.1 -0.00424609 0.00424609
6.125 -0.00428154 0.00428154
6.15 -0.00431725 0.00431725
6.175 -0.00435322 0.00435322
6.2 -0.00438945 0.00438945
6.225 -0.00442594 0.00442594
6.25 -0.0044627 0.0044627
6.275 -0.00449972 0.00449972
6.3 -0.00453702 0.00453702
6.325 -0.00457459 0.00457459
6.35 -0.00461244 0.00461244
6.375 -0.00465057 0.00465057
6.4 -0.00468898 0.00468898
6.425 -0.00472768 0.00472768
6.45 -0.00476666 0.00476666
6.475 -0.00480593 0.00480593
6.5 -0.0048455 0.0048455
6.525 -0.00488537 0.00488537
6.55 -0.00492553 0.00492553
6.575 -0.004966 0.004966
6.6 -0.00500677 0.00500677
6.625 -0.00504785 0.00504785
6.65 -0.00508924 0.00508924
6.675 -0.00513094 0.00513094
6.7 -0.00517297 0.00517297
6.725 -0.00521531 0.00521531
6.75 -0.00525797 0.00525797
6.775 -0.00530096 0.00530096
6.8 -0.00534429 0.00534429
6.825 -0.00538794 0.00538794
6.85 -0.00543193 0.00543193
6.875 -0.00547626 0.00547626
6.9 -0.00552093 0.00552093
6.925 -0.00556595 0.00556595
6.95 -0.00561132 0.00561132
6.975 -0.00565704 0.00565704
7 -0.00570311 0.00570311
7.025 -0.00574955 0.00574955
7.05 -0.00579635 0.00579635
7.075 -0.00584351 0.00584351
7.1 -0.00589104 0.00589104
7.125 -0.00593895 0.00593895
7.15 -0.00598723 0.00598723
7.175 -0.00603589 0.00603589
7.2 -0.00608494 0.00608494
7.225 -0.00613437 0.00613437
7.25 -0.0061842 0.0061842
7.275 -0.00623442 0.00623442
7.3 -0.00628504 0.00628504
7.325 -0.00633606 0.00633606
7.35 -0.00638749 0.00638749
7.375 -0.00643933 0.00643933
7.4 -0.00649158 0.00649158
7.425 -0.00654425 0.00654425
7.45 -0.00659734 0.00659734
7.475 -0.00665085 0.00665085
7.5 -0.0067048 0.0067048
7.525 -0.00675918 0.00675918
7.55 -0.006814 0.006814
7.575 -0.00686926 0.00686926
7.6 -0.00692497 0.00692497
7.625 -0.00698113 0.00698113
7.65 -0.00703774 0.00703774
7.675 -0.00709481 0.00709481
7.7 -0.00715234 0.00715234
7.725 -0.00721034 0.00721034
7.75 -0.00726882 0.00726882
7.775 -0.00732777 0.00732777
7.8 -0.0073872 0.0073872
7.825 -0.00744712 0.00744712
7.85 -0.00750752 0.00750752
7.875 -0.00756842 0.00756842
7.9 -0.00762982 0.00762982
7.925 -0.00769173 0.00769173
7.95 -0.00775414 0.00775414
7.975 -0.00781706 0.00781706
8 -0.00788051 0.00788051
