# ASCII 1D datafile generated by TiberCAD
# x ProbabilityDensity_0 ProbabilityDensity_1 ProbabilityDensity_2 ProbabilityDensity_3 ProbabilityDensity_4 ProbabilityDensity_5 ProbabilityDensity_6 ProbabilityDensity_7 ProbabilityDensity_8 ProbabilityDensity_9 ProbabilityDensity_10 ProbabilityDensity_11 ProbabilityDensity_12 ProbabilityDensity_13 ProbabilityDensity_14 ProbabilityDensity_15 ProbabilityDensity_16 EigenEnergyOnMesh_0 EigenEnergyOnMesh_1 EigenEnergyOnMesh_2 EigenEnergyOnMesh_3 EigenEnergyOnMesh_4 EigenEnergyOnMesh_5 EigenEnergyOnMesh_6 EigenEnergyOnMesh_7 EigenEnergyOnMesh_8 EigenEnergyOnMesh_9 EigenEnergyOnMesh_10 EigenEnergyOnMesh_11 EigenEnergyOnMesh_12 EigenEnergyOnMesh_13 EigenEnergyOnMesh_14 EigenEnergyOnMesh_15 EigenEnergyOnMesh_16 
-25 1.0827e-23 2.99631e-26 1.41585e-18 1.46528e-18 5.09238e-10 5.09083e-10 1.79913e-09 1.79915e-09 3.43492e-09 3.43488e-09 8.46511e-12 8.4621e-12 1.77696e-11 1.77404e-11 3.4728e-11 3.46972e-11 5.90946e-11 -0.100285 -0.100285 -0.111337 -0.111337 -0.170646 -0.170646 -0.183968 -0.183968 -0.204917 -0.204917 -0.20556 -0.20556 -0.20707 -0.20707 -0.209218 -0.209218 -0.2122 
-24.019 8.82785e-23 5.98664e-24 5.48276e-05 5.48276e-05 18625.4 18625.4 66340.9 66340.9 152978 152978 55207.6 55207.6 112601 112601 211895 211895 342517 -0.100285 -0.100285 -0.111337 -0.111337 -0.170646 -0.170646 -0.183968 -0.183968 -0.204917 -0.204917 -0.20556 -0.20556 -0.20707 -0.20707 -0.209218 -0.209218 -0.2122 
-23.0813 8.24584e-22 1.83935e-23 0.000257789 0.000257789 69796 69796 235619 235619 495126 495126 200922 200922 378195 378195 633553 633553 867265 -0.100285 -0.100285 -0.111337 -0.111337 -0.170646 -0.170646 -0.183968 -0.183968 -0.204917 -0.204917 -0.20556 -0.20556 -0.20707 -0.20707 -0.209218 -0.209218 -0.2122 
-22.185 3.83177e-22 2.89499e-23 0.000753799 0.000753799 145467 145467 450670 450670 811041 811041 400089 400089 660259 660259 903341 903341 898271 -0.100285 -0.100285 -0.111337 -0.111337 -0.170646 -0.170646 -0.183968 -0.183968 -0.204917 -0.204917 -0.20556 -0.20556 -0.20707 -0.20707 -0.209218 -0.209218 -0.2122 
-21.3283 4.04495e-22 4.29118e-23 0.0018697 0.0018697 237200 237200 653929 653929 939468 939468 614598 614598 842563 842563 839532 839532 447848 -0.100285 -0.100285 -0.111337 -0.111337 -0.170646 -0.170646 -0.183968 -0.183968 -0.204917 -0.204917 -0.20556 -0.20556 -0.20707 -0.20707 -0.209218 -0.209218 -0.2122 
-20.5094 2.79588e-22 6.22771e-23 0.00427104 0.00427104 337048 337048 801877 801877 841016 841016 812889 812889 870826 870826 523484 523484 44817.8 -0.100285 -0.100285 -0.111337 -0.111337 -0.170646 -0.170646 -0.183968 -0.183968 -0.204917 -0.204917 -0.20556 -0.20556 -0.20707 -0.20707 -0.209218 -0.209218 -0.2122 
-19.7266 4.91011e-22 8.28652e-23 0.00925059 0.00925059 438112 438112 871403 871403 585479 585479 973589 973589 755854 755854 179792 179792 79720.2 -0.100285 -0.100285 -0.111337 -0.111337 -0.170646 -0.170646 -0.183968 -0.183968 -0.204917 -0.204917 -0.20556 -0.20556 -0.20707 -0.20707 -0.209218 -0.209218 -0.2122 
-18.9784 4.34464e-22 9.25397e-23 0.0192271 0.0192271 534835 534835 859387 859387 293928 293928 1.08586e+06 1.08586e+06 551637 551637 5776.59 5776.59 475634 -0.100285 -0.100285 -0.111337 -0.111337 -0.170646 -0.170646 -0.183968 -0.183968 -0.204917 -0.204917 -0.20556 -0.20556 -0.20707 -0.20707 -0.209218 -0.209218 -0.2122 
-18.2633 3.96716e-22 1.03643e-22 0.0385724 0.0385724 623073 623073 778068 778068 77626.8 77626.8 1.14766e+06 1.14766e+06 326318 326318 71454.7 71454.7 868274 -0.100285 -0.100285 -0.111337 -0.111337 -0.170646 -0.170646 -0.183968 -0.183968 -0.204917 -0.204917 -0.20556 -0.20556 -0.20707 -0.20707 -0.209218 -0.209218 -0.2122 
-17.5797 9.82951e-22 3.81431e-22 0.0749346 0.0749346 700027 700027 648774 648774 13.5423 13.5423 1.16319e+06 1.16319e+06 138825 138825 318775 318775 962953 -0.100285 -0.100285 -0.111337 -0.111337 -0.170646 -0.170646 -0.183968 -0.183968 -0.204917 -0.204917 -0.20556 -0.20556 -0.20707 -0.20707 -0.209218 -0.209218 -0.2122 
-16.9262 1.22247e-20 1.0547e-20 0.14128 0.14128 764079 764079 495915 495915 67830.1 67830.1 1.14022e+06 1.14022e+06 26376.2 26376.2 622646 622646 728836 -0.100285 -0.100285 -0.111337 -0.111337 -0.170646 -0.170646 -0.183968 -0.183968 -0.204917 -0.204917 -0.20556 -0.20556 -0.20707 -0.20707 -0.209218 -0.209218 -0.2122 
-16.3017 3.41937e-19 3.36652e-19 0.258947 0.258947 814588 814588 342341 342341 243848 243848 1.08794e+06 1.08794e+06 2161.62 2161.62 861205 861205 351688 -0.100285 -0.100285 -0.111337 -0.111337 -0.170646 -0.170646 -0.183968 -0.183968 -0.204917 -0.204917 -0.20556 -0.20556 -0.20707 -0.20707 -0.209218 -0.209218 -0.2122 
-15.7046 9.00603e-18 9.01795e-18 0.46205 0.46205 851674 851674 206418 206418 469055 469055 1.01547e+06 1.01547e+06 59713.1 59713.1 961130 961130 65488.5 -0.100285 -0.100285 -0.111337 -0.111337 -0.170646 -0.170646 -0.183968 -0.183968 -0.204917 -0.204917 -0.20556 -0.20556 -0.20707 -0.20707 -0.209218 -0.209218 -0.2122 
-15.134 2.01857e-16 2.01953e-16 0.803666 0.803666 876014 876014 100724 100724 683975 683975 930855 930855 180115 180115 909531 909531 10256.8 -0.100285 -0.100285 -0.111337 -0.111337 -0.170646 -0.170646 -0.183968 -0.183968 -0.204917 -0.204917 -0.20556 -0.20556 -0.20707 -0.20707 -0.209218 -0.209218 -0.2122 
-14.5885 3.82815e-15 3.829e-15 1.36421 1.36421 888661 888661 31981.4 31981.4 843319 843319 840700 840700 339187 339187 741077 741077 185853 -0.100285 -0.100285 -0.111337 -0.111337 -0.170646 -0.170646 -0.183968 -0.183968 -0.204917 -0.204917 -0.20556 -0.20556 -0.20707 -0.20707 -0.209218 -0.209218 -0.2122 
-14.0672 6.21819e-14 6.21852e-14 2.26251 2.26251 890896 890896 1805.57 1805.57 922462 922462 750031 750031 513060 513060 514562 514562 489345 -0.100285 -0.100285 -0.111337 -0.111337 -0.170646 -0.170646 -0.183968 -0.183968 -0.204917 -0.204917 -0.20556 -0.20556 -0.20707 -0.20707 -0.209218 -0.209218 -0.2122 
-13.5688 8.74634e-13 8.74643e-13 3.6699 3.6699 884106 884106 7866.46 7866.46 917136 917136 662423 662423 681668 681668 290512 290512 786335 -0.100285 -0.100285 -0.111337 -0.111337 -0.170646 -0.170646 -0.183968 -0.183968 -0.204917 -0.204917 -0.20556 -0.20556 -0.20707 -0.20707 -0.209218 -0.209218 -0.2122 
-13.0924 1.07576e-11 1.07576e-11 5.82778 5.82778 869699 869699 45155.3 45155.3 838876 838876 580216 580216 830337 830337 116049 116049 971811 -0.100285 -0.100285 -0.111337 -0.111337 -0.170646 -0.170646 -0.183968 -0.183968 -0.204917 -0.204917 -0.20556 -0.20556 -0.20707 -0.20707 -0.209218 -0.209218 -0.2122 
-12.6371 1.16713e-10 1.16713e-10 9.06875 9.06875 849032 849032 107159 107159 708781 708781 504768 504768 949977 949977 18274 18274 999676 -0.100285 -0.100285 -0.111337 -0.111337 -0.170646 -0.170646 -0.183968 -0.183968 -0.204917 -0.204917 -0.20556 -0.20556 -0.20707 -0.20707 -0.209218 -0.209218 -0.2122 
-12.2018 1.12574e-09 1.12574e-09 13.8413 13.8413 823376 823376 186831 186831 551483 551483 436699 436699 1.03641e+06 1.03641e+06 4487.44 4487.44 881810 -0.100285 -0.100285 -0.111337 -0.111337 -0.170646 -0.170646 -0.183968 -0.183968 -0.204917 -0.204917 -0.20556 -0.20556 -0.20707 -0.20707 -0.209218 -0.209218 -0.2122 
-11.7858 9.72196e-09 9.72196e-09 20.7379 20.7379 793884 793884 277314 277314 390419 390419 376105 376105 1.08928e+06 1.08928e+06 66495.8 66495.8 668687 -0.100285 -0.100285 -0.111337 -0.111337 -0.170646 -0.170646 -0.183968 -0.183968 -0.204917 -0.204917 -0.20556 -0.20556 -0.20707 -0.20707 -0.209218 -0.209218 -0.2122 
-11.3882 7.56616e-08 7.56616e-08 30.5255 30.5255 761579 761579 372433 372433 244778 244778 322730 322730 1.11095e+06 1.11095e+06 186449 186449 424915 -0.100285 -0.100285 -0.111337 -0.111337 -0.170646 -0.170646 -0.183968 -0.183968 -0.204917 -0.204917 -0.20556 -0.20556 -0.20707 -0.20707 -0.209218 -0.209218 -0.2122 
-11.0081 5.33798e-07 5.33798e-07 44.1786 44.1786 727352 727352 466964 466964 128064 128064 276104 276104 1.10537e+06 1.10537e+06 342408 342408 209036 -0.100285 -0.100285 -0.111337 -0.111337 -0.170646 -0.170646 -0.183968 -0.183968 -0.204917 -0.204917 -0.20556 -0.20556 -0.20707 -0.20707 -0.209218 -0.209218 -0.2122 
-10.6447 3.43263e-06 3.43263e-06 62.9125 62.9125 691962 691962 556759 556759 47901 47901 235638 235638 1.07731e+06 1.07731e+06 512691 512691 61582 -0.100285 -0.100285 -0.111337 -0.111337 -0.170646 -0.170646 -0.183968 -0.183968 -0.204917 -0.204917 -0.20556 -0.20556 -0.20707 -0.20707 -0.209218 -0.209218 -0.2122 
-10.2975 2.02214e-05 2.02214e-05 88.2166 88.2166 656047 656047 638738 638738 6684.1 6684.1 200697 200697 1.03172e+06 1.03172e+06 678687 678687 1366.35 -0.100285 -0.100285 -0.111337 -0.111337 -0.170646 -0.170646 -0.183968 -0.183968 -0.204917 -0.204917 -0.20556 -0.20556 -0.20707 -0.20707 -0.209218 -0.209218 -0.2122 
-9.9655 0.000109638 0.000109638 121.886 121.886 620131 620131 710807 710807 2679.56 2679.56 170646 170646 973267 973267 826272 826272 27742.2 -0.100285 -0.100285 -0.111337 -0.111337 -0.170646 -0.170646 -0.183968 -0.183968 -0.204917 -0.204917 -0.20556 -0.20556 -0.20707 -0.20707 -0.209218 -0.209218 -0.2122 
-9.6482 0.000549493 0.000549493 166.049 166.049 584640 584640 771732 771732 31264.1 31264.1 144876 144876 906157 906157 946146 946146 126059 -0.100285 -0.100285 -0.111337 -0.111337 -0.170646 -0.170646 -0.183968 -0.183968 -0.204917 -0.204917 -0.20556 -0.20556 -0.20707 -0.20707 -0.209218 -0.209218 -0.2122 
-9.34491 0.00255606 0.00255606 223.198 223.198 549908 549908 820991 820991 86101.9 86101.9 122827 122827 833965 833965 1.03344e+06 1.03344e+06 273950 -0.100285 -0.100285 -0.111337 -0.111337 -0.170646 -0.170646 -0.183968 -0.183968 -0.204917 -0.204917 -0.20556 -0.20556 -0.20707 -0.20707 -0.209218 -0.209218 -0.2122 
-9.05501 0.0110773 0.0110773 296.215 296.215 516192 516192 858621 858621 160139 160139 103991 103991 759621 759621 1.08695e+06 1.08695e+06 446894 -0.100285 -0.100285 -0.111337 -0.111337 -0.170646 -0.170646 -0.183968 -0.183968 -0.204917 -0.204917 -0.20556 -0.20556 -0.20707 -0.20707 -0.209218 -0.209218 -0.2122 
-8.7779 0.0448837 0.0448837 388.411 388.411 483684 483684 885083 885083 246365 246365 87919 87919 685438 685438 1.10821e+06 1.10821e+06 622302 -0.100285 -0.100285 -0.111337 -0.111337 -0.170646 -0.170646 -0.183968 -0.183968 -0.204917 -0.204917 -0.20556 -0.20556 -0.20707 -0.20707 -0.209218 -0.209218 -0.2122 
-8.51303 0.170601 0.170601 503.602 503.602 452522 452522 901132 901132 338344 338344 74214.7 74214.7 613170 613170 1.1006e+06 1.1006e+06 781977 -0.100285 -0.100285 -0.111337 -0.111337 -0.170646 -0.170646 -0.183968 -0.183968 -0.204917 -0.204917 -0.20556 -0.20556 -0.20707 -0.20707 -0.209218 -0.209218 -0.2122 
-8.25984 0.610198 0.610198 646.28 646.28 422794 422794 907715 907715 430533 430533 62535 62535 544087 544087 1.06858e+06 1.06858e+06 913146 -0.100285 -0.100285 -0.111337 -0.111337 -0.170646 -0.170646 -0.183968 -0.183968 -0.204917 -0.204917 -0.20556 -0.20556 -0.20707 -0.20707 -0.209218 -0.209218 -0.2122 
-8.01784 2.05986 2.05986 822.038 822.038 394551 394551 905883 905883 518439 518439 52583.9 52583.9 479059 479059 1.01705e+06 1.01705e+06 1.00845e+06 -0.100285 -0.100285 -0.111337 -0.111337 -0.170646 -0.170646 -0.183968 -0.183968 -0.204917 -0.204917 -0.20556 -0.20556 -0.20707 -0.20707 -0.209218 -0.209218 -0.2122 
-7.78652 6.58094 6.58094 1038.64 1038.64 367815 367815 896726 896726 598646 598646 44107.4 44107.4 418631 418631 950887 950887 1.06525e+06 -0.100285 -0.100285 -0.111337 -0.111337 -0.170646 -0.170646 -0.183968 -0.183968 -0.204917 -0.204917 -0.20556 -0.20556 -0.20707 -0.20707 -0.209218 -0.209218 -0.2122 
-7.56541 19.9509 19.9509 1308.6 1308.6 342579 342579 881320 881320 668761 668761 36888.7 36888.7 363089 363089 874668 874668 1.08462e+06 -0.100285 -0.100285 -0.111337 -0.111337 -0.170646 -0.170646 -0.183968 -0.183968 -0.204917 -0.204917 -0.20556 -0.20556 -0.20707 -0.20707 -0.209218 -0.209218 -0.2122 
-7.35406 57.5357 57.5357 1655.41 1655.41 318821 318821 860697 860697 727302 727302 30743.1 30743.1 312528 312528 792448 792448 1.07028e+06 -0.100285 -0.100285 -0.111337 -0.111337 -0.170646 -0.170646 -0.183968 -0.183968 -0.204917 -0.204917 -0.20556 -0.20556 -0.20707 -0.20707 -0.209218 -0.209218 -0.2122 
-7.15204 158.21 158.21 2127.81 2127.81 296500 296500 835815 835815 773569 773569 25513.7 25513.7 266894 266894 707681 707681 1.02755e+06 -0.100285 -0.100285 -0.111337 -0.111337 -0.170646 -0.170646 -0.183968 -0.183968 -0.204917 -0.204917 -0.20556 -0.20556 -0.20707 -0.20707 -0.209218 -0.209218 -0.2122 
-6.95894 415.738 415.738 2831.4 2831.4 275565 275565 807551 807551 807492 807492 21067.4 21067.4 226032 226032 623196 623196 962490 -0.100285 -0.100285 -0.111337 -0.111337 -0.170646 -0.170646 -0.183968 -0.183968 -0.204917 -0.204917 -0.20556 -0.20556 -0.20707 -0.20707 -0.209218 -0.209218 -0.2122 
-6.77437 1046.18 1046.18 3995.89 3995.89 255959 255959 776692 776692 829503 829503 17291.4 17291.4 189715 189715 541221 541221 881289 -0.100285 -0.100285 -0.111337 -0.111337 -0.170646 -0.170646 -0.183968 -0.183968 -0.204917 -0.204917 -0.20556 -0.20556 -0.20707 -0.20707 -0.209218 -0.209218 -0.2122 
-6.59794 2526.2 2526.2 6112.23 6112.23 237619 237619 743936 743936 840407 840407 14089.9 14089.9 157672 157672 463431 463431 789771 -0.100285 -0.100285 -0.111337 -0.111337 -0.170646 -0.170646 -0.183968 -0.183968 -0.204917 -0.204917 -0.20556 -0.20556 -0.20707 -0.20707 -0.209218 -0.209218 -0.2122 
-6.4293 5864.44 5864.44 10201.1 10201.1 220479 220479 709897 709897 841273 841273 11381.8 11381.8 129606 129606 391020 391020 693115 -0.100285 -0.100285 -0.111337 -0.111337 -0.170646 -0.170646 -0.183968 -0.183968 -0.204917 -0.204917 -0.20556 -0.20556 -0.20707 -0.20707 -0.209218 -0.209218 -0.2122 
-6.2681 13111.9 13111.9 18317.7 18317.7 204476 204476 675114 675114 833344 833344 9098.16 9098.16 105208 105208 324771 324771 595700 -0.100285 -0.100285 -0.111337 -0.111337 -0.170646 -0.170646 -0.183968 -0.183968 -0.204917 -0.204917 -0.20556 -0.20556 -0.20707 -0.20707 -0.209218 -0.209218 -0.2122 
-6.11402 28283.6 28283.6 34462.7 34462.7 189548 189548 640061 640061 817967 817967 7180.4 7180.4 84170.3 84170.3 265132 265132 501055 -0.100285 -0.100285 -0.111337 -0.111337 -0.170646 -0.170646 -0.183968 -0.183968 -0.204917 -0.204917 -0.20556 -0.20556 -0.20707 -0.20707 -0.209218 -0.209218 -0.2122 
-5.96675 58957.5 58957.5 66166.2 66166.2 175639 175639 605161 605161 796533 796533 5578.67 5578.67 66193.4 66193.4 212278 212278 411883 -0.100285 -0.100285 -0.111337 -0.111337 -0.170646 -0.170646 -0.183968 -0.183968 -0.204917 -0.204917 -0.20556 -0.20556 -0.20707 -0.20707 -0.209218 -0.209218 -0.2122 
-5.82597 118947 118947 127138 127138 162704 162704 570795 570795 770434 770434 4250.44 4250.44 50988.9 50988.9 166176 166176 330128 -0.100285 -0.100285 -0.111337 -0.111337 -0.170646 -0.170646 -0.183968 -0.183968 -0.204917 -0.204917 -0.20556 -0.20556 -0.20707 -0.20707 -0.209218 -0.209218 -0.2122 
-5.69141 232607 232607 241547 241547 150705 150705 537318 537318 741031 741031 3159.36 3159.36 38284.8 38284.8 126637 126637 257072 -0.100285 -0.100285 -0.111337 -0.111337 -0.170646 -0.170646 -0.183968 -0.183968 -0.204917 -0.204917 -0.20556 -0.20556 -0.20707 -0.20707 -0.209218 -0.209218 -0.2122 
-5.56279 441525 441525 450685 450685 139623 139623 505075 505075 709632 709632 2274.3 2274.3 27827.1 27827.1 93355.4 93355.4 193438 -0.100285 -0.100285 -0.111337 -0.111337 -0.170646 -0.170646 -0.183968 -0.183968 -0.204917 -0.204917 -0.20556 -0.20556 -0.20707 -0.20707 -0.209218 -0.209218 -0.2122 
-5.43984 814584 814584 823007 823007 129453 129453 474406 474406 677477 677477 1568.48 1568.48 19379.9 19379.9 65951.3 65951.3 139497 -0.100285 -0.100285 -0.111337 -0.111337 -0.170646 -0.170646 -0.183968 -0.183968 -0.204917 -0.204917 -0.20556 -0.20556 -0.20707 -0.20707 -0.209218 -0.209218 -0.2122 
-5.32233 1.46258e+06 1.46258e+06 1.46875e+06 1.46875e+06 120212 120212 445665 445665 645725 645725 1018.88 1018.88 12726.5 12726.5 43994.9 43994.9 95166.4 -0.100285 -0.100285 -0.111337 -0.111337 -0.170646 -0.170646 -0.183968 -0.183968 -0.204917 -0.204917 -0.20556 -0.20556 -0.20707 -0.20707 -0.209218 -0.209218 -0.2122 
-5.21 2.5588e+06 2.5588e+06 2.56057e+06 2.56057e+06 111943 111943 419226 419226 615451 615451 605.571 605.571 7668.15 7668.15 27031.7 27031.7 60099.2 -0.100285 -0.100285 -0.111337 -0.111337 -0.170646 -0.170646 -0.183968 -0.183968 -0.204917 -0.204917 -0.20556 -0.20556 -0.20707 -0.20707 -0.209218 -0.209218 -0.2122 
-5.10263 4.36705e+06 4.36705e+06 4.36169e+06 4.36169e+06 104717 104717 395494 395494 587642 587642 311.298 311.298 4023.84 4023.84 14599.5 14599.5 33759.1 -0.100285 -0.100285 -0.111337 -0.111337 -0.170646 -0.170646 -0.183968 -0.183968 -0.204917 -0.204917 -0.20556 -0.20556 -0.20707 -0.20707 -0.209218 -0.209218 -0.2122 
-5 7.2788e+06 7.2788e+06 7.26328e+06 7.26328e+06 98634.9 98634.9 374912 374912 563193 563193 121.054 121.054 1629.17 1629.17 6241.21 6241.21 15485 -0.100285 -0.100285 -0.111337 -0.111337 -0.170646 -0.170646 -0.183968 -0.183968 -0.204917 -0.204917 -0.20556 -0.20556 -0.20707 -0.20707 -0.209218 -0.209218 -0.2122 
-5 7.2788e+06 7.2788e+06 7.26328e+06 7.26328e+06 98634.9 98634.9 374912 374912 563193 563193 121.054 121.054 1629.17 1629.17 6241.21 6241.21 15485 -0.100285 -0.100285 -0.111337 -0.111337 -0.170646 -0.170646 -0.183968 -0.183968 -0.204917 -0.204917 -0.20556 -0.20556 -0.20707 -0.20707 -0.209218 -0.209218 -0.2122 
-4.89899 1.00447e+07 1.00447e+07 1.00205e+07 1.00205e+07 93533.5 93533.5 357105 357105 541638 541638 23.1255 23.1255 348.944 348.944 1539.01 1539.01 4496.29 -0.100285 -0.100285 -0.111337 -0.111337 -0.170646 -0.170646 -0.183968 -0.183968 -0.204917 -0.204917 -0.20556 -0.20556 -0.20707 -0.20707 -0.209218 -0.209218 -0.2122 
-4.79798 1.17086e+07 1.17086e+07 1.16798e+07 1.16798e+07 87671.4 87671.4 336369 336369 516170 516170 3.91141 3.91141 28.2586 28.2586 29.4716 29.4716 1.53361 -0.100285 -0.100285 -0.111337 -0.111337 -0.170646 -0.170646 -0.183968 -0.183968 -0.204917 -0.204917 -0.20556 -0.20556 -0.20707 -0.20707 -0.209218 -0.209218 -0.2122 
-4.69697 1.20755e+07 1.20755e+07 1.20467e+07 1.20467e+07 81055 81055 312791 312791 486694 486694 73.2549 73.2549 827.492 827.492 2456.34 2456.34 4203.92 -0.100285 -0.100285 -0.111337 -0.111337 -0.170646 -0.170646 -0.183968 -0.183968 -0.204917 -0.204917 -0.20556 -0.20556 -0.20707 -0.20707 -0.209218 -0.209218 -0.2122 
-4.59596 1.13108e+07 1.13108e+07 1.12859e+07 1.12859e+07 73813.8 73813.8 286774 286774 453127 453127 204.509 204.509 2438.02 2438.02 7877.55 7877.55 15468.7 -0.100285 -0.100285 -0.111337 -0.111337 -0.170646 -0.170646 -0.183968 -0.183968 -0.204917 -0.204917 -0.20556 -0.20556 -0.20707 -0.20707 -0.209218 -0.209218 -0.2122 
-4.49495 9.78203e+06 9.78203e+06 9.76325e+06 9.76325e+06 66189.6 66189.6 259084 259084 415882 415882 352.763 352.763 4303.27 4303.27 14393.8 14393.8 29776.6 -0.100285 -0.100285 -0.111337 -0.111337 -0.170646 -0.170646 -0.183968 -0.183968 -0.204917 -0.204917 -0.20556 -0.20556 -0.20707 -0.20707 -0.209218 -0.209218 -0.2122 
-4.39394 7.89906e+06 7.89906e+06 7.88715e+06 7.88715e+06 58481.7 58481.7 230725 230725 375987 375987 475.303 475.303 5878.1 5878.1 20062.7 20062.7 42750.6 -0.100285 -0.100285 -0.111337 -0.111337 -0.170646 -0.170646 -0.183968 -0.183968 -0.204917 -0.204917 -0.20556 -0.20556 -0.20707 -0.20707 -0.209218 -0.209218 -0.2122 
-4.29293 6.00404e+06 6.00404e+06 5.99838e+06 5.99838e+06 50982 50982 202744 202744 334899 334899 545.295 545.295 6808.65 6808.65 23566.3 23566.3 51239.7 -0.100285 -0.100285 -0.111337 -0.111337 -0.170646 -0.170646 -0.183968 -0.183968 -0.204917 -0.204917 -0.20556 -0.20556 -0.20707 -0.20707 -0.209218 -0.209218 -0.2122 
-4.19192 4.32193e+06 4.32193e+06 4.32114e+06 4.32114e+06 43926.4 43926.4 176044 176044 294192 294192 555.712 555.712 6989.99 6989.99 24453.7 24453.7 53986.7 -0.100285 -0.100285 -0.111337 -0.111337 -0.170646 -0.170646 -0.183968 -0.183968 -0.204917 -0.204917 -0.20556 -0.20556 -0.20707 -0.20707 -0.209218 -0.209218 -0.2122 
-4.09091 2.96032e+06 2.96032e+06 2.9628e+06 2.9628e+06 37471.9 37471.9 151282 151282 255255 255255 515.493 515.493 6523.14 6523.14 23019.2 23019.2 51449 -0.100285 -0.100285 -0.111337 -0.111337 -0.170646 -0.170646 -0.183968 -0.183968 -0.204917 -0.204917 -0.20556 -0.20556 -0.20707 -0.20707 -0.209218 -0.209218 -0.2122 
-3.9899 1.93677e+06 1.93677e+06 1.94106e+06 1.94106e+06 31697.5 31697.5 128847 128847 219114 219114 442.11 442.11 5623.11 5623.11 19989.3 19989.3 45142.9 -0.100285 -0.100285 -0.111337 -0.111337 -0.170646 -0.170646 -0.183968 -0.183968 -0.204917 -0.204917 -0.20556 -0.20556 -0.20707 -0.20707 -0.209218 -0.209218 -0.2122 
-3.88889 1.21409e+06 1.21409e+06 1.21907e+06 1.21907e+06 26619.2 26619.2 108888 108888 186382 186382 354.356 354.356 4527.09 4527.09 16196.4 16196.4 36908.5 -0.100285 -0.100285 -0.111337 -0.111337 -0.170646 -0.170646 -0.183968 -0.183968 -0.204917 -0.204917 -0.20556 -0.20556 -0.20707 -0.20707 -0.209218 -0.209218 -0.2122 
-3.78788 731114 731114 736032 736032 22210.3 22210.3 91381.9 91381.9 157302 157302 267.512 267.512 3431.21 3431.21 12345.9 12345.9 28360.4 -0.100285 -0.100285 -0.111337 -0.111337 -0.170646 -0.170646 -0.183968 -0.183968 -0.204917 -0.204917 -0.20556 -0.20556 -0.20707 -0.20707 -0.209218 -0.209218 -0.2122 
-3.68687 423882 423882 428313 428313 18419.6 18419.6 76193.9 76193.9 131844 131844 191.342 191.342 2463.09 2463.09 8908.36 8908.36 20612.8 -0.100285 -0.100285 -0.111337 -0.111337 -0.170646 -0.170646 -0.183968 -0.183968 -0.204917 -0.204917 -0.20556 -0.20556 -0.20707 -0.20707 -0.209218 -0.209218 -0.2122 
-3.58586 237056 237056 240821 240821 15185.7 15185.7 63132.8 63132.8 109805 109805 130.273 130.273 1682.53 1682.53 6114.19 6114.19 14241.8 -0.100285 -0.100285 -0.111337 -0.111337 -0.170646 -0.170646 -0.183968 -0.183968 -0.204917 -0.204917 -0.20556 -0.20556 -0.20707 -0.20707 -0.209218 -0.209218 -0.2122 
-3.48485 128093 128093 131165 131165 12445.3 12445.3 51985.6 51985.6 90892.9 90892.9 84.7412 84.7412 1097.83 1097.83 4007.03 4007.03 9391.23 -0.100285 -0.100285 -0.111337 -0.111337 -0.170646 -0.170646 -0.183968 -0.183968 -0.204917 -0.204917 -0.20556 -0.20556 -0.20707 -0.20707 -0.209218 -0.209218 -0.2122 
-3.38384 66971.8 66971.8 69411.4 69411.4 10137.7 10137.7 42538.5 42538.5 74783.3 74783.3 52.8275 52.8275 686.357 686.357 2515.48 2515.48 5929.51 -0.100285 -0.100285 -0.111337 -0.111337 -0.170646 -0.170646 -0.183968 -0.183968 -0.204917 -0.204917 -0.20556 -0.20556 -0.20707 -0.20707 -0.209218 -0.209218 -0.2122 
-3.28283 33924.5 33924.5 35825.5 35825.5 8207.11 8207.11 34587.4 34587.4 61152.9 61152.9 31.6419 31.6419 412.22 412.22 1516.64 1516.64 3594.41 -0.100285 -0.100285 -0.111337 -0.111337 -0.170646 -0.170646 -0.183968 -0.183968 -0.204917 -0.204917 -0.20556 -0.20556 -0.20707 -0.20707 -0.209218 -0.209218 -0.2122 
-3.18182 16668.1 16668.1 18131.5 18131.5 6602.53 6602.53 27942.4 27942.4 49696.1 49696.1 18.2495 18.2495 238.358 238.358 880.183 880.183 2096.73 -0.100285 -0.100285 -0.111337 -0.111337 -0.170646 -0.170646 -0.183968 -0.183968 -0.204917 -0.204917 -0.20556 -0.20556 -0.20707 -0.20707 -0.209218 -0.209218 -0.2122 
-3.08081 7951.65 7951.65 9069.61 9069.61 5278.14 5278.14 22428.9 22428.9 40131.1 40131.1 10.1539 10.1539 132.946 132.946 492.642 492.642 1179.27 -0.100285 -0.100285 -0.111337 -0.111337 -0.170646 -0.170646 -0.183968 -0.183968 -0.204917 -0.204917 -0.20556 -0.20556 -0.20707 -0.20707 -0.209218 -0.209218 -0.2122 
-2.9798 3686.65 3686.65 4536.79 4536.79 4192.78 4192.78 17887.9 17887.9 32201 32201 5.45914 5.45914 71.6436 71.6436 266.367 266.367 640.593 -0.100285 -0.100285 -0.111337 -0.111337 -0.170646 -0.170646 -0.183968 -0.183968 -0.204917 -0.204917 -0.20556 -0.20556 -0.20707 -0.20707 -0.209218 -0.209218 -0.2122 
-2.87879 1662.57 1662.57 2307.18 2307.18 3309.73 3309.73 14175.4 14175.4 25673.5 25673.5 2.84016 2.84016 37.3566 37.3566 139.334 139.334 336.584 -0.100285 -0.100285 -0.111337 -0.111337 -0.170646 -0.170646 -0.183968 -0.183968 -0.204917 -0.204917 -0.20556 -0.20556 -0.20707 -0.20707 -0.209218 -0.209218 -0.2122 
-2.77778 729.849 729.849 1217.62 1217.62 2596.47 2596.47 11162.9 11162.9 20339.6 20339.6 1.43167 1.43167 18.8713 18.8713 70.6032 70.6032 171.285 -0.100285 -0.100285 -0.111337 -0.111337 -0.170646 -0.170646 -0.183968 -0.183968 -0.204917 -0.204917 -0.20556 -0.20556 -0.20707 -0.20707 -0.209218 -0.209218 -0.2122 
-2.67677 312.107 312.107 680.496 680.496 2024.48 2024.48 8736.21 8736.21 16012.9 16012.9 0.70003 0.70003 9.24649 9.24649 34.6964 34.6964 84.5225 -0.100285 -0.100285 -0.111337 -0.111337 -0.170646 -0.170646 -0.183968 -0.183968 -0.204917 -0.204917 -0.20556 -0.20556 -0.20707 -0.20707 -0.209218 -0.209218 -0.2122 
-2.57576 130.099 130.099 407.722 407.722 1569.03 1569.03 6795.51 6795.51 12528.7 12528.7 0.33236 0.33236 4.39886 4.39886 16.5535 16.5535 40.4864 -0.100285 -0.100285 -0.111337 -0.111337 -0.170646 -0.170646 -0.183968 -0.183968 -0.204917 -0.204917 -0.20556 -0.20556 -0.20707 -0.20707 -0.209218 -0.209218 -0.2122 
-2.47475 52.8939 52.8939 261.574 261.574 1208.87 1208.87 5254.39 5254.39 9743.15 9743.15 0.153362 0.153362 2.03373 2.03373 7.67446 7.67446 18.8428 -0.100285 -0.100285 -0.111337 -0.111337 -0.170646 -0.170646 -0.183968 -0.183968 -0.204917 -0.204917 -0.20556 -0.20556 -0.20707 -0.20707 -0.209218 -0.209218 -0.2122 
-2.37374 20.9867 20.9867 177.361 177.361 925.993 925.993 4038.98 4038.98 7531.71 7531.71 0.0688357 0.0688357 0.914551 0.914551 3.46043 3.46043 8.52812 -0.100285 -0.100285 -0.111337 -0.111337 -0.170646 -0.170646 -0.183968 -0.183968 -0.204917 -0.204917 -0.20556 -0.20556 -0.20707 -0.20707 -0.209218 -0.209218 -0.2122 
-2.27273 8.1305 8.1305 124.897 124.897 705.276 705.276 3086.87 3086.87 5788.11 5788.11 0.0300764 0.0300764 0.400328 0.400328 1.51871 1.51871 3.75646 -0.100285 -0.100285 -0.111337 -0.111337 -0.170646 -0.170646 -0.183968 -0.183968 -0.204917 -0.204917 -0.20556 -0.20556 -0.20707 -0.20707 -0.209218 -0.209218 -0.2122 
-2.17172 3.07704 3.07704 89.9258 89.9258 534.168 534.168 2345.88 2345.88 4422.59 4422.59 0.0128015 0.0128015 0.170698 0.170698 0.649217 0.649217 1.61151 -0.100285 -0.100285 -0.111337 -0.111337 -0.170646 -0.170646 -0.183968 -0.183968 -0.204917 -0.204917 -0.20556 -0.20556 -0.20707 -0.20707 -0.209218 -0.209218 -0.2122 
-2.07071 1.13813 1.13813 65.4628 65.4628 402.351 402.351 1772.87 1772.87 3360.13 3360.13 0.00531133 0.00531133 0.0709456 0.0709456 0.270499 0.270499 0.673767 -0.100285 -0.100285 -0.111337 -0.111337 -0.170646 -0.170646 -0.183968 -0.183968 -0.204917 -0.204917 -0.20556 -0.20556 -0.20707 -0.20707 -0.209218 -0.209218 -0.2122 
-1.9697 0.411603 0.411603 47.8427 47.8427 301.425 301.425 1332.51 1332.51 2538.75 2538.75 0.00214938 0.00214938 0.0287589 0.0287589 0.109917 0.109917 0.274709 -0.100285 -0.100285 -0.111337 -0.111337 -0.170646 -0.170646 -0.183968 -0.183968 -0.204917 -0.204917 -0.20556 -0.20556 -0.20707 -0.20707 -0.209218 -0.209218 -0.2122 
-1.86869 0.145602 0.145602 34.9599 34.9599 224.614 224.614 996.156 996.156 1907.68 1907.68 0.000848849 0.000848849 0.0113766 0.0113766 0.0435844 0.0435844 0.109288 -0.100285 -0.100285 -0.111337 -0.111337 -0.170646 -0.170646 -0.183968 -0.183968 -0.204917 -0.204917 -0.20556 -0.20556 -0.20707 -0.20707 -0.209218 -0.209218 -0.2122 
-1.76768 0.0503992 0.0503992 25.4848 25.4848 166.5 166.5 740.764 740.764 1425.78 1425.78 0.000327328 0.000327328 0.0043941 0.0043941 0.0168731 0.0168731 0.0424458 -0.100285 -0.100285 -0.111337 -0.111337 -0.170646 -0.170646 -0.183968 -0.183968 -0.204917 -0.204917 -0.20556 -0.20556 -0.20707 -0.20707 -0.209218 -0.209218 -0.2122 
-1.66667 0.0170766 0.0170766 18.5111 18.5111 122.784 122.784 547.979 547.979 1059.97 1059.97 0.000123305 0.000123305 0.0016579 0.0016579 0.00638069 0.00638069 0.0161019 -0.100285 -0.100285 -0.111337 -0.111337 -0.170646 -0.170646 -0.183968 -0.183968 -0.204917 -0.204917 -0.20556 -0.20556 -0.20707 -0.20707 -0.209218 -0.209218 -0.2122 
-1.56566 0.0056656 0.0056656 13.3896 13.3896 90.0851 90.0851 403.284 403.284 783.916 783.916 4.53961e-05 4.53961e-05 0.000611329 0.000611328 0.00235803 0.00235803 0.00596901 -0.100285 -0.100285 -0.111337 -0.111337 -0.170646 -0.170646 -0.183968 -0.183968 -0.204917 -0.204917 -0.20556 -0.20556 -0.20707 -0.20707 -0.209218 -0.209218 -0.2122 
-1.46465 0.00184119 0.00184119 9.64181 9.64181 65.7623 65.7623 295.293 295.293 576.775 576.775 1.63412e-05 1.63412e-05 0.000220397 0.000220396 0.000851971 0.000851973 0.0021632 -0.100285 -0.100285 -0.111337 -0.111337 -0.170646 -0.170646 -0.183968 -0.183968 -0.204917 -0.204917 -0.20556 -0.20556 -0.20707 -0.20707 -0.209218 -0.209218 -0.2122 
-1.36364 0.000586259 0.000586259 6.91126 6.91126 47.7687 47.7687 215.138 215.138 422.219 422.219 5.75372e-06 5.75373e-06 7.77183e-05 7.77182e-05 0.000301073 0.000301074 0.000766721 -0.100285 -0.100285 -0.111337 -0.111337 -0.170646 -0.170646 -0.183968 -0.183968 -0.204917 -0.204917 -0.20556 -0.20556 -0.20707 -0.20707 -0.209218 -0.209218 -0.2122 
-1.26263 0.000182955 0.000182955 4.93113 4.93113 34.5286 34.5286 155.968 155.968 307.533 307.533 1.98234e-06 1.98234e-06 2.6816e-05 2.68159e-05 0.000104101 0.000104101 0.000265883 -0.100285 -0.100285 -0.111337 -0.111337 -0.170646 -0.170646 -0.183968 -0.183968 -0.204917 -0.204917 -0.20556 -0.20556 -0.20707 -0.20707 -0.209218 -0.209218 -0.2122 
-1.16162 5.59734e-05 5.59734e-05 3.5021 3.5021 24.8376 24.8376 112.521 112.521 222.894 222.894 6.68536e-07 6.68537e-07 9.05672e-06 9.05669e-06 3.52313e-05 3.52315e-05 9.02432e-05 -0.100285 -0.100285 -0.111337 -0.111337 -0.170646 -0.170646 -0.183968 -0.183968 -0.204917 -0.204917 -0.20556 -0.20556 -0.20707 -0.20707 -0.209218 -0.209218 -0.2122 
-1.06061 1.67925e-05 1.67925e-05 2.47579 2.47579 17.7813 17.7813 80.7856 80.7856 160.762 160.762 2.20768e-07 2.20768e-07 2.99503e-06 2.99502e-06 1.16747e-05 1.16747e-05 2.99886e-05 -0.100285 -0.100285 -0.111337 -0.111337 -0.170646 -0.170646 -0.183968 -0.183968 -0.204917 -0.204917 -0.20556 -0.20556 -0.20707 -0.20707 -0.209218 -0.209218 -0.2122 
-0.959596 4.94142e-06 4.94142e-06 1.74229 1.74229 12.6696 12.6696 57.7253 57.7253 115.392 115.392 7.14085e-08 7.14082e-08 9.70119e-07 9.70116e-07 3.78915e-06 3.78911e-06 9.76015e-06 -0.100285 -0.100285 -0.111337 -0.111337 -0.170646 -0.170646 -0.183968 -0.183968 -0.204917 -0.204917 -0.20556 -0.20556 -0.20707 -0.20707 -0.209218 -0.209218 -0.2122 
-0.858586 1.42658e-06 1.42658e-06 1.22058 1.22058 8.98531 8.98531 41.0538 41.0538 82.4318 82.4318 2.26305e-08 2.26305e-08 3.07878e-07 3.07873e-07 1.2049e-06 1.20487e-06 3.11207e-06 -0.100285 -0.100285 -0.111337 -0.111337 -0.170646 -0.170646 -0.183968 -0.183968 -0.204917 -0.204917 -0.20556 -0.20556 -0.20707 -0.20707 -0.209218 -0.209218 -0.2122 
-0.757576 4.04154e-07 4.04154e-07 0.851275 0.851275 6.34301 6.34301 29.0616 29.0616 58.6098 58.6098 7.02916e-09 7.02906e-09 9.5758e-08 9.57563e-08 3.75495e-07 3.75475e-07 9.72432e-07 -0.100285 -0.100285 -0.111337 -0.111337 -0.170646 -0.170646 -0.183968 -0.183968 -0.204917 -0.204917 -0.20556 -0.20556 -0.20707 -0.20707 -0.209218 -0.209218 -0.2122 
-0.656566 1.12382e-07 1.12382e-07 0.591084 0.591084 4.45731 4.45731 20.4779 20.4779 41.4785 41.4785 2.14032e-09 2.14032e-09 2.91979e-08 2.91966e-08 1.14697e-07 1.14703e-07 2.97855e-07 -0.100285 -0.100285 -0.111337 -0.111337 -0.170646 -0.170646 -0.183968 -0.183968 -0.204917 -0.204917 -0.20556 -0.20556 -0.20707 -0.20707 -0.209218 -0.209218 -0.2122 
-0.555556 3.06788e-08 3.06788e-08 0.408624 0.408624 3.11808 3.11808 14.364 14.364 29.2198 29.2198 6.39056e-10 6.39071e-10 8.73009e-09 8.72927e-09 3.43556e-08 3.43589e-08 8.94557e-08 -0.100285 -0.100285 -0.111337 -0.111337 -0.170646 -0.170646 -0.183968 -0.183968 -0.204917 -0.204917 -0.20556 -0.20556 -0.20707 -0.20707 -0.209218 -0.209218 -0.2122 
-0.454545 8.22348e-09 8.22348e-09 0.281263 0.281263 2.17149 2.17149 10.0302 10.0302 20.4905 20.4905 1.87142e-10 1.87162e-10 2.56045e-09 2.55984e-09 1.00927e-08 1.00944e-08 2.63505e-08 -0.100285 -0.100285 -0.111337 -0.111337 -0.170646 -0.170646 -0.183968 -0.183968 -0.204917 -0.204917 -0.20556 -0.20556 -0.20707 -0.20707 -0.209218 -0.209218 -0.2122 
-0.353535 2.16488e-09 2.16488e-09 0.192767 0.192767 1.50559 1.50559 6.97276 6.97276 14.3045 14.3045 5.37653e-11 5.37785e-11 7.36768e-10 7.36448e-10 2.9055e-09 2.90933e-09 7.61314e-09 -0.100285 -0.100285 -0.111337 -0.111337 -0.170646 -0.170646 -0.183968 -0.183968 -0.204917 -0.204917 -0.20556 -0.20556 -0.20707 -0.20707 -0.209218 -0.209218 -0.2122 
-0.252525 5.59824e-10 5.59824e-10 0.131554 0.131554 1.03932 1.03932 4.82599 4.82599 9.94161 9.94161 1.51611e-11 1.51631e-11 2.07931e-10 2.07903e-10 8.21043e-10 8.22798e-10 2.15825e-09 -0.100285 -0.100285 -0.111337 -0.111337 -0.170646 -0.170646 -0.183968 -0.183968 -0.204917 -0.204917 -0.20556 -0.20556 -0.20707 -0.20707 -0.209218 -0.209218 -0.2122 
-0.151515 1.42228e-10 1.42229e-10 0.0894006 0.0894006 0.714348 0.714348 3.3256 3.3256 6.87898 6.87898 4.19324e-12 4.19568e-12 5.76748e-11 5.76059e-11 2.28147e-10 2.28388e-10 6.00691e-10 -0.100285 -0.100285 -0.111337 -0.111337 -0.170646 -0.170646 -0.183968 -0.183968 -0.204917 -0.204917 -0.20556 -0.20556 -0.20707 -0.20707 -0.209218 -0.209218 -0.2122 
-0.0505051 3.55068e-11 3.55069e-11 0.0605007 0.0605007 0.488881 0.488881 2.2818 2.2818 4.73909 4.73909 1.13978e-12 1.1398e-12 1.56776e-11 1.56692e-11 6.22033e-11 6.22349e-11 1.64033e-10 -0.100285 -0.100285 -0.111337 -0.111337 -0.170646 -0.170646 -0.183968 -0.183968 -0.204917 -0.204917 -0.20556 -0.20556 -0.20707 -0.20707 -0.209218 -0.209218 -0.2122 
0.0505051 8.71162e-12 8.71163e-12 0.0407737 0.0407737 0.333156 0.333156 1.55892 1.55892 3.25077 3.25077 3.03429e-13 3.04148e-13 4.19402e-12 4.18495e-12 1.65515e-11 1.66487e-11 4.40609e-11 -0.100285 -0.100285 -0.111337 -0.111337 -0.170646 -0.170646 -0.183968 -0.183968 -0.204917 -0.204917 -0.20556 -0.20556 -0.20707 -0.20707 -0.209218 -0.209218 -0.2122 
0.151515 2.10095e-12 2.10095e-12 0.0273663 0.0273663 0.226079 0.226079 1.06054 1.06054 2.22033 2.22033 7.92983e-14 7.96577e-14 1.10231e-12 1.09768e-12 4.36249e-12 4.37461e-12 1.16445e-11 -0.100285 -0.100285 -0.111337 -0.111337 -0.170646 -0.170646 -0.183968 -0.183968 -0.204917 -0.204917 -0.20556 -0.20556 -0.20707 -0.20707 -0.209218 -0.209218 -0.2122 
0.252525 4.98116e-13 4.98116e-13 0.0182929 0.0182929 0.152777 0.152777 0.718462 0.718462 1.5101 1.5101 2.04707e-14 2.04804e-14 2.83629e-13 2.82812e-13 1.13477e-12 1.12903e-12 3.00286e-12 -0.100285 -0.100285 -0.111337 -0.111337 -0.170646 -0.170646 -0.183968 -0.183968 -0.204917 -0.204917 -0.20556 -0.20556 -0.20707 -0.20707 -0.209218 -0.209218 -0.2122 
0.353535 1.16118e-13 1.16119e-13 0.0121785 0.0121785 0.102815 0.102815 0.484699 0.484699 1.02275 1.02275 5.12277e-15 5.20388e-15 7.2484e-14 7.15903e-14 2.63206e-13 2.8559e-13 7.60044e-13 -0.100285 -0.100285 -0.111337 -0.111337 -0.170646 -0.170646 -0.183968 -0.183968 -0.204917 -0.204917 -0.20556 -0.20556 -0.20707 -0.20707 -0.209218 -0.209218 -0.2122 
0.454545 2.66193e-14 2.66195e-14 0.00807544 0.00807544 0.0689088 0.0689088 0.325648 0.325648 0.689797 0.689797 1.28691e-15 1.2943e-15 1.74537e-14 1.78026e-14 6.55692e-14 7.12168e-14 1.92036e-13 -0.100285 -0.100285 -0.111337 -0.111337 -0.170646 -0.170646 -0.183968 -0.183968 -0.204917 -0.204917 -0.20556 -0.20556 -0.20707 -0.20707 -0.209218 -0.209218 -0.2122 
0.555556 6.00166e-15 6.00175e-15 0.00533351 0.00533351 0.0459963 0.0459963 0.217894 0.217894 0.46332 0.46332 2.85068e-16 3.16763e-16 5.04708e-15 4.35285e-15 1.79942e-14 1.73304e-14 4.91502e-14 -0.100285 -0.100285 -0.111337 -0.111337 -0.170646 -0.170646 -0.183968 -0.183968 -0.204917 -0.204917 -0.20556 -0.20556 -0.20707 -0.20707 -0.209218 -0.209218 -0.2122 
0.656566 1.33101e-15 1.33105e-15 0.00350872 0.00350872 0.0305787 0.0305787 0.145205 0.145205 0.309929 0.309929 6.8093e-17 7.75602e-17 1.26643e-15 1.04603e-15 4.63957e-15 4.13605e-15 1.16194e-14 -0.100285 -0.100285 -0.111337 -0.111337 -0.170646 -0.170646 -0.183968 -0.183968 -0.204917 -0.204917 -0.20556 -0.20556 -0.20707 -0.20707 -0.209218 -0.209218 -0.2122 
0.757576 2.90398e-16 2.90412e-16 0.00229925 0.00229925 0.0202478 0.0202478 0.096376 0.096376 0.206482 0.206482 1.60575e-17 1.84589e-17 3.20326e-16 2.47116e-16 1.36508e-15 9.72276e-16 2.83061e-15 -0.100285 -0.100285 -0.111337 -0.111337 -0.170646 -0.170646 -0.183968 -0.183968 -0.204917 -0.204917 -0.20556 -0.20556 -0.20707 -0.20707 -0.209218 -0.209218 -0.2122 
0.858586 6.23316e-17 6.23458e-17 0.00150086 0.00150086 0.013354 0.013354 0.0637123 0.0637123 0.13701 0.13701 3.8087e-18 5.24332e-18 1.7028e-16 5.74501e-17 2.10611e-15 2.1099e-16 9.29305e-16 -0.100285 -0.100285 -0.111337 -0.111337 -0.170646 -0.170646 -0.183968 -0.183968 -0.204917 -0.204917 -0.20556 -0.20556 -0.20707 -0.20707 -0.209218 -0.209218 -0.2122 
0.959596 1.31657e-17 1.31711e-17 0.000975932 0.000975932 0.00877272 0.00877272 0.0419526 0.0419526 0.0905502 0.0905502 1.76234e-18 1.29283e-18 1.0107e-16 1.32178e-17 1.88523e-15 4.5592e-17 2.69555e-16 -0.100285 -0.100285 -0.111337 -0.111337 -0.170646 -0.170646 -0.183968 -0.183968 -0.204917 -0.204917 -0.20556 -0.20556 -0.20707 -0.20707 -0.209218 -0.209218 -0.2122 
1.06061 2.73429e-18 2.73856e-18 0.000632179 0.000632179 0.00574065 0.00574065 0.0275162 0.0275162 0.0596083 0.0596083 3.66738e-18 5.43532e-19 2.28553e-16 3.05674e-18 5.72981e-15 1.05433e-17 3.82407e-16 -0.100285 -0.100285 -0.111337 -0.111337 -0.170646 -0.170646 -0.183968 -0.183968 -0.204917 -0.204917 -0.20556 -0.20556 -0.20707 -0.20707 -0.209218 -0.209218 -0.2122 
1.16162 5.61153e-19 5.60561e-19 0.000407956 0.000407956 0.003742 0.003742 0.0179774 0.0179774 0.0390858 0.0390858 2.201e-18 2.40399e-19 1.02842e-16 6.93236e-19 2.80081e-15 2.79795e-18 1.92363e-16 -0.100285 -0.100285 -0.111337 -0.111337 -0.170646 -0.170646 -0.183968 -0.183968 -0.204917 -0.204917 -0.20556 -0.20556 -0.20707 -0.20707 -0.209218 -0.209218 -0.2122 
1.26263 1.12735e-19 1.13084e-19 0.000262272 0.000262272 0.00242983 0.00242983 0.0117 0.0117 0.0255292 0.0255292 4.42989e-18 5.14066e-19 1.97286e-16 1.68079e-19 5.66653e-15 1.51112e-18 3.17313e-16 -0.100285 -0.100285 -0.111337 -0.111337 -0.170646 -0.170646 -0.183968 -0.183968 -0.204917 -0.204917 -0.20556 -0.20556 -0.20707 -0.20707 -0.209218 -0.209218 -0.2122 
1.36364 2.23773e-20 2.24976e-20 0.000167983 0.000167983 0.00157177 0.00157177 0.00758535 0.00758535 0.0166103 0.0166103 1.85746e-18 2.24283e-19 8.29968e-17 3.51176e-20 2.39417e-15 6.00349e-19 1.15709e-16 -0.100285 -0.100285 -0.111337 -0.111337 -0.170646 -0.170646 -0.183968 -0.183968 -0.204917 -0.204917 -0.20556 -0.20556 -0.20707 -0.20707 -0.209218 -0.209218 -0.2122 
1.46465 4.28968e-21 4.41085e-21 0.000107193 0.000107193 0.00101287 0.00101287 0.00489906 0.00489906 0.0107659 0.0107659 8.84616e-19 9.52742e-20 3.90918e-17 7.46193e-21 1.12189e-15 4.40551e-19 1.68152e-16 -0.100285 -0.100285 -0.111337 -0.111337 -0.170646 -0.170646 -0.183968 -0.183968 -0.204917 -0.204917 -0.20556 -0.20556 -0.20707 -0.20707 -0.209218 -0.209218 -0.2122 
1.56566 8.58956e-22 8.58329e-22 6.81502e-05 6.81502e-05 0.00065026 0.00065026 0.00315215 0.00315215 0.00695131 0.00695131 1.1958e-18 1.29354e-19 5.29434e-17 3.0993e-21 1.53597e-15 5.47333e-19 1.13272e-16 -0.100285 -0.100285 -0.111337 -0.111337 -0.170646 -0.170646 -0.183968 -0.183968 -0.204917 -0.204917 -0.20556 -0.20556 -0.20707 -0.20707 -0.209218 -0.209218 -0.2122 
1.66667 1.68067e-22 1.65759e-22 4.31694e-05 4.31694e-05 0.000415907 0.000415907 0.00202056 0.00202056 0.00447138 0.00447138 5.95484e-19 6.37154e-20 2.60521e-17 1.00642e-21 7.5815e-16 2.83443e-19 4.83027e-17 -0.100285 -0.100285 -0.111337 -0.111337 -0.170646 -0.170646 -0.183968 -0.183968 -0.204917 -0.204917 -0.20556 -0.20556 -0.20707 -0.20707 -0.209218 -0.209218 -0.2122 
1.76768 4.22569e-23 3.41751e-23 2.72462e-05 2.72462e-05 0.000265029 0.000265029 0.00129038 0.00129038 0.0028654 0.0028654 1.53742e-18 1.63527e-19 6.67016e-17 1.27176e-21 1.93906e-15 7.47241e-19 1.39452e-16 -0.100285 -0.100285 -0.111337 -0.111337 -0.170646 -0.170646 -0.183968 -0.183968 -0.204917 -0.204917 -0.20556 -0.20556 -0.20707 -0.20707 -0.209218 -0.209218 -0.2122 
1.86869 8.5931e-24 7.15814e-24 1.71343e-05 1.71343e-05 0.000168263 0.000168263 0.000821019 0.000821019 0.00182941 0.00182941 3.97485e-19 4.23635e-20 1.75034e-17 2.5356e-22 5.10853e-16 1.98714e-19 3.7908e-17 -0.100285 -0.100285 -0.111337 -0.111337 -0.170646 -0.170646 -0.183968 -0.183968 -0.204917 -0.204917 -0.20556 -0.20556 -0.20707 -0.20707 -0.209218 -0.209218 -0.2122 
1.9697 9.32087e-24 1.67323e-24 1.07366e-05 1.07366e-05 0.000106438 0.000106438 0.000520467 0.000520467 0.00116366 0.00116366 1.63841e-18 1.74747e-19 7.1858e-17 1.23829e-21 2.09283e-15 8.03082e-19 1.72836e-16 -0.100285 -0.100285 -0.111337 -0.111337 -0.170646 -0.170646 -0.183968 -0.183968 -0.204917 -0.204917 -0.20556 -0.20556 -0.20707 -0.20707 -0.209218 -0.209218 -0.2122 
2.07071 3.96163e-24 4.62134e-25 6.70375e-06 6.70375e-06 6.70847e-05 6.70848e-05 0.000328736 0.000328736 0.000737471 0.000737471 4.55973e-19 4.86739e-20 1.96852e-17 3.43614e-22 5.72043e-16 2.18999e-19 5.57017e-17 -0.100285 -0.100285 -0.111337 -0.111337 -0.170646 -0.170646 -0.183968 -0.183968 -0.204917 -0.204917 -0.20556 -0.20556 -0.20707 -0.20707 -0.209218 -0.209218 -0.2122 
2.17172 8.20614e-24 2.11832e-25 4.1709e-06 4.1709e-06 4.21292e-05 4.21291e-05 0.000206883 0.000206883 0.000465669 0.000465669 5.39729e-19 5.76574e-20 2.36662e-17 4.21432e-22 6.90405e-16 2.64607e-19 8.06259e-17 -0.100285 -0.100285 -0.111337 -0.111337 -0.170646 -0.170646 -0.183968 -0.183968 -0.204917 -0.204917 -0.20556 -0.20556 -0.20707 -0.20707 -0.209218 -0.209218 -0.2122 
2.27273 4.78804e-24 2.51182e-25 2.58589e-06 2.58589e-06 2.63623e-05 2.63622e-05 0.000129729 0.000129729 0.000292977 0.000292977 1.83201e-18 1.95562e-19 8.00074e-17 1.42895e-21 2.33229e-15 8.94798e-19 2.31269e-16 -0.100285 -0.100285 -0.111337 -0.111337 -0.170646 -0.170646 -0.183968 -0.183968 -0.204917 -0.204917 -0.20556 -0.20556 -0.20707 -0.20707 -0.209218 -0.209218 -0.2122 
2.37374 1.3516e-23 1.68049e-25 1.59761e-06 1.59761e-06 1.64374e-05 1.64374e-05 8.10579e-05 8.10579e-05 0.000183664 0.000183664 2.41717e-18 2.5804e-19 1.05442e-16 1.86705e-21 3.0727e-15 1.17826e-18 2.02897e-16 -0.100285 -0.100285 -0.111337 -0.111337 -0.170646 -0.170646 -0.183968 -0.183968 -0.204917 -0.204917 -0.20556 -0.20556 -0.20707 -0.20707 -0.209218 -0.209218 -0.2122 
2.47475 2.42401e-24 6.46776e-26 9.83602e-07 9.83602e-07 1.02128e-05 1.02128e-05 5.0467e-05 5.0467e-05 0.000114725 0.000114725 2.19206e-18 2.34016e-19 9.57914e-17 1.6794e-21 2.794e-15 1.07206e-18 1.67098e-16 -0.100285 -0.100285 -0.111337 -0.111337 -0.170646 -0.170646 -0.183968 -0.183968 -0.204917 -0.204917 -0.20556 -0.20556 -0.20707 -0.20707 -0.209218 -0.209218 -0.2122 
2.57576 5.37307e-24 1.1872e-25 6.03484e-07 6.03484e-07 6.32306e-06 6.32306e-06 3.131e-05 3.131e-05 7.14081e-05 7.14081e-05 2.9277e-18 3.12414e-19 1.27996e-16 2.22191e-21 3.73231e-15 1.43196e-18 2.68111e-16 -0.100285 -0.100285 -0.111337 -0.111337 -0.170646 -0.170646 -0.183968 -0.183968 -0.204917 -0.204917 -0.20556 -0.20556 -0.20707 -0.20707 -0.209218 -0.209218 -0.2122 
2.67677 1.94086e-24 1.35604e-25 3.68992e-07 3.68992e-07 3.90111e-06 3.90111e-06 1.93568e-05 1.93568e-05 4.42894e-05 4.42894e-05 3.87333e-18 4.13487e-19 1.69222e-16 2.97541e-21 4.93325e-15 1.89205e-18 3.31589e-16 -0.100285 -0.100285 -0.111337 -0.111337 -0.170646 -0.170646 -0.183968 -0.183968 -0.204917 -0.204917 -0.20556 -0.20556 -0.20707 -0.20707 -0.209218 -0.209218 -0.2122 
2.77778 2.95696e-24 8.64721e-26 2.24845e-07 2.24845e-07 2.3985e-06 2.3985e-06 1.19252e-05 1.19252e-05 2.73732e-05 2.73732e-05 2.18505e-18 2.33334e-19 9.55292e-17 1.67275e-21 2.78636e-15 1.06857e-18 1.53187e-16 -0.100285 -0.100285 -0.111337 -0.111337 -0.170646 -0.170646 -0.183968 -0.183968 -0.204917 -0.204917 -0.20556 -0.20556 -0.20707 -0.20707 -0.209218 -0.209218 -0.2122 
2.87879 4.06927e-24 7.1764e-26 1.36544e-07 1.36544e-07 1.46956e-06 1.46956e-06 7.3213e-06 7.3213e-06 1.68591e-05 1.68591e-05 2.61374e-18 2.79089e-19 1.14177e-16 1.9599e-21 3.3283e-15 1.27728e-18 2.24566e-16 -0.100285 -0.100285 -0.111337 -0.111337 -0.170646 -0.170646 -0.183968 -0.183968 -0.204917 -0.204917 -0.20556 -0.20556 -0.20707 -0.20707 -0.209218 -0.209218 -0.2122 
2.9798 6.05176e-24 3.4097e-26 8.26408e-08 8.26408e-08 8.97308e-07 8.97308e-07 4.47933e-06 4.47933e-06 1.03474e-05 1.03474e-05 1.66065e-18 1.77346e-19 7.25665e-17 1.26287e-21 2.11517e-15 8.11655e-19 1.27896e-16 -0.100285 -0.100285 -0.111337 -0.111337 -0.170646 -0.170646 -0.183968 -0.183968 -0.204917 -0.204917 -0.20556 -0.20556 -0.20707 -0.20707 -0.209218 -0.209218 -0.2122 
3.08081 1.9626e-24 1.12451e-26 4.98488e-08 4.98488e-08 5.46024e-07 5.46023e-07 2.73116e-06 2.73116e-06 6.32897e-06 6.32897e-06 8.43404e-19 8.99564e-20 3.68238e-17 6.34474e-22 1.0725e-15 4.1121e-19 7.25682e-17 -0.100285 -0.100285 -0.111337 -0.111337 -0.170646 -0.170646 -0.183968 -0.183968 -0.204917 -0.204917 -0.20556 -0.20556 -0.20707 -0.20707 -0.209218 -0.209218 -0.2122 
3.18182 5.74323e-24 4.82096e-26 2.99684e-08 2.99684e-08 3.31134e-07 3.31134e-07 1.65958e-06 1.65958e-06 3.85782e-06 3.85782e-06 7.58447e-19 8.10361e-20 3.31322e-17 5.78412e-22 9.654e-16 3.70002e-19 1.05673e-16 -0.100285 -0.100285 -0.111337 -0.111337 -0.170646 -0.170646 -0.183968 -0.183968 -0.204917 -0.204917 -0.20556 -0.20556 -0.20707 -0.20707 -0.209218 -0.209218 -0.2122 
3.28283 9.8411e-24 2.15725e-26 1.79567e-08 1.79567e-08 2.00138e-07 2.00138e-07 1.00503e-06 1.00503e-06 2.34352e-06 2.34352e-06 2.48936e-18 2.65893e-19 1.0872e-16 1.89346e-21 3.16701e-15 1.21403e-18 2.41727e-16 -0.100285 -0.100285 -0.111337 -0.111337 -0.170646 -0.170646 -0.183968 -0.183968 -0.204917 -0.204917 -0.20556 -0.20556 -0.20707 -0.20707 -0.209218 -0.209218 -0.2122 
3.38384 9.65385e-24 4.07229e-26 1.07239e-08 1.07239e-08 1.20558e-07 1.20558e-07 6.06584e-07 6.06584e-07 1.4188e-06 1.4188e-06 1.23456e-18 1.31901e-19 5.39032e-17 9.31511e-22 1.56984e-15 6.01728e-19 9.77978e-17 -0.100285 -0.100285 -0.111337 -0.111337 -0.170646 -0.170646 -0.183968 -0.183968 -0.204917 -0.204917 -0.20556 -0.20556 -0.20707 -0.20707 -0.209218 -0.209218 -0.2122 
3.48485 5.53361e-24 2.80623e-26 6.38342e-09 6.38342e-09 7.23793e-08 7.23785e-08 3.64879e-07 3.64878e-07 8.56074e-07 8.56073e-07 1.50242e-18 1.60367e-19 6.55865e-17 1.10176e-21 1.90992e-15 7.33145e-19 1.01368e-16 -0.100285 -0.100285 -0.111337 -0.111337 -0.170646 -0.170646 -0.183968 -0.183968 -0.204917 -0.204917 -0.20556 -0.20556 -0.20707 -0.20707 -0.209218 -0.209218 -0.2122 
3.58586 2.69716e-24 2.44155e-26 3.78732e-09 3.78732e-09 4.33092e-08 4.33093e-08 2.18755e-07 2.18755e-07 5.14806e-07 5.14806e-07 1.02136e-18 1.09031e-19 4.46122e-17 7.92432e-22 1.30009e-15 4.98431e-19 1.21852e-16 -0.100285 -0.100285 -0.111337 -0.111337 -0.170646 -0.170646 -0.183968 -0.183968 -0.204917 -0.204917 -0.20556 -0.20556 -0.20707 -0.20707 -0.209218 -0.209218 -0.2122 
3.68687 4.65587e-24 4.33811e-26 2.23974e-09 2.23975e-09 2.58297e-08 2.58297e-08 1.30716e-07 1.30716e-07 3.08553e-07 3.08553e-07 6.47372e-19 6.92068e-20 2.82807e-17 4.84674e-22 8.24176e-16 3.16091e-19 4.64116e-17 -0.100285 -0.100285 -0.111337 -0.111337 -0.170646 -0.170646 -0.183968 -0.183968 -0.204917 -0.204917 -0.20556 -0.20556 -0.20707 -0.20707 -0.209218 -0.209218 -0.2122 
3.78788 3.42922e-24 3.12808e-26 1.32027e-09 1.32027e-09 1.53545e-08 1.53545e-08 7.78522e-08 7.78522e-08 1.84323e-07 1.84323e-07 1.28907e-18 1.37618e-19 5.63101e-17 9.90571e-22 1.64042e-15 6.29112e-19 1.10502e-16 -0.100285 -0.100285 -0.111337 -0.111337 -0.170646 -0.170646 -0.183968 -0.183968 -0.204917 -0.204917 -0.20556 -0.20556 -0.20707 -0.20707 -0.209218 -0.209218 -0.2122 
3.88889 6.65364e-24 1.1836e-26 7.75774e-10 7.75776e-10 9.09814e-09 9.0978e-09 4.62164e-08 4.62163e-08 1.0975e-07 1.0975e-07 3.19475e-18 3.41167e-19 1.39585e-16 2.40926e-21 4.0658e-15 1.55979e-18 2.61498e-16 -0.100285 -0.100285 -0.111337 -0.111337 -0.170646 -0.170646 -0.183968 -0.183968 -0.204917 -0.204917 -0.20556 -0.20556 -0.20707 -0.20707 -0.209218 -0.209218 -0.2122 
3.9899 6.51876e-24 2.7464e-26 4.5439e-10 4.5439e-10 5.37307e-09 5.37328e-09 2.73475e-08 2.73475e-08 6.51355e-08 6.51355e-08 1.50201e-18 1.60447e-19 6.56158e-17 1.126e-21 1.91189e-15 7.33028e-19 1.0521e-16 -0.100285 -0.100285 -0.111337 -0.111337 -0.170646 -0.170646 -0.183968 -0.183968 -0.204917 -0.204917 -0.20556 -0.20556 -0.20707 -0.20707 -0.209218 -0.209218 -0.2122 
4.09091 6.37132e-24 2.51542e-26 2.65315e-10 2.65315e-10 3.16345e-09 3.16346e-09 1.61307e-08 1.61307e-08 3.85336e-08 3.85336e-08 2.40097e-18 2.56229e-19 1.04869e-16 1.8084e-21 3.05524e-15 1.17147e-18 1.74473e-16 -0.100285 -0.100285 -0.111337 -0.111337 -0.170646 -0.170646 -0.183968 -0.183968 -0.204917 -0.204917 -0.20556 -0.20556 -0.20707 -0.20707 -0.209218 -0.209218 -0.2122 
4.19192 6.50067e-24 5.74704e-26 1.5444e-10 1.54438e-10 1.85657e-09 1.85666e-09 9.4849e-09 9.48492e-09 2.27246e-08 2.27246e-08 3.26571e-18 3.4858e-19 1.42662e-16 2.46518e-21 4.15744e-15 1.59455e-18 1.87646e-16 -0.100285 -0.100285 -0.111337 -0.111337 -0.170646 -0.170646 -0.183968 -0.183968 -0.204917 -0.204917 -0.20556 -0.20556 -0.20707 -0.20707 -0.209218 -0.209218 -0.2122 
4.29293 3.85147e-24 3.50488e-26 8.96321e-11 8.96329e-11 1.08638e-09 1.0864e-09 5.56025e-09 5.56024e-09 1.33607e-08 1.33607e-08 1.41756e-18 1.51402e-19 6.19893e-17 1.07738e-21 1.80763e-15 6.93326e-19 1.08463e-16 -0.100285 -0.100285 -0.111337 -0.111337 -0.170646 -0.170646 -0.183968 -0.183968 -0.204917 -0.204917 -0.20556 -0.20556 -0.20707 -0.20707 -0.209218 -0.209218 -0.2122 
4.39394 1.80941e-24 4.27417e-26 5.18723e-11 5.18727e-11 6.33855e-10 6.33863e-10 3.25014e-09 3.25014e-09 7.83254e-09 7.83254e-09 2.14162e-18 2.28832e-19 9.36353e-17 1.63432e-21 2.72975e-15 1.04616e-18 1.33754e-16 -0.100285 -0.100285 -0.111337 -0.111337 -0.170646 -0.170646 -0.183968 -0.183968 -0.204917 -0.204917 -0.20556 -0.20556 -0.20707 -0.20707 -0.209218 -0.209218 -0.2122 
4.49495 1.69975e-24 3.6504e-27 2.99421e-11 2.99428e-11 3.68918e-10 3.68859e-10 1.89481e-09 1.8948e-09 4.57956e-09 4.57955e-09 1.78734e-18 1.90886e-19 7.81057e-17 1.38236e-21 2.27737e-15 8.72935e-19 8.35183e-17 -0.100285 -0.100285 -0.111337 -0.111337 -0.170646 -0.170646 -0.183968 -0.183968 -0.204917 -0.204917 -0.20556 -0.20556 -0.20707 -0.20707 -0.209218 -0.209218 -0.2122 
4.59596 2.76764e-24 1.36557e-26 1.7246e-11 1.7246e-11 2.14139e-10 2.14173e-10 1.1022e-09 1.10221e-09 2.6716e-09 2.67161e-09 2.42808e-18 2.59132e-19 1.06107e-16 1.87598e-21 3.09216e-15 1.1858e-18 1.53896e-16 -0.100285 -0.100285 -0.111337 -0.111337 -0.170646 -0.170646 -0.183968 -0.183968 -0.204917 -0.204917 -0.20556 -0.20556 -0.20707 -0.20707 -0.209218 -0.209218 -0.2122 
4.69697 1.83842e-24 9.96194e-26 9.91894e-12 9.91915e-12 1.24181e-10 1.2417e-10 6.40176e-10 6.40181e-10 1.55615e-09 1.55616e-09 7.20798e-19 7.69702e-20 3.15318e-17 5.6494e-22 9.19176e-16 3.52492e-19 8.35413e-17 -0.100285 -0.100285 -0.111337 -0.111337 -0.170646 -0.170646 -0.183968 -0.183968 -0.204917 -0.204917 -0.20556 -0.20556 -0.20707 -0.20707 -0.209218 -0.209218 -0.2122 
4.79798 4.544e-24 2.03121e-26 5.70374e-12 5.70376e-12 7.19621e-11 7.1969e-11 3.71712e-10 3.71715e-10 9.06121e-10 9.06128e-10 1.46688e-18 1.56584e-19 6.40863e-17 1.11924e-21 1.86746e-15 7.15971e-19 1.14908e-16 -0.100285 -0.100285 -0.111337 -0.111337 -0.170646 -0.170646 -0.183968 -0.183968 -0.204917 -0.204917 -0.20556 -0.20556 -0.20707 -0.20707 -0.209218 -0.209218 -0.2122 
4.89899 2.48272e-24 4.91223e-26 3.2864e-12 3.28666e-12 4.17881e-11 4.17897e-11 2.16218e-10 2.16218e-10 5.28535e-10 5.28534e-10 2.70909e-18 2.89198e-19 1.1831e-16 2.04068e-21 3.44668e-15 1.32189e-18 1.99836e-16 -0.100285 -0.100285 -0.111337 -0.111337 -0.170646 -0.170646 -0.183968 -0.183968 -0.204917 -0.204917 -0.20556 -0.20556 -0.20707 -0.20707 -0.209218 -0.209218 -0.2122 
5 3.07817e-24 3.95513e-26 1.90454e-12 1.90464e-12 2.43938e-11 2.43987e-11 1.2645e-10 1.26451e-10 3.09923e-10 3.09926e-10 2.89745e-18 3.09244e-19 1.26545e-16 2.15097e-21 3.68628e-15 1.41289e-18 1.91798e-16 -0.100285 -0.100285 -0.111337 -0.111337 -0.170646 -0.170646 -0.183968 -0.183968 -0.204917 -0.204917 -0.20556 -0.20556 -0.20707 -0.20707 -0.209218 -0.209218 -0.2122 
5 3.07817e-24 3.95513e-26 1.90454e-12 1.90464e-12 2.43938e-11 2.43987e-11 1.2645e-10 1.26451e-10 3.09923e-10 3.09926e-10 2.89745e-18 3.09244e-19 1.26545e-16 2.15097e-21 3.68628e-15 1.41289e-18 1.91798e-16 -0.100285 -0.100285 -0.111337 -0.111337 -0.170646 -0.170646 -0.183968 -0.183968 -0.204917 -0.204917 -0.20556 -0.20556 -0.20707 -0.20707 -0.209218 -0.209218 -0.2122 
5.10263 4.15846e-24 7.89779e-26 1.00568e-12 1.00571e-12 1.29909e-11 1.29933e-11 6.74697e-11 6.74706e-11 1.65867e-10 1.65869e-10 1.56081e-18 1.66543e-19 6.81383e-17 1.1605e-21 1.98485e-15 7.61433e-19 1.29373e-16 -0.100285 -0.100285 -0.111337 -0.111337 -0.170646 -0.170646 -0.183968 -0.183968 -0.204917 -0.204917 -0.20556 -0.20556 -0.20707 -0.20707 -0.209218 -0.209218 -0.2122 
5.21 3.88895e-24 1.09676e-25 5.15474e-13 5.15479e-13 6.70698e-12 6.7194e-12 3.49616e-11 3.49629e-11 8.62231e-11 8.6225e-11 5.60576e-19 5.98324e-20 2.44801e-17 4.13352e-22 7.12798e-16 2.73333e-19 5.689e-17 -0.100285 -0.100285 -0.111337 -0.111337 -0.170646 -0.170646 -0.183968 -0.183968 -0.204917 -0.204917 -0.20556 -0.20556 -0.20707 -0.20707 -0.209218 -0.209218 -0.2122 
5.32233 4.7316e-24 4.02256e-26 2.56106e-13 2.5612e-13 3.3716e-12 3.36969e-12 1.75699e-11 1.75707e-11 4.34757e-11 4.34781e-11 1.54542e-18 1.6492e-19 6.74846e-17 1.14917e-21 1.96603e-15 7.53683e-19 1.03455e-16 -0.100285 -0.100285 -0.111337 -0.111337 -0.170646 -0.170646 -0.183968 -0.183968 -0.204917 -0.204917 -0.20556 -0.20556 -0.20707 -0.20707 -0.209218 -0.209218 -0.2122 
5.43984 5.53452e-24 7.36431e-26 1.23155e-13 1.2315e-13 1.64399e-12 1.6363e-12 8.55077e-12 8.55071e-12 2.12324e-11 2.12331e-11 1.06364e-18 1.13605e-19 4.64554e-17 7.78729e-22 1.35334e-15 5.18518e-19 9.46509e-17 -0.100285 -0.100285 -0.111337 -0.111337 -0.170646 -0.170646 -0.183968 -0.183968 -0.204917 -0.204917 -0.20556 -0.20556 -0.20707 -0.20707 -0.209218 -0.209218 -0.2122 
5.56279 6.23268e-24 5.55475e-26 5.72312e-14 5.72474e-14 7.69256e-13 7.68217e-13 4.02373e-12 4.02367e-12 1.00279e-11 1.00279e-11 5.35383e-19 5.7108e-20 2.33892e-17 4.14201e-22 6.81149e-16 2.61296e-19 8.07152e-17 -0.100285 -0.100285 -0.111337 -0.111337 -0.170646 -0.170646 -0.183968 -0.183968 -0.204917 -0.204917 -0.20556 -0.20556 -0.20707 -0.20707 -0.209218 -0.209218 -0.2122 
5.69141 9.01692e-25 1.20249e-25 2.5659e-14 2.5658e-14 3.50198e-13 3.48137e-13 1.8279e-12 1.82791e-12 4.57299e-12 4.57321e-12 1.63058e-18 1.73988e-19 7.11796e-17 1.22086e-21 2.07261e-15 7.94654e-19 1.70273e-16 -0.100285 -0.100285 -0.111337 -0.111337 -0.170646 -0.170646 -0.183968 -0.183968 -0.204917 -0.204917 -0.20556 -0.20556 -0.20707 -0.20707 -0.209218 -0.209218 -0.2122 
5.82597 7.22506e-24 1.50118e-26 1.108e-14 1.108e-14 1.52262e-13 1.52028e-13 8.00256e-13 8.00284e-13 2.01009e-12 2.0102e-12 9.87798e-19 1.05389e-19 4.31273e-17 7.43432e-22 1.25543e-15 4.8162e-19 1.05211e-16 -0.100285 -0.100285 -0.111337 -0.111337 -0.170646 -0.170646 -0.183968 -0.183968 -0.204917 -0.204917 -0.20556 -0.20556 -0.20707 -0.20707 -0.209218 -0.209218 -0.2122 
5.96675 8.52858e-24 6.78275e-26 4.59958e-15 4.5966e-15 6.46611e-14 6.38602e-14 3.37056e-13 3.36983e-13 8.50202e-13 8.50111e-13 5.30153e-19 5.66276e-20 2.31646e-17 3.97419e-22 6.74889e-16 2.58613e-19 7.61574e-17 -0.100285 -0.100285 -0.111337 -0.111337 -0.170646 -0.170646 -0.183968 -0.183968 -0.204917 -0.204917 -0.20556 -0.20556 -0.20707 -0.20707 -0.209218 -0.209218 -0.2122 
6.11402 2.09863e-24 1.04441e-25 1.83223e-15 1.83085e-15 2.56247e-14 2.57544e-14 1.36308e-13 1.36338e-13 3.45352e-13 3.45409e-13 9.55449e-19 1.01997e-19 4.17274e-17 7.06551e-22 1.2155e-15 4.66432e-19 6.68147e-17 -0.100285 -0.100285 -0.111337 -0.111337 -0.170646 -0.170646 -0.183968 -0.183968 -0.204917 -0.204917 -0.20556 -0.20556 -0.20707 -0.20707 -0.209218 -0.209218 -0.2122 
6.2681 9.53388e-24 1.96409e-26 6.98895e-16 6.9624e-16 1.00895e-14 9.95236e-15 5.28308e-14 5.28836e-14 1.34476e-13 1.34615e-13 1.1174e-18 1.19219e-19 4.88253e-17 8.39682e-22 1.42198e-15 5.45735e-19 1.38328e-16 -0.100285 -0.100285 -0.111337 -0.111337 -0.170646 -0.170646 -0.183968 -0.183968 -0.204917 -0.204917 -0.20556 -0.20556 -0.20707 -0.20707 -0.209218 -0.209218 -0.2122 
6.4293 6.8774e-24 9.17544e-26 2.54752e-16 2.55235e-16 3.74858e-15 3.67746e-15 1.95821e-14 1.95886e-14 5.0085e-14 5.01083e-14 6.47715e-19 6.91643e-20 2.82946e-17 4.85046e-22 8.24148e-16 3.16304e-19 5.28156e-17 -0.100285 -0.100285 -0.111337 -0.111337 -0.170646 -0.170646 -0.183968 -0.183968 -0.204917 -0.204917 -0.20556 -0.20556 -0.20707 -0.20707 -0.209218 -0.209218 -0.2122 
6.59794 1.66999e-24 3.241e-26 8.85472e-17 8.89929e-17 1.31929e-15 1.29646e-15 6.92574e-15 6.92838e-15 1.78049e-14 1.78142e-14 3.96982e-19 4.23915e-20 1.73385e-17 2.91712e-22 5.05113e-16 1.93331e-19 4.31328e-17 -0.100285 -0.100285 -0.111337 -0.111337 -0.170646 -0.170646 -0.183968 -0.183968 -0.204917 -0.204917 -0.20556 -0.20556 -0.20707 -0.20707 -0.209218 -0.209218 -0.2122 
6.77437 3.72114e-24 1.07719e-25 2.92722e-17 2.88501e-17 4.4455e-16 4.35066e-16 2.33185e-15 2.32716e-15 6.02737e-15 6.0159e-15 1.29696e-18 1.3848e-19 5.66303e-17 9.55273e-22 1.64953e-15 6.32551e-19 1.34534e-16 -0.100285 -0.100285 -0.111337 -0.111337 -0.170646 -0.170646 -0.183968 -0.183968 -0.204917 -0.204917 -0.20556 -0.20556 -0.20707 -0.20707 -0.209218 -0.209218 -0.2122 
6.95894 9.48876e-24 2.87688e-26 9.1819e-18 9.44945e-18 2.13336e-16 1.38629e-16 7.46335e-16 7.4552e-16 1.94e-15 1.94491e-15 2.2704e-18 2.42395e-19 9.91437e-17 1.67751e-21 2.88811e-15 1.10816e-18 1.34452e-16 -0.100285 -0.100285 -0.111337 -0.111337 -0.170646 -0.170646 -0.183968 -0.183968 -0.204917 -0.204917 -0.20556 -0.20556 -0.20707 -0.20707 -0.209218 -0.209218 -0.2122 
7.15204 3.21138e-24 6.49496e-26 2.72388e-18 2.64055e-18 5.11663e-17 4.18368e-17 2.25803e-16 2.27345e-16 5.90486e-16 5.93428e-16 1.04072e-18 1.11135e-19 4.54168e-17 7.69785e-22 1.32234e-15 5.07068e-19 8.82112e-17 -0.100285 -0.100285 -0.111337 -0.111337 -0.170646 -0.170646 -0.183968 -0.183968 -0.204917 -0.204917 -0.20556 -0.20556 -0.20707 -0.20707 -0.209218 -0.209218 -0.2122 
7.35406 1.96007e-24 4.52029e-26 7.63532e-19 8.31631e-19 1.73897e-17 1.19239e-17 6.45477e-17 6.64055e-17 1.69736e-16 1.73363e-16 1.52785e-18 1.63156e-19 6.6741e-17 1.1237e-21 1.94403e-15 7.45577e-19 1.78413e-16 -0.100285 -0.100285 -0.111337 -0.111337 -0.170646 -0.170646 -0.183968 -0.183968 -0.204917 -0.204917 -0.20556 -0.20556 -0.20707 -0.20707 -0.209218 -0.209218 -0.2122 
7.56541 2.88149e-25 6.85171e-26 2.01514e-19 2.13888e-19 1.29001e-17 3.20042e-18 1.74072e-17 1.79991e-17 4.60158e-17 4.72894e-17 1.52327e-18 1.62582e-19 6.6502e-17 1.1273e-21 1.93629e-15 7.42466e-19 1.03449e-16 -0.100285 -0.100285 -0.111337 -0.111337 -0.170646 -0.170646 -0.183968 -0.183968 -0.204917 -0.204917 -0.20556 -0.20556 -0.20707 -0.20707 -0.209218 -0.209218 -0.2122 
7.78652 2.36473e-24 1.99331e-26 4.95592e-20 7.78642e-20 1.62885e-17 8.05917e-19 4.39249e-18 4.57983e-18 1.17157e-17 1.18565e-17 1.77472e-18 1.89528e-19 7.75295e-17 1.30826e-21 2.25751e-15 8.65203e-19 1.65713e-16 -0.100285 -0.100285 -0.111337 -0.111337 -0.170646 -0.170646 -0.183968 -0.183968 -0.204917 -0.204917 -0.20556 -0.20556 -0.20707 -0.20707 -0.209218 -0.209218 -0.2122 
8.01784 2.46278e-24 7.30228e-26 1.15673e-20 2.73689e-20 2.5532e-17 1.90023e-19 1.06208e-18 1.33659e-18 2.84138e-18 3.48378e-18 1.59886e-18 1.70657e-19 6.98262e-17 1.17589e-21 2.03337e-15 7.79574e-19 1.54795e-16 -0.100285 -0.100285 -0.111337 -0.111337 -0.170646 -0.170646 -0.183968 -0.183968 -0.204917 -0.204917 -0.20556 -0.20556 -0.20707 -0.20707 -0.209218 -0.209218 -0.2122 
8.25984 2.90974e-24 2.44587e-26 2.44689e-21 2.34996e-20 1.8311e-17 4.17661e-20 2.20709e-19 3.07668e-19 6.02605e-19 5.1706e-19 3.13646e-18 3.34822e-19 1.36978e-16 2.32069e-21 3.98981e-15 1.52949e-18 3.61959e-16 -0.100285 -0.100285 -0.111337 -0.111337 -0.170646 -0.170646 -0.183968 -0.183968 -0.204917 -0.204917 -0.20556 -0.20556 -0.20707 -0.20707 -0.209218 -0.209218 -0.2122 
8.51303 5.94238e-24 6.5289e-26 4.98843e-22 2.28311e-20 1.98316e-17 8.56805e-21 5.37365e-20 1.62471e-19 1.47358e-19 2.78624e-19 2.4428e-18 2.60856e-19 1.0671e-16 1.79948e-21 3.10841e-15 1.19235e-18 2.38067e-16 -0.100285 -0.100285 -0.111337 -0.111337 -0.170646 -0.170646 -0.183968 -0.183968 -0.204917 -0.204917 -0.20556 -0.20556 -0.20707 -0.20707 -0.209218 -0.209218 -0.2122 
8.7779 9.15684e-24 4.74995e-26 8.84125e-23 4.27402e-20 1.6603e-17 1.60693e-21 9.68675e-21 9.81509e-20 2.53027e-20 7.0894e-20 8.9807e-19 9.59248e-20 3.924e-17 6.60572e-22 1.14324e-15 4.38292e-19 9.67774e-17 -0.100285 -0.100285 -0.111337 -0.111337 -0.170646 -0.170646 -0.183968 -0.183968 -0.204917 -0.204917 -0.20556 -0.20556 -0.20707 -0.20707 -0.209218 -0.209218 -0.2122 
9.05501 3.79624e-24 6.14143e-26 1.79052e-23 1.87341e-20 5.09614e-18 2.75018e-22 1.9289e-21 3.10106e-20 4.26774e-21 2.57592e-20 1.73942e-18 1.85731e-19 7.5963e-17 1.28307e-21 2.21281e-15 8.48304e-19 1.65796e-16 -0.100285 -0.100285 -0.111337 -0.111337 -0.170646 -0.170646 -0.183968 -0.183968 -0.204917 -0.204917 -0.20556 -0.20556 -0.20707 -0.20707 -0.209218 -0.209218 -0.2122 
9.34491 5.09231e-24 4.09792e-26 1.9631e-24 1.98049e-20 8.35499e-18 4.19886e-23 7.54993e-22 5.23475e-20 1.38591e-21 4.76026e-20 8.14336e-19 8.69113e-20 3.55838e-17 6.03648e-22 1.03672e-15 3.97876e-19 5.3964e-17 -0.100285 -0.100285 -0.111337 -0.111337 -0.170646 -0.170646 -0.183968 -0.183968 -0.204917 -0.204917 -0.20556 -0.20556 -0.20707 -0.20707 -0.209218 -0.209218 -0.2122 
9.6482 5.15194e-24 2.05364e-26 7.61279e-25 1.42074e-20 2.02559e-17 5.00064e-24 1.50641e-21 1.22857e-19 2.32011e-21 1.07842e-19 3.23345e-19 3.45472e-20 1.41232e-17 2.40586e-22 4.11478e-16 1.57623e-19 4.7628e-17 -0.100285 -0.100285 -0.111337 -0.111337 -0.170646 -0.170646 -0.183968 -0.183968 -0.204917 -0.204917 -0.20556 -0.20556 -0.20707 -0.20707 -0.209218 -0.209218 -0.2122 
9.9655 2.70404e-24 4.49321e-26 1.46358e-25 1.15293e-20 8.56292e-18 7.66124e-25 5.07963e-22 5.05881e-20 8.37382e-22 4.44308e-20 3.17846e-19 3.39273e-20 1.38973e-17 2.37043e-22 4.04976e-16 1.55538e-19 3.10137e-17 -0.100285 -0.100285 -0.111337 -0.111337 -0.170646 -0.170646 -0.183968 -0.183968 -0.204917 -0.204917 -0.20556 -0.20556 -0.20707 -0.20707 -0.209218 -0.209218 -0.2122 
10.2975 2.42857e-24 6.71359e-26 1.88801e-25 8.53333e-21 1.56384e-17 2.03938e-25 9.64304e-22 9.30665e-20 1.48044e-21 8.00042e-20 6.55609e-19 6.99593e-20 2.86537e-17 4.84861e-22 8.35076e-16 3.20535e-19 5.60606e-17 -0.100285 -0.100285 -0.111337 -0.111337 -0.170646 -0.170646 -0.183968 -0.183968 -0.204917 -0.204917 -0.20556 -0.20556 -0.20707 -0.20707 -0.209218 -0.209218 -0.2122 
10.6447 2.26534e-24 2.98767e-26 2.3011e-25 9.97889e-21 1.21887e-17 3.14166e-25 6.43302e-22 7.13026e-20 1.28025e-21 6.27077e-20 2.34116e-18 2.49841e-19 1.02274e-16 1.73337e-21 2.9795e-15 1.14351e-18 1.32424e-16 -0.100285 -0.100285 -0.111337 -0.111337 -0.170646 -0.170646 -0.183968 -0.183968 -0.204917 -0.204917 -0.20556 -0.20556 -0.20707 -0.20707 -0.209218 -0.209218 -0.2122 
11.0081 3.59703e-24 3.20169e-26 1.28793e-25 1.27099e-20 8.02128e-18 1.51725e-25 4.83124e-22 4.7204e-20 8.76449e-22 4.10261e-20 2.21344e-18 2.36278e-19 9.67311e-17 1.63505e-21 2.81873e-15 1.08199e-18 1.41432e-16 -0.100285 -0.100285 -0.111337 -0.111337 -0.170646 -0.170646 -0.183968 -0.183968 -0.204917 -0.204917 -0.20556 -0.20556 -0.20707 -0.20707 -0.209218 -0.209218 -0.2122 
11.3882 2.15657e-24 3.65924e-26 2.11552e-25 9.98146e-21 6.52009e-18 3.26442e-25 3.66845e-22 3.80788e-20 7.35437e-22 3.32003e-20 1.11948e-18 1.1948e-19 4.89087e-17 8.25901e-22 1.4252e-15 5.46789e-19 6.24914e-17 -0.100285 -0.100285 -0.111337 -0.111337 -0.170646 -0.170646 -0.183968 -0.183968 -0.204917 -0.204917 -0.20556 -0.20556 -0.20707 -0.20707 -0.209218 -0.209218 -0.2122 
11.7858 2.96248e-24 4.90302e-26 1.41804e-25 7.73437e-21 1.27075e-17 8.69572e-26 8.58819e-22 7.57052e-20 1.32567e-21 6.38245e-20 4.85412e-19 5.18044e-20 2.11963e-17 3.56862e-22 6.17474e-16 2.36896e-19 5.36174e-17 -0.100285 -0.100285 -0.111337 -0.111337 -0.170646 -0.170646 -0.183968 -0.183968 -0.204917 -0.204917 -0.20556 -0.20556 -0.20707 -0.20707 -0.209218 -0.209218 -0.2122 
12.2018 3.23496e-24 2.0802e-26 8.20981e-26 1.16003e-20 1.42246e-17 1.80472e-25 8.89083e-22 8.44353e-20 1.36544e-21 7.23974e-20 4.4713e-19 4.77756e-20 1.95399e-17 3.30193e-22 5.69353e-16 2.18295e-19 6.82179e-17 -0.100285 -0.100285 -0.111337 -0.111337 -0.170646 -0.170646 -0.183968 -0.183968 -0.204917 -0.204917 -0.20556 -0.20556 -0.20707 -0.20707 -0.209218 -0.209218 -0.2122 
12.6371 2.51195e-24 2.01424e-26 9.31167e-26 8.81242e-21 8.35836e-18 1.58141e-25 4.84163e-22 4.92191e-20 8.26744e-22 4.28319e-20 6.01343e-19 6.41724e-20 2.62654e-17 4.4964e-22 7.65378e-16 2.93619e-19 5.06826e-17 -0.100285 -0.100285 -0.111337 -0.111337 -0.170646 -0.170646 -0.183968 -0.183968 -0.204917 -0.204917 -0.20556 -0.20556 -0.20707 -0.20707 -0.209218 -0.209218 -0.2122 
13.0924 2.85173e-24 5.15753e-26 1.05754e-25 1.38919e-20 8.1385e-18 8.64973e-26 6.65602e-22 4.98367e-20 7.88994e-22 4.15206e-20 5.99441e-19 6.40383e-20 2.62012e-17 4.47543e-22 7.63621e-16 2.92866e-19 7.67776e-17 -0.100285 -0.100285 -0.111337 -0.111337 -0.170646 -0.170646 -0.183968 -0.183968 -0.204917 -0.204917 -0.20556 -0.20556 -0.20707 -0.20707 -0.209218 -0.209218 -0.2122 
13.5688 1.72287e-24 5.14219e-27 1.60578e-26 6.78532e-21 9.55548e-18 5.7632e-26 7.75773e-22 5.82949e-20 1.02232e-21 4.83303e-20 2.17943e-19 2.32947e-20 9.52634e-18 1.6037e-22 2.77565e-16 1.06466e-19 2.7313e-17 -0.100285 -0.100285 -0.111337 -0.111337 -0.170646 -0.170646 -0.183968 -0.183968 -0.204917 -0.204917 -0.20556 -0.20556 -0.20707 -0.20707 -0.209218 -0.209218 -0.2122 
14.0672 2.91946e-24 3.93086e-26 8.69913e-26 1.32256e-20 7.35551e-18 1.37501e-25 4.97646e-22 4.39574e-20 7.25346e-22 3.80349e-20 4.50696e-19 4.81015e-20 1.96905e-17 3.3012e-22 5.73767e-16 2.20049e-19 3.36238e-17 -0.100285 -0.100285 -0.111337 -0.111337 -0.170646 -0.170646 -0.183968 -0.183968 -0.204917 -0.204917 -0.20556 -0.20556 -0.20707 -0.20707 -0.209218 -0.209218 -0.2122 
14.5885 1.95079e-24 2.85184e-26 3.21401e-26 6.2216e-21 8.44439e-18 4.98987e-26 5.80125e-22 5.07718e-20 8.3009e-22 4.36549e-20 4.63879e-19 4.94843e-20 2.02519e-17 3.45585e-22 5.9019e-16 2.26344e-19 4.84715e-17 -0.100285 -0.100285 -0.111337 -0.111337 -0.170646 -0.170646 -0.183968 -0.183968 -0.204917 -0.204917 -0.20556 -0.20556 -0.20707 -0.20707 -0.209218 -0.209218 -0.2122 
15.134 5.28726e-24 4.51634e-26 9.41394e-26 1.78704e-20 4.37651e-18 2.40223e-25 3.0126e-22 2.6267e-20 4.51064e-22 2.31496e-20 1.28541e-18 1.37213e-19 5.61223e-17 9.5281e-22 1.63505e-15 6.27331e-19 9.50327e-17 -0.100285 -0.100285 -0.111337 -0.111337 -0.170646 -0.170646 -0.183968 -0.183968 -0.204917 -0.204917 -0.20556 -0.20556 -0.20707 -0.20707 -0.209218 -0.209218 -0.2122 
15.7046 7.21864e-24 1.02229e-25 1.55324e-25 3.60357e-20 1.10671e-17 3.15345e-25 7.20919e-22 6.56805e-20 1.02385e-21 5.67148e-20 6.81956e-19 7.2803e-20 2.98023e-17 5.08464e-22 8.68455e-16 3.33165e-19 5.8534e-17 -0.100285 -0.100285 -0.111337 -0.111337 -0.170646 -0.170646 -0.183968 -0.183968 -0.204917 -0.204917 -0.20556 -0.20556 -0.20707 -0.20707 -0.209218 -0.209218 -0.2122 
16.3017 4.00937e-24 2.03625e-26 8.21757e-26 1.21779e-20 1.2485e-17 1.25835e-25 1.05775e-21 7.70504e-20 1.17701e-21 6.36076e-20 1.33776e-18 1.42861e-19 5.84687e-17 1.0029e-21 1.70419e-15 6.53611e-19 1.80172e-16 -0.100285 -0.100285 -0.111337 -0.111337 -0.170646 -0.170646 -0.183968 -0.183968 -0.204917 -0.204917 -0.20556 -0.20556 -0.20707 -0.20707 -0.209218 -0.209218 -0.2122 
16.9262 1.78294e-24 3.44523e-26 1.3007e-25 8.13948e-21 1.85895e-17 2.33749e-25 1.47596e-21 1.13882e-19 1.6649e-21 9.51331e-20 1.41005e-18 1.50542e-19 6.16283e-17 1.05496e-21 1.79628e-15 6.88655e-19 1.85334e-16 -0.100285 -0.100285 -0.111337 -0.111337 -0.170646 -0.170646 -0.183968 -0.183968 -0.204917 -0.204917 -0.20556 -0.20556 -0.20707 -0.20707 -0.209218 -0.209218 -0.2122 
17.5797 8.51651e-24 4.31826e-26 8.32131e-26 3.39931e-20 1.86323e-17 2.6793e-25 1.37889e-21 1.13007e-19 1.8137e-21 9.59528e-20 1.55863e-18 1.66395e-19 6.80605e-17 1.15956e-21 1.98292e-15 7.60216e-19 1.33147e-16 -0.100285 -0.100285 -0.111337 -0.111337 -0.170646 -0.170646 -0.183968 -0.183968 -0.204917 -0.204917 -0.20556 -0.20556 -0.20707 -0.20707 -0.209218 -0.209218 -0.2122 
18.2633 6.8749e-24 3.60421e-26 3.35758e-26 3.15896e-20 2.23944e-17 2.4602e-25 1.55669e-21 1.34298e-19 2.42789e-21 1.1533e-19 1.18152e-18 1.26136e-19 5.15875e-17 8.72516e-22 1.50283e-15 5.76561e-19 6.9219e-17 -0.100285 -0.100285 -0.111337 -0.111337 -0.170646 -0.170646 -0.183968 -0.183968 -0.204917 -0.204917 -0.20556 -0.20556 -0.20707 -0.20707 -0.209218 -0.209218 -0.2122 
18.9784 1.02512e-24 4.08287e-26 7.76963e-26 6.65694e-21 1.1359e-17 1.95502e-25 9.21538e-22 6.94744e-20 1.26384e-21 5.91685e-20 1.93599e-19 2.0682e-20 8.45863e-18 1.45008e-22 2.46507e-16 9.4606e-20 2.92959e-17 -0.100285 -0.100285 -0.111337 -0.111337 -0.170646 -0.170646 -0.183968 -0.183968 -0.204917 -0.204917 -0.20556 -0.20556 -0.20707 -0.20707 -0.209218 -0.209218 -0.2122 
19.7266 6.45618e-25 9.85305e-26 1.13768e-25 2.3407e-21 5.82831e-18 1.38233e-25 4.25624e-22 3.50842e-20 6.06743e-22 2.99394e-20 2.21983e-19 2.37029e-20 9.69713e-18 1.64024e-22 2.82594e-16 1.08436e-19 2.14595e-17 -0.100285 -0.100285 -0.111337 -0.111337 -0.170646 -0.170646 -0.183968 -0.183968 -0.204917 -0.204917 -0.20556 -0.20556 -0.20707 -0.20707 -0.209218 -0.209218 -0.2122 
20.5094 1.49118e-24 3.33754e-26 7.27169e-26 4.01097e-21 2.49706e-18 1.65354e-25 1.61046e-22 1.49437e-20 2.32643e-22 1.28947e-20 1.29848e-19 1.38612e-20 5.66918e-18 9.82341e-23 1.65179e-16 6.33533e-20 1.23125e-17 -0.100285 -0.100285 -0.111337 -0.111337 -0.170646 -0.170646 -0.183968 -0.183968 -0.204917 -0.204917 -0.20556 -0.20556 -0.20707 -0.20707 -0.209218 -0.209218 -0.2122 
21.3283 1.54379e-24 9.07072e-26 9.88696e-26 5.63754e-21 8.8095e-18 1.7408e-25 4.93636e-22 5.18626e-20 8.49099e-22 4.52468e-20 2.28036e-19 2.43341e-20 9.95789e-18 1.66195e-22 2.90053e-16 1.11387e-19 1.45484e-17 -0.100285 -0.100285 -0.111337 -0.111337 -0.170646 -0.170646 -0.183968 -0.183968 -0.204917 -0.204917 -0.20556 -0.20556 -0.20707 -0.20707 -0.209218 -0.209218 -0.2122 
22.185 1.0356e-24 2.00254e-26 9.53439e-26 3.18035e-21 1.00633e-18 1.54305e-25 5.28554e-23 5.94793e-21 7.22594e-23 4.76277e-21 5.31979e-19 5.6818e-20 2.32456e-17 3.94519e-22 6.77259e-16 2.59803e-19 5.09389e-17 -0.100285 -0.100285 -0.111337 -0.111337 -0.170646 -0.170646 -0.183968 -0.183968 -0.204917 -0.204917 -0.20556 -0.20556 -0.20707 -0.20707 -0.209218 -0.209218 -0.2122 
23.0813 1.6795e-24 7.90303e-26 7.82757e-26 4.98904e-21 4.25727e-18 1.07643e-25 2.53577e-22 2.49306e-20 3.97893e-22 2.12859e-20 1.67119e-19 1.78651e-20 7.30431e-18 1.22414e-22 2.12876e-16 8.16959e-20 3.16041e-17 -0.100285 -0.100285 -0.111337 -0.111337 -0.170646 -0.170646 -0.183968 -0.183968 -0.204917 -0.204917 -0.20556 -0.20556 -0.20707 -0.20707 -0.209218 -0.209218 -0.2122 
24.019 2.64592e-24 4.43729e-26 1.46463e-24 8.8039e-21 7.7145e-18 2.31405e-25 5.71743e-22 4.61357e-20 8.30591e-22 3.84452e-20 3.43463e-19 3.66609e-20 1.50132e-17 2.55401e-22 4.37586e-16 1.67978e-19 2.49562e-17 -0.100285 -0.100285 -0.111337 -0.111337 -0.170646 -0.170646 -0.183968 -0.183968 -0.204917 -0.204917 -0.20556 -0.20556 -0.20707 -0.20707 -0.209218 -0.209218 -0.2122 
25 9.95448e-24 4.2185e-26 7.95279e-24 1.34824e-21 4.02119e-17 8.54153e-26 2.82534e-21 2.40075e-19 3.37311e-21 1.95669e-19 2.01371e-18 2.14878e-19 8.78656e-17 1.5189e-21 2.55704e-15 9.80908e-19 5.97471e-17 -0.100285 -0.100285 -0.111337 -0.111337 -0.170646 -0.170646 -0.183968 -0.183968 -0.204917 -0.204917 -0.20556 -0.20556 -0.20707 -0.20707 -0.209218 -0.209218 -0.2122 