# efaschroedinger eigenstates (quantum_hl)
# Index Particle EigenEnergy     Occupation  FermiLevel Temperature
      0      hl     -0.100285      0.0202488              0         300
      1      hl     -0.100285      0.0202488              0         300
      2      hl     -0.111337      0.0132985              0         300
      3      hl     -0.111337      0.0132985              0         300
      4      hl     -0.170646     0.00135736              0         300
      5      hl     -0.170646     0.00135736              0         300
      6      hl     -0.183968    0.000811195              0         300
      7      hl     -0.183968    0.000811195              0         300
      8      hl     -0.204917      0.0003609              0         300
      9      hl     -0.204917      0.0003609              0         300
     10      hl      -0.20556    0.000352038              0         300
     11      hl      -0.20556    0.000352038              0         300
     12      hl      -0.20707    0.000332071              0         300
     13      hl      -0.20707    0.000332071              0         300
     14      hl     -0.209218    0.000305607              0         300
     15      hl     -0.209218    0.000305607              0         300
     16      hl       -0.2122    0.000272322              0         300
