# ASCII 1D datafile generated by TiberCAD
# x ProbabilityDensity_0 ProbabilityDensity_1 ProbabilityDensity_2 ProbabilityDensity_3 ProbabilityDensity_4 ProbabilityDensity_5 ProbabilityDensity_6 ProbabilityDensity_7 ProbabilityDensity_8 ProbabilityDensity_9 ProbabilityDensity_10 EigenEnergyOnMesh_0 EigenEnergyOnMesh_1 EigenEnergyOnMesh_2 EigenEnergyOnMesh_3 EigenEnergyOnMesh_4 EigenEnergyOnMesh_5 EigenEnergyOnMesh_6 EigenEnergyOnMesh_7 EigenEnergyOnMesh_8 EigenEnergyOnMesh_9 EigenEnergyOnMesh_10 
-25 8.06361e-26 2.98761e-25 2.83619e-24 2.59231e-24 1.79376e-25 1.65502e-24 6.87194e-25 5.91292e-25 1.29257e-24 1.47768e-24 1.26869e-23 1.67311 1.74772 1.76096 1.78176 1.81073 1.84758 1.89195 1.94297 1.99847 2.05563 2.11743 
-24.019 9.36168e-27 5.17309e-26 1.44994e-25 4.09106e-26 7.23663e-27 4.99823e-26 1.34835e-25 1.49531e-25 4.17833e-26 1.61546e-25 1.00542e-25 1.67311 1.74772 1.76096 1.78176 1.81073 1.84758 1.89195 1.94297 1.99847 2.05563 2.11743 
-23.0813 3.84049e-27 2.61737e-26 4.79412e-26 3.76529e-26 3.52668e-28 5.81121e-26 1.2601e-27 1.24238e-25 7.53293e-26 6.75738e-26 3.72903e-26 1.67311 1.74772 1.76096 1.78176 1.81073 1.84758 1.89195 1.94297 1.99847 2.05563 2.11743 
-22.185 8.10214e-27 4.0937e-27 1.34773e-26 8.97448e-27 7.67488e-28 3.20498e-26 2.4634e-27 1.66467e-25 1.20017e-25 4.44551e-26 7.18029e-25 1.67311 1.74772 1.76096 1.78176 1.81073 1.84758 1.89195 1.94297 1.99847 2.05563 2.11743 
-21.3283 5.57896e-26 6.34695e-27 4.61344e-26 1.22965e-25 3.11692e-27 1.39411e-25 6.16387e-26 1.33667e-25 3.30046e-25 2.35996e-26 1.2731e-26 1.67311 1.74772 1.76096 1.78176 1.81073 1.84758 1.89195 1.94297 1.99847 2.05563 2.11743 
-20.5094 6.20383e-26 5.80556e-29 9.26846e-26 2.86838e-25 2.91726e-27 2.00708e-25 1.04858e-25 1.40434e-25 4.60077e-25 1.80651e-29 2.65182e-25 1.67311 1.74772 1.76096 1.78176 1.81073 1.84758 1.89195 1.94297 1.99847 2.05563 2.11743 
-19.7266 9.15822e-26 3.91938e-27 1.082e-25 3.2311e-25 9.87421e-28 3.18611e-25 1.64607e-25 2.91087e-25 5.16168e-25 3.45464e-26 6.54015e-25 1.67311 1.74772 1.76096 1.78176 1.81073 1.84758 1.89195 1.94297 1.99847 2.05563 2.11743 
-18.9784 5.91836e-26 4.88873e-27 9.16682e-26 3.15746e-25 1.27698e-27 2.38019e-25 2.07834e-25 1.72758e-25 5.16076e-25 7.38259e-26 5.59007e-26 1.67311 1.74772 1.76096 1.78176 1.81073 1.84758 1.89195 1.94297 1.99847 2.05563 2.11743 
-18.2633 4.28185e-26 9.48192e-28 8.4781e-26 2.08255e-25 4.08166e-27 2.78809e-25 6.90994e-26 2.38773e-25 6.76161e-25 1.01401e-25 2.77075e-25 1.67311 1.74772 1.76096 1.78176 1.81073 1.84758 1.89195 1.94297 1.99847 2.05563 2.11743 
-17.5797 4.1712e-26 1.98652e-26 9.87816e-26 8.11024e-26 2.89201e-27 5.23721e-26 4.88061e-26 3.23504e-25 2.33298e-25 1.21901e-26 1.34108e-24 1.67311 1.74772 1.76096 1.78176 1.81073 1.84758 1.89195 1.94297 1.99847 2.05563 2.11743 
-16.9262 5.14427e-26 6.94224e-26 4.17038e-26 5.53296e-26 1.05668e-26 1.97915e-25 7.469e-26 3.98159e-25 1.98311e-25 1.38514e-25 5.04775e-25 1.67311 1.74772 1.76096 1.78176 1.81073 1.84758 1.89195 1.94297 1.99847 2.05563 2.11743 
-16.3017 5.09882e-26 2.25438e-26 4.0879e-26 2.2754e-25 2.35328e-27 7.49568e-26 8.55925e-26 1.30436e-27 3.33488e-25 1.46531e-26 2.51092e-25 1.67311 1.74772 1.76096 1.78176 1.81073 1.84758 1.89195 1.94297 1.99847 2.05563 2.11743 
-15.7046 4.01221e-26 3.9472e-27 4.75512e-26 1.74861e-25 2.06095e-27 1.8528e-25 1.39049e-26 1.13814e-26 1.354e-25 5.00321e-25 1.1975e-25 1.67311 1.74772 1.76096 1.78176 1.81073 1.84758 1.89195 1.94297 1.99847 2.05563 2.11743 
-15.134 2.28899e-26 4.07089e-26 2.43433e-26 3.10655e-26 5.40168e-27 2.56749e-26 9.47274e-26 2.93099e-25 2.18269e-25 4.08457e-25 1.72245e-25 1.67311 1.74772 1.76096 1.78176 1.81073 1.84758 1.89195 1.94297 1.99847 2.05563 2.11743 
-14.5885 4.03765e-26 7.31148e-26 4.79646e-26 1.41808e-26 1.53348e-26 7.69751e-26 2.14488e-26 5.70777e-25 1.66308e-25 8.66266e-27 1.9049e-24 1.67311 1.74772 1.76096 1.78176 1.81073 1.84758 1.89195 1.94297 1.99847 2.05563 2.11743 
-14.0672 1.56099e-26 1.87698e-27 4.52301e-26 1.3732e-25 5.23179e-27 1.12001e-25 2.60057e-26 4.44398e-26 2.88633e-25 8.22042e-26 3.23007e-25 1.67311 1.74772 1.76096 1.78176 1.81073 1.84758 1.89195 1.94297 1.99847 2.05563 2.11743 
-13.5688 7.32603e-26 3.31672e-27 9.30092e-26 2.10905e-25 3.6689e-28 7.96782e-26 4.97832e-26 1.20887e-26 1.89621e-25 1.64971e-25 2.65379e-26 1.67311 1.74772 1.76096 1.78176 1.81073 1.84758 1.89195 1.94297 1.99847 2.05563 2.11743 
-13.0924 6.5901e-26 4.19029e-27 1.77216e-26 2.03006e-25 2.9618e-26 2.20671e-25 2.53844e-25 1.84085e-25 7.5132e-25 3.74658e-25 3.67986e-25 1.67311 1.74772 1.76096 1.78176 1.81073 1.84758 1.89195 1.94297 1.99847 2.05563 2.11743 
-12.6371 1.05168e-25 9.78329e-27 5.90087e-26 1.2008e-25 1.7811e-26 2.86767e-25 5.52055e-26 2.88609e-25 2.25697e-25 3.94892e-26 1.2698e-24 1.67311 1.74772 1.76096 1.78176 1.81073 1.84758 1.89195 1.94297 1.99847 2.05563 2.11743 
-12.2018 4.6546e-26 7.35088e-30 1.39301e-25 1.30811e-25 1.4908e-26 3.04243e-27 3.02313e-26 2.3269e-25 2.61434e-25 2.74339e-28 1.27263e-24 1.67311 1.74772 1.76096 1.78176 1.81073 1.84758 1.89195 1.94297 1.99847 2.05563 2.11743 
-11.7858 4.8606e-26 4.29291e-27 8.12393e-27 1.28906e-25 3.72369e-27 3.03895e-25 1.20294e-25 1.41797e-25 2.89426e-25 9.75124e-26 6.10087e-25 1.67311 1.74772 1.76096 1.78176 1.81073 1.84758 1.89195 1.94297 1.99847 2.05563 2.11743 
-11.3882 1.69478e-25 5.25693e-26 1.82526e-25 1.60853e-25 5.14934e-26 1.37663e-25 5.34464e-26 8.87185e-25 6.23101e-25 1.53006e-26 8.11844e-25 1.67311 1.74772 1.76096 1.78176 1.81073 1.84758 1.89195 1.94297 1.99847 2.05563 2.11743 
-11.0081 4.1907e-26 4.55256e-28 3.68573e-27 2.19656e-25 3.5595e-27 4.27171e-25 8.44027e-26 2.94637e-26 7.85052e-26 6.49688e-26 1.357e-24 1.67311 1.74772 1.76096 1.78176 1.81073 1.84758 1.89195 1.94297 1.99847 2.05563 2.11743 
-10.6447 7.80037e-26 2.92816e-26 1.39159e-25 2.05457e-25 3.2249e-26 6.74583e-27 7.47304e-26 1.66951e-27 5.89599e-26 2.59997e-24 1.78906e-23 1.67311 1.74772 1.76096 1.78176 1.81073 1.84758 1.89195 1.94297 1.99847 2.05563 2.11743 
-10.2975 6.54343e-26 5.20997e-31 5.15119e-26 1.22194e-25 3.01231e-27 3.57448e-25 4.27593e-28 3.56083e-26 1.51634e-24 3.85394e-23 2.92885e-22 1.67311 1.74772 1.76096 1.78176 1.81073 1.84758 1.89195 1.94297 1.99847 2.05563 2.11743 
-9.9655 3.37319e-26 3.08766e-26 7.34616e-27 5.28325e-26 5.52872e-27 6.76418e-25 1.37558e-25 8.88666e-25 2.63303e-23 3.49096e-22 2.85344e-21 1.67311 1.74772 1.76096 1.78176 1.81073 1.84758 1.89195 1.94297 1.99847 2.05563 2.11743 
-9.6482 1.09783e-26 7.25354e-26 2.10343e-25 1.51492e-25 2.04975e-25 2.42975e-25 1.654e-24 1.86593e-23 2.86604e-22 3.23336e-21 2.57505e-20 1.67311 1.74772 1.76096 1.78176 1.81073 1.84758 1.89195 1.94297 1.99847 2.05563 2.11743 
-9.34491 9.13662e-26 1.24634e-25 5.81317e-26 3.14847e-25 6.80381e-25 6.57897e-24 2.6075e-23 2.35782e-22 2.83556e-21 2.87309e-20 2.13508e-19 1.67311 1.74772 1.76096 1.78176 1.81073 1.84758 1.89195 1.94297 1.99847 2.05563 2.11743 
-9.05501 7.46896e-25 3.91257e-25 1.4484e-24 2.73718e-24 7.79234e-24 3.34057e-23 2.18635e-22 1.95818e-21 2.25909e-20 2.24031e-19 1.59785e-18 1.67311 1.74772 1.76096 1.78176 1.81073 1.84758 1.89195 1.94297 1.99847 2.05563 2.11743 
-8.7779 9.84403e-24 1.99058e-24 5.47908e-24 1.81456e-23 5.72619e-23 2.95126e-22 1.72938e-21 1.51344e-20 1.65849e-19 1.58272e-18 1.08813e-17 1.67311 1.74772 1.76096 1.78176 1.81073 1.84758 1.89195 1.94297 1.99847 2.05563 2.11743 
-8.51303 8.59942e-23 1.40726e-23 3.46155e-23 1.23164e-22 4.20223e-22 2.04876e-21 1.21996e-20 1.03881e-19 1.10162e-18 1.01758e-17 6.76545e-17 1.67311 1.74772 1.76096 1.78176 1.81073 1.84758 1.89195 1.94297 1.99847 2.05563 2.11743 
-8.25984 6.10263e-22 9.61641e-23 2.57279e-22 8.09674e-22 2.8629e-21 1.28387e-20 7.77387e-20 6.45998e-19 6.67099e-18 5.98781e-17 3.85944e-16 1.67311 1.74772 1.76096 1.78176 1.81073 1.84758 1.89195 1.94297 1.99847 2.05563 2.11743 
-8.01784 4.0241e-21 6.0685e-22 1.48986e-21 4.84274e-21 1.72266e-20 7.71571e-20 4.55858e-19 3.69265e-18 3.71402e-17 3.24264e-16 2.02887e-15 1.67311 1.74772 1.76096 1.78176 1.81073 1.84758 1.89195 1.94297 1.99847 2.05563 2.11743 
-7.78652 2.38896e-20 3.48692e-21 8.44754e-21 2.71588e-20 9.60406e-20 4.23471e-19 2.45402e-18 1.94309e-17 1.90689e-16 1.62244e-15 9.87001e-15 1.67311 1.74772 1.76096 1.78176 1.81073 1.84758 1.89195 1.94297 1.99847 2.05563 2.11743 
-7.56541 1.29797e-19 1.84321e-20 4.4441e-20 1.40865e-19 4.94137e-19 2.13978e-18 1.22069e-17 9.45926e-17 9.07007e-16 7.53149e-15 4.46105e-14 1.67311 1.74772 1.76096 1.78176 1.81073 1.84758 1.89195 1.94297 1.99847 2.05563 2.11743 
-7.35406 6.52337e-19 8.98683e-20 2.15546e-19 6.78129e-19 2.3547e-18 1.00503e-17 5.63532e-17 4.27954e-16 4.01323e-15 3.25618e-14 1.88043e-13 1.67311 1.74772 1.76096 1.78176 1.81073 1.84758 1.89195 1.94297 1.99847 2.05563 2.11743 
-7.15204 3.04014e-18 4.07238e-19 9.71045e-19 3.03561e-18 1.04348e-17 4.39425e-17 2.42349e-16 1.80552e-15 1.65782e-14 1.31584e-13 7.41815e-13 1.67311 1.74772 1.76096 1.78176 1.81073 1.84758 1.89195 1.94297 1.99847 2.05563 2.11743 
-6.95894 1.31883e-17 1.72162e-18 4.08784e-18 1.26841e-17 4.31722e-17 1.79424e-16 9.74377e-16 7.12841e-15 6.41551e-14 4.98692e-13 2.7478e-12 1.67311 1.74772 1.76096 1.78176 1.81073 1.84758 1.89195 1.94297 1.99847 2.05563 2.11743 
-6.77437 5.3456e-17 6.81053e-18 1.61039e-17 4.96239e-17 1.67311e-16 6.86872e-16 3.675e-15 2.6425e-14 2.3334e-13 1.77815e-12 9.58674e-12 1.67311 1.74772 1.76096 1.78176 1.81073 1.84758 1.89195 1.94297 1.99847 2.05563 2.11743 
-6.59794 2.0321e-16 2.52995e-17 5.95656e-17 1.82371e-16 6.09326e-16 2.47255e-15 1.30437e-14 9.22607e-14 8.00076e-13 5.98287e-12 3.1595e-11 1.67311 1.74772 1.76096 1.78176 1.81073 1.84758 1.89195 1.94297 1.99847 2.05563 2.11743 
-6.4293 7.26589e-16 8.84956e-17 2.07545e-16 6.31546e-16 2.09196e-15 8.39539e-15 4.36959e-14 3.04274e-13 2.59358e-12 1.9049e-11 9.86329e-11 1.67311 1.74772 1.76096 1.78176 1.81073 1.84758 1.89195 1.94297 1.99847 2.05563 2.11743 
-6.2681 2.45126e-15 2.92401e-16 6.83199e-16 2.06672e-15 6.78974e-15 2.69621e-14 1.38547e-13 9.50509e-13 7.97021e-12 5.75454e-11 2.92421e-10 1.67311 1.74772 1.76096 1.78176 1.81073 1.84758 1.89195 1.94297 1.99847 2.05563 2.11743 
-6.11402 7.82449e-15 9.15009e-16 2.13033e-15 6.4085e-15 2.08895e-14 8.2124e-14 4.16884e-13 2.8198e-12 2.32782e-11 1.65353e-10 8.25367e-10 1.67311 1.74772 1.76096 1.78176 1.81073 1.84758 1.89195 1.94297 1.99847 2.05563 2.11743 
-5.96675 2.36944e-14 2.71902e-15 6.3091e-15 1.88782e-14 6.1079e-14 2.37837e-13 1.19338e-12 7.96374e-12 6.47723e-11 4.5301e-10 2.22302e-09 1.67311 1.74772 1.76096 1.78176 1.81073 1.84758 1.89195 1.94297 1.99847 2.05563 2.11743 
-5.82597 6.82414e-14 7.69137e-15 1.77893e-14 5.29599e-14 1.70134e-13 6.5648e-13 3.25773e-12 2.14617e-11 1.72099e-10 1.18596e-09 5.72606e-09 1.67311 1.74772 1.76096 1.78176 1.81073 1.84758 1.89195 1.94297 1.99847 2.05563 2.11743 
-5.69141 1.87369e-13 2.07592e-14 4.78668e-14 1.41814e-13 4.52503e-13 1.73093e-12 8.49946e-12 5.53113e-11 4.37584e-10 2.97321e-09 1.41347e-08 1.67311 1.74772 1.76096 1.78176 1.81073 1.84758 1.89195 1.94297 1.99847 2.05563 2.11743 
-5.56279 4.91555e-13 5.35785e-14 1.23181e-13 3.63267e-13 1.15165e-12 4.36904e-12 2.12388e-11 1.36607e-10 1.0669e-09 7.15233e-09 3.35042e-08 1.67311 1.74772 1.76096 1.78176 1.81073 1.84758 1.89195 1.94297 1.99847 2.05563 2.11743 
-5.43984 1.2348e-12 1.32511e-13 3.03803e-13 8.92001e-13 2.81052e-12 1.05785e-11 5.09332e-11 3.23968e-10 2.4993e-09 1.65413e-08 7.64022e-08 1.67311 1.74772 1.76096 1.78176 1.81073 1.84758 1.89195 1.94297 1.99847 2.05563 2.11743 
-5.32233 2.9761e-12 3.14669e-13 7.19515e-13 2.10374e-12 6.58964e-12 2.46167e-11 1.17445e-10 7.39124e-10 5.63565e-09 3.6845e-08 1.67912e-07 1.67311 1.74772 1.76096 1.78176 1.81073 1.84758 1.89195 1.94297 1.99847 2.05563 2.11743 
-5.21 6.89543e-12 7.18813e-13 1.63946e-12 4.77436e-12 1.48714e-11 5.5157e-11 2.60866e-10 1.62515e-09 1.22536e-08 7.91822e-08 3.56259e-07 1.67311 1.74772 1.76096 1.78176 1.81073 1.84758 1.89195 1.94297 1.99847 2.05563 2.11743 
-5.10263 1.53861e-11 1.58239e-12 3.60037e-12 1.04449e-11 3.23608e-11 1.19205e-10 5.59106e-10 3.44957e-09 2.57338e-08 1.64448e-07 7.30894e-07 1.67311 1.74772 1.76096 1.78176 1.81073 1.84758 1.89195 1.94297 1.99847 2.05563 2.11743 
-5 3.31206e-11 3.36268e-12 7.63336e-12 2.20644e-11 6.8013e-11 2.48901e-10 1.15818e-09 7.08005e-09 5.2282e-08 3.30566e-07 1.45216e-06 1.67311 1.74772 1.76096 1.78176 1.81073 1.84758 1.89195 1.94297 1.99847 2.05563 2.11743 
-5 3.31206e-11 3.36268e-12 7.63336e-12 2.20644e-11 6.8013e-11 2.48901e-10 1.15818e-09 7.08005e-09 5.2282e-08 3.30566e-07 1.45216e-06 1.67311 1.74772 1.76096 1.78176 1.81073 1.84758 1.89195 1.94297 1.99847 2.05563 2.11743 
-4.89899 6.37403e-11 6.39758e-12 1.44928e-11 4.17562e-11 1.28129e-10 4.66184e-10 2.15396e-09 1.30595e-08 9.55671e-08 5.98559e-07 2.6023e-06 1.67311 1.74772 1.76096 1.78176 1.81073 1.84758 1.89195 1.94297 1.99847 2.05563 2.11743 
-4.79798 1.21886e-10 1.20869e-11 2.73219e-11 7.8451e-11 2.39581e-10 8.66366e-10 3.97329e-09 2.38826e-08 1.7311e-07 1.07349e-06 4.61638e-06 1.67311 1.74772 1.76096 1.78176 1.81073 1.84758 1.89195 1.94297 1.99847 2.05563 2.11743 
-4.69697 2.3188e-10 2.27102e-11 5.12214e-11 1.46559e-10 4.45376e-10 1.60042e-09 7.28365e-09 4.33912e-08 3.11434e-07 1.91148e-06 8.12762e-06 1.67311 1.74772 1.76096 1.78176 1.81073 1.84758 1.89195 1.94297 1.99847 2.05563 2.11743 
-4.59596 4.39168e-10 4.24703e-11 9.55716e-11 2.72479e-10 8.23884e-10 2.94155e-09 1.32827e-08 7.84111e-08 5.57147e-07 3.38377e-06 1.42222e-05 1.67311 1.74772 1.76096 1.78176 1.81073 1.84758 1.89195 1.94297 1.99847 2.05563 2.11743 
-4.49495 8.2834e-10 7.90839e-11 1.77555e-10 5.0438e-10 1.51733e-09 5.38211e-09 2.41107e-08 1.41019e-07 9.91813e-07 5.95955e-06 2.47552e-05 1.67311 1.74772 1.76096 1.78176 1.81073 1.84758 1.89195 1.94297 1.99847 2.05563 2.11743 
-4.39394 1.55623e-09 1.46665e-10 3.28518e-10 9.29804e-10 2.78277e-09 9.80581e-09 4.35762e-08 2.52493e-07 1.75754e-06 1.04468e-05 4.28797e-05 1.67311 1.74772 1.76096 1.78176 1.81073 1.84758 1.89195 1.94297 1.99847 2.05563 2.11743 
-4.29293 2.91252e-09 2.70922e-10 6.05424e-10 1.7072e-09 5.08297e-09 1.77922e-08 7.84282e-08 4.50157e-07 3.10085e-06 1.82306e-05 7.39318e-05 1.67311 1.74772 1.76096 1.78176 1.81073 1.84758 1.89195 1.94297 1.99847 2.05563 2.11743 
-4.19192 5.43007e-09 4.98502e-10 1.11136e-09 3.12221e-09 9.24748e-09 3.21529e-08 1.40576e-07 7.9921e-07 5.44751e-06 3.1675e-05 0.000126899 1.67311 1.74772 1.76096 1.78176 1.81073 1.84758 1.89195 1.94297 1.99847 2.05563 2.11743 
-4.09091 1.00853e-08 9.13688e-10 2.03214e-09 5.68761e-09 1.67573e-08 5.78714e-08 2.50944e-07 1.41304e-06 9.52959e-06 5.47964e-05 0.000216848 1.67311 1.74772 1.76096 1.78176 1.81073 1.84758 1.89195 1.94297 1.99847 2.05563 2.11743 
-3.9899 1.86602e-08 1.66815e-09 3.70129e-09 1.03202e-08 3.02454e-08 1.03744e-07 4.4614e-07 2.48796e-06 1.66002e-05 9.43869e-05 0.000368921 1.67311 1.74772 1.76096 1.78176 1.81073 1.84758 1.89195 1.94297 1.99847 2.05563 2.11743 
-3.88889 3.43937e-08 3.03372e-09 6.71499e-09 1.86521e-08 5.43729e-08 1.85229e-07 7.89932e-07 4.36242e-06 2.87946e-05 0.000161879 0.000624867 1.67311 1.74772 1.76096 1.78176 1.81073 1.84758 1.89195 1.94297 1.99847 2.05563 2.11743 
-3.78788 6.31496e-08 5.49548e-09 1.21345e-08 3.35771e-08 9.73566e-08 3.29378e-07 1.39291e-06 7.6172e-06 4.97345e-05 0.000276429 0.00105368 1.67311 1.74772 1.76096 1.78176 1.81073 1.84758 1.89195 1.94297 1.99847 2.05563 2.11743 
-3.68687 1.15499e-07 9.91556e-09 2.18411e-08 6.02036e-08 1.73619e-07 5.83322e-07 2.44601e-06 1.32445e-05 8.55347e-05 0.000469975 0.00176883 1.67311 1.74772 1.76096 1.78176 1.81073 1.84758 1.89195 1.94297 1.99847 2.05563 2.11743 
-3.58586 2.10424e-07 1.78196e-08 3.91552e-08 1.07511e-07 3.08364e-07 1.02882e-06 4.27744e-06 2.29317e-05 0.000146471 0.00079552 0.002956 1.67311 1.74772 1.76096 1.78176 1.81073 1.84758 1.89195 1.94297 1.99847 2.05563 2.11743 
-3.48485 3.81862e-07 3.18961e-08 6.99126e-08 1.91216e-07 5.45449e-07 1.80706e-06 7.4488e-06 3.9535e-05 0.00024973 0.0013406 0.00491753 1.67311 1.74772 1.76096 1.78176 1.81073 1.84758 1.89195 1.94297 1.99847 2.05563 2.11743 
-3.38384 6.90242e-07 5.6862e-08 1.24325e-07 3.38705e-07 9.60851e-07 3.16078e-06 1.29167e-05 6.7867e-05 0.000423919 0.00224905 0.00814322 1.67311 1.74772 1.76096 1.78176 1.81073 1.84758 1.89195 1.94297 1.99847 2.05563 2.11743 
-3.28283 1.2427e-06 1.00957e-07 2.20185e-07 5.97492e-07 1.6856e-06 5.50544e-06 2.23032e-05 0.000115998 0.000716429 0.00375609 0.0134225 1.67311 1.74772 1.76096 1.78176 1.81073 1.84758 1.89195 1.94297 1.99847 2.05563 2.11743 
-3.18182 2.22839e-06 1.78514e-07 3.88354e-07 1.04964e-06 2.94467e-06 9.54885e-06 3.83454e-05 0.000197398 0.00120538 0.00624442 0.0220214 1.67311 1.74772 1.76096 1.78176 1.81073 1.84758 1.89195 1.94297 1.99847 2.05563 2.11743 
-3.08081 3.97981e-06 3.1435e-07 6.82127e-07 1.83628e-06 5.12255e-06 1.64913e-05 6.56416e-05 0.000334441 0.00201893 0.0103336 0.0359587 1.67311 1.74772 1.76096 1.78176 1.81073 1.84758 1.89195 1.94297 1.99847 2.05563 2.11743 
-2.9798 7.0789e-06 5.51246e-07 1.19313e-06 3.19894e-06 8.8734e-06 2.8359e-05 0.000111878 0.000564107 0.00336623 0.0170212 0.0584379 1.67311 1.74772 1.76096 1.78176 1.81073 1.84758 1.89195 1.94297 1.99847 2.05563 2.11743 
-2.87879 1.25398e-05 9.6262e-07 2.07815e-06 5.5492e-06 1.5305e-05 4.8556e-05 0.000189845 0.000947227 0.00558695 0.0279056 0.0945138 1.67311 1.74772 1.76096 1.78176 1.81073 1.84758 1.89195 1.94297 1.99847 2.05563 2.11743 
-2.77778 2.21217e-05 1.67389e-06 3.60432e-06 9.5851e-06 2.62845e-05 8.27738e-05 0.000320716 0.00158336 0.00922988 0.0455342 0.152119 1.67311 1.74772 1.76096 1.78176 1.81073 1.84758 1.89195 1.94297 1.99847 2.05563 2.11743 
-2.67677 3.88634e-05 2.89832e-06 6.22457e-06 1.6485e-05 4.49443e-05 0.000140484 0.00053938 0.00263462 0.0151771 0.0739446 0.243636 1.67311 1.74772 1.76096 1.78176 1.81073 1.84758 1.89195 1.94297 1.99847 2.05563 2.11743 
-2.57576 6.79894e-05 4.99689e-06 1.07033e-05 2.82289e-05 7.65139e-05 0.000237371 0.000903032 0.00436369 0.0248388 0.119502 0.388277 1.67311 1.74772 1.76096 1.78176 1.81073 1.84758 1.89195 1.94297 1.99847 2.05563 2.11743 
-2.47475 0.000118442 8.57769e-06 1.83248e-05 4.81275e-05 0.000129683 0.000399279 0.00150497 0.00719393 0.0404581 0.192189 0.615693 1.67311 1.74772 1.76096 1.78176 1.81073 1.84758 1.89195 1.94297 1.99847 2.05563 2.11743 
-2.37374 0.000205456 1.46603e-05 3.12356e-05 8.16904e-05 0.000218818 0.000668588 0.00249662 0.0118042 0.0655829 0.307565 0.971369 1.67311 1.74772 1.76096 1.78176 1.81073 1.84758 1.89195 1.94297 1.99847 2.05563 2.11743 
-2.27273 0.000354867 2.49459e-05 5.30076e-05 0.000138042 0.000367557 0.00111443 0.00412246 0.0192772 0.105795 0.489759 1.52467 1.67311 1.74772 1.76096 1.78176 1.81073 1.84758 1.89195 1.94297 1.99847 2.05563 2.11743 
-2.17172 0.000610284 4.22597e-05 8.95542e-05 0.000232218 0.000614596 0.00184904 0.00677517 0.0313307 0.169827 0.77596 2.38076 1.67311 1.74772 1.76096 1.78176 1.81073 1.84758 1.89195 1.94297 1.99847 2.05563 2.11743 
-2.07071 0.00104496 7.12697e-05 0.000150618 0.000388873 0.00102296 0.00305361 0.0110822 0.0506748 0.271265 1.22316 3.69809 1.67311 1.74772 1.76096 1.78176 1.81073 1.84758 1.89195 1.94297 1.99847 2.05563 2.11743 
-1.9697 0.00178138 0.000119651 0.000252169 0.00064823 0.0016948 0.00501926 0.0180406 0.0815622 0.431124 1.9182 5.7139 1.67311 1.74772 1.76096 1.78176 1.81073 1.84758 1.89195 1.94297 1.99847 2.05563 2.11743 
-1.86869 0.00302331 0.000199962 0.000420256 0.00107558 0.00279476 0.00821114 0.0292264 0.130629 0.681726 2.99254 8.7812 1.67311 1.74772 1.76096 1.78176 1.81073 1.84758 1.89195 1.94297 1.99847 2.05563 2.11743 
-1.76768 0.00510813 0.000332641 0.000697147 0.00177634 0.0045869 0.0133686 0.047117 0.20817 1.07248 4.64406 13.4219 1.67311 1.74772 1.76096 1.78176 1.81073 1.84758 1.89195 1.94297 1.99847 2.05563 2.11743 
-1.66667 0.00859167 0.000550788 0.00115108 0.00291987 0.00749242 0.0216602 0.0755851 0.330069 1.6785 7.16868 20.4023 1.67311 1.74772 1.76096 1.78176 1.81073 1.84758 1.89195 1.94297 1.99847 2.05563 2.11743 
-1.56566 0.0143851 0.000907724 0.00189162 0.00477675 0.0121796 0.0349233 0.12065 0.520683 2.6132 11.0062 30.8406 1.67311 1.74772 1.76096 1.78176 1.81073 1.84758 1.89195 1.94297 1.99847 2.05563 2.11743 
-1.46465 0.0239743 0.0014889 0.00309382 0.00777705 0.0197029 0.0560301 0.191616 0.817146 4.04688 16.8059 46.3566 1.67311 1.74772 1.76096 1.78176 1.81073 1.84758 1.89195 1.94297 1.99847 2.05563 2.11743 
-1.36364 0.0397707 0.0024305 0.00503575 0.0126005 0.0317171 0.0894453 0.302774 1.27573 6.23357 25.52 69.2805 1.67311 1.74772 1.76096 1.78176 1.81073 1.84758 1.89195 1.94297 1.99847 2.05563 2.11743 
-1.26263 0.0656662 0.00394846 0.00815685 0.0203157 0.0508042 0.142069 0.475958 1.98117 9.54975 38.536 102.941 1.67311 1.74772 1.76096 1.78176 1.81073 1.84758 1.89195 1.94297 1.99847 2.05563 2.11743 
-1.16162 0.107911 0.00638319 0.0131476 0.0325929 0.0809702 0.224505 0.74431 3.06028 14.5498 57.8609 152.057 1.67311 1.74772 1.76096 1.78176 1.81073 1.84758 1.89195 1.94297 1.99847 2.05563 2.11743 
-1.06061 0.176486 0.0102685 0.0210871 0.0520281 0.128395 0.352947 1.15784 4.70167 22.0445 86.378 223.269 1.67311 1.74772 1.76096 1.78176 1.81073 1.84758 1.89195 1.94297 1.99847 2.05563 2.11743 
-0.959596 0.287249 0.0164364 0.0336518 0.0826332 0.202554 0.551983 1.79154 7.18394 33.2117 128.199 325.849 1.67311 1.74772 1.76096 1.78176 1.81073 1.84758 1.89195 1.94297 1.99847 2.05563 2.11743 
-0.858586 0.465251 0.0261771 0.0534316 0.130572 0.317892 0.858713 2.75712 10.916 49.7504 189.146 472.638 1.67311 1.74772 1.76096 1.78176 1.81073 1.84758 1.89195 1.94297 1.99847 2.05563 2.11743 
-0.757576 0.749854 0.0414784 0.0844038 0.205255 0.496295 1.32877 4.22 16.4939 74.0938 277.395 681.279 1.67311 1.74772 1.76096 1.78176 1.81073 1.84758 1.89195 1.94297 1.99847 2.05563 2.11743 
-0.656566 1.20255 0.0653861 0.13264 0.320972 0.770716 2.04503 6.42338 24.7804 109.701 404.345 975.8 1.67311 1.74772 1.76096 1.78176 1.81073 1.84758 1.89195 1.94297 1.99847 2.05563 2.11743 
-0.555556 1.91886 0.102538 0.207353 0.499274 1.19046 3.1302 9.72251 37.0158 161.454 585.755 1388.64 1.67311 1.74772 1.76096 1.78176 1.81073 1.84758 1.89195 1.94297 1.99847 2.05563 2.11743 
-0.454545 3.04631 0.159955 0.322434 0.772473 1.82883 4.76471 14.6327 54.9697 236.186 843.234 1963.2 1.67311 1.74772 1.76096 1.78176 1.81073 1.84758 1.89195 1.94297 1.99847 2.05563 2.11743 
-0.353535 4.81138 0.248197 0.498703 1.1887 2.79408 7.21209 21.8963 81.1485 343.392 1206.16 2756.99 1.67311 1.74772 1.76096 1.78176 1.81073 1.84758 1.89195 1.94297 1.99847 2.05563 2.11743 
-0.252525 7.55975 0.383045 0.767156 1.81918 4.24506 10.8546 32.5746 119.075 496.151 1714.11 3845.46 1.67311 1.74772 1.76096 1.78176 1.81073 1.84758 1.89195 1.94297 1.99847 2.05563 2.11743 
-0.151515 11.8157 0.587936 1.17364 2.76862 6.41318 16.2427 48.1743 173.663 712.33 2419.91 5326.58 1.67311 1.74772 1.76096 1.78176 1.81073 1.84758 1.89195 1.94297 1.99847 2.05563 2.11743 
-0.0505051 18.3696 0.897448 1.78554 4.18991 9.63334 24.1638 70.8177 251.707 1016.13 3393.44 7326.18 1.67311 1.74772 1.76096 1.78176 1.81073 1.84758 1.89195 1.94297 1.99847 2.05563 2.11743 
0.0505051 28.4054 1.36224 2.70117 6.30472 14.3866 35.735 103.471 362.53 1440.01 4726.12 10004 1.67311 1.74772 1.76096 1.78176 1.81073 1.84758 1.89195 1.94297 1.99847 2.05563 2.11743 
0.151515 43.685 2.05606 4.06304 9.43225 21.3592 52.5302 150.248 518.81 2027.14 6536.39 13560.5 1.67311 1.74772 1.76096 1.78176 1.81073 1.84758 1.89195 1.94297 1.99847 2.05563 2.11743 
0.252525 66.8139 3.08545 6.07622 14.0287 31.5224 76.7487 216.803 737.638 2834.34 8975.95 18243.6 1.67311 1.74772 1.76096 1.78176 1.81073 1.84758 1.89195 1.94297 1.99847 2.05563 2.11743 
0.353535 101.618 4.6033 9.03366 20.7412 46.2405 111.439 310.847 1041.83 3935.63 12236.8 24356.1 1.67311 1.74772 1.76096 1.78176 1.81073 1.84758 1.89195 1.94297 1.99847 2.05563 2.11743 
0.454545 153.68 6.82735 13.3507 30.4809 67.4147 160.794 442.798 1461.58 5426.43 16559.2 32262 1.67311 1.74772 1.76096 1.78176 1.81073 1.84758 1.89195 1.94297 1.99847 2.05563 2.11743 
0.555556 231.084 10.0654 19.6119 44.5206 97.673 230.527 626.606 2036.4 7428.3 22239.3 42391.3 1.67311 1.74772 1.76096 1.78176 1.81073 1.84758 1.89195 1.94297 1.99847 2.05563 2.11743 
0.656566 345.458 14.749 28.6331 64.6237 140.618 328.356 880.769 2817.5 10094.3 29637.4 55243.2 1.67311 1.74772 1.76096 1.78176 1.81073 1.84758 1.89195 1.94297 1.99847 2.05563 2.11743 
0.757576 513.402 21.4789 41.5442 93.2133 201.143 464.616 1229.58 3870.46 13614.8 39185 71384.3 1.67311 1.74772 1.76096 1.78176 1.81073 1.84758 1.89195 1.94297 1.99847 2.05563 2.11743 
0.858586 758.439 31.084 59.8965 133.59 285.839 653.005 1704.59 5278.38 18222.8 51389.4 91443 1.67311 1.74772 1.76096 1.78176 1.81073 1.84758 1.89195 1.94297 1.99847 2.05563 2.11743 
0.959596 1113.64 44.6983 85.802 190.21 403.498 911.505 2346.37 7145.11 24200.1 66836.7 116095 1.67311 1.74772 1.76096 1.78176 1.81073 1.84758 1.89195 1.94297 1.99847 2.05563 2.11743 
1.06061 1625.15 63.8601 122.11 269.035 565.735 1263.47 3206.43 9598.85 31881.2 86188.3 146041 1.67311 1.74772 1.76096 1.78176 1.81073 1.84758 1.89195 1.94297 1.99847 2.05563 2.11743 
1.16162 2356.81 90.6371 172.63 377.962 787.738 1738.92 4349.42 12795.5 41656.5 110172 181975 1.67311 1.74772 1.76096 1.78176 1.81073 1.84758 1.89195 1.94297 1.99847 2.05563 2.11743 
1.26263 3396.18 127.782 242.403 527.348 1089.16 2375.94 5855.4 16921.6 53971.9 139564 224537 1.67311 1.74772 1.76096 1.78176 1.81073 1.84758 1.89195 1.94297 1.99847 2.05563 2.11743 
1.36364 4862.4 178.923 338.036 730.633 1495.13 3222.33 7822.1 22196.9 69325.5 175162 274255 1.67311 1.74772 1.76096 1.78176 1.81073 1.84758 1.89195 1.94297 1.99847 2.05563 2.11743 
1.46465 6916.01 248.797 468.097 1005.07 2037.43 4337.23 10367 28874.8 88257.5 217740 331474 1.67311 1.74772 1.76096 1.78176 1.81073 1.84758 1.89195 1.94297 1.99847 2.05563 2.11743 
1.56566 9771.4 343.513 643.57 1372.54 2755.73 5792.82 13629.1 37241.3 111335 267997 396276 1.67311 1.74772 1.76096 1.78176 1.81073 1.84758 1.89195 1.94297 1.99847 2.05563 2.11743 
1.66667 13712 470.872 878.375 1860.46 3698.86 7675.82 17769.5 47611 139125 326487 468383 1.67311 1.74772 1.76096 1.78176 1.81073 1.84758 1.89195 1.94297 1.99847 2.05563 2.11743 
1.76768 19108.9 640.706 1189.93 2502.7 4926.1 10088.7 22971.1 60319.3 172164 393531 547070 1.67311 1.74772 1.76096 1.78176 1.81073 1.84758 1.89195 1.94297 1.99847 2.05563 2.11743 
1.86869 26442.4 865.252 1599.75 3340.57 6508.2 13150.1 29436.5 75709.9 210911 469122 631076 1.67311 1.74772 1.76096 1.78176 1.81073 1.84758 1.89195 1.94297 1.99847 2.05563 2.11743 
1.9697 36327.8 1159.53 2134.01 4423.59 8528.19 16994.7 37383.7 94117.1 255691 552822 718529 1.67311 1.74772 1.76096 1.78176 1.81073 1.84758 1.89195 1.94297 1.99847 2.05563 2.11743 
2.07071 49543.4 1541.71 2824.07 5810.17 11081.5 21771.4 47038.1 115841 306632 643656 806905 1.67311 1.74772 1.76096 1.78176 1.81073 1.84758 1.89195 1.94297 1.99847 2.05563 2.11743 
2.17172 67061.4 2033.38 3706.83 7567.84 14275.5 27640.2 58622.4 141118 363591 740015 893029 1.67311 1.74772 1.76096 1.78176 1.81073 1.84758 1.89195 1.94297 1.99847 2.05563 2.11743 
2.27273 90080.3 2659.8 4824.91 9773.03 18227.6 34766.3 72341.4 170084 426080 839582 973129 1.67311 1.74772 1.76096 1.78176 1.81073 1.84758 1.89195 1.94297 1.99847 2.05563 2.11743 
2.37374 120055 3449.82 6226.44 12510 23062.1 43312.3 88362.9 202731 493190 939297 1.04296e+06 1.67311 1.74772 1.76096 1.78176 1.81073 1.84758 1.89195 1.94297 1.99847 2.05563 2.11743 
2.47475 158725 4435.72 7964.36 15869 28905.6 53427 106794 238862 563530 1.03537e+06 1.09801e+06 1.67311 1.74772 1.76096 1.78176 1.81073 1.84758 1.89195 1.94297 1.99847 2.05563 2.11743 
2.57576 208133 5652.56 10095.1 19942.6 35879.3 65231.6 127657 278049 635184 1.12335e+06 1.13379e+06 1.67311 1.74772 1.76096 1.78176 1.81073 1.84758 1.89195 1.94297 1.99847 2.05563 2.11743 
2.67677 270628 7137.15 12676.5 24821.5 44090.3 78801.9 150854 319587 705702 1.19834e+06 1.14619e+06 1.67311 1.74772 1.76096 1.78176 1.81073 1.84758 1.89195 1.94297 1.99847 2.05563 2.11743 
2.77778 348854 8926.47 15764.9 30587.8 53619.6 94149.1 176143 362466 772132 1.25518e+06 1.1319e+06 1.67311 1.74772 1.76096 1.78176 1.81073 1.84758 1.89195 1.94297 1.99847 2.05563 2.11743 
2.87879 445709 11055.4 19410.6 37307 64508.2 111198 203107 405353 831107 1.28886e+06 1.08887e+06 1.67311 1.74772 1.76096 1.78176 1.81073 1.84758 1.89195 1.94297 1.99847 2.05563 2.11743 
2.9798 564262 13553.9 23653.3 45018.2 76741.1 129765 231132 446599 878994 1.29492e+06 1.01673e+06 1.67311 1.74772 1.76096 1.78176 1.81073 1.84758 1.89195 1.94297 1.99847 2.05563 2.11743 
3.08081 707639 16443.3 28515.5 53722.5 90231 149537 259392 484280 912115 1.26995e+06 917174 1.67311 1.74772 1.76096 1.78176 1.81073 1.84758 1.89195 1.94297 1.99847 2.05563 2.11743 
3.18182 878843 19732.1 33995.6 63371.4 104801 170057 286852 516267 927026 1.21211e+06 794202 1.67311 1.74772 1.76096 1.78176 1.81073 1.84758 1.89195 1.94297 1.99847 2.05563 2.11743 
3.28283 1.08053e+06 23411.2 40060 73854 120171 190711 312287 540339 920845 1.12157e+06 654168 1.67311 1.74772 1.76096 1.78176 1.81073 1.84758 1.89195 1.94297 1.99847 2.05563 2.11743 
3.38384 1.31472e+06 27449 46635.7 84985.7 135945 210733 334321 554339 891627 1.00098e+06 505587 1.67311 1.74772 1.76096 1.78176 1.81073 1.84758 1.89195 1.94297 1.99847 2.05563 2.11743 
3.48485 1.58243e+06 31786.5 53603.2 96499.7 151608 229220 351502 556357 838714 855602 358670 1.67311 1.74772 1.76096 1.78176 1.81073 1.84758 1.89195 1.94297 1.99847 2.05563 2.11743 
3.58586 1.88334e+06 36333.2 60791.1 108042 166533 245160 362389 544950 763064 693358 224562 1.67311 1.74772 1.76096 1.78176 1.81073 1.84758 1.89195 1.94297 1.99847 2.05563 2.11743 
3.68687 2.21529e+06 40964.7 67973.8 119173 179993 257489 365678 519355 667473 524504 114326 1.67311 1.74772 1.76096 1.78176 1.81073 1.84758 1.89195 1.94297 1.99847 2.05563 2.11743 
3.78788 2.57396e+06 45521.3 74872.6 129378 191194 265155 360331 479706 556661 361008 37747.3 1.67311 1.74772 1.76096 1.78176 1.81073 1.84758 1.89195 1.94297 1.99847 2.05563 2.11743 
3.88889 2.95243e+06 49810.9 81162.5 138085 199319 267211 345730 427191 437165 215603 2078.13 1.67311 1.74772 1.76096 1.78176 1.81073 1.84758 1.89195 1.94297 1.99847 2.05563 2.11743 
3.9899 3.34095e+06 53614.2 86484.3 144695 203585 262914 321812 364145 317008 100563 10876 1.67311 1.74772 1.76096 1.78176 1.81073 1.84758 1.89195 1.94297 1.99847 2.05563 2.11743 
4.09091 3.72685e+06 56695.1 90464.3 148623 203321 251831 289188 294045 205140 26312.7 63124.9 1.67311 1.74772 1.76096 1.78176 1.81073 1.84758 1.89195 1.94297 1.99847 2.05563 2.11743 
4.19192 4.0946e+06 58814.5 92740.3 149350 198041 233944 249216 221363 110648 10.1686 152814 1.67311 1.74772 1.76096 1.78176 1.81073 1.84758 1.89195 1.94297 1.99847 2.05563 2.11743 
4.29293 4.42625e+06 59748.8 92993.5 146476 187529 209731 204010 151296 41809.8 24300.7 269129 1.67311 1.74772 1.76096 1.78176 1.81073 1.84758 1.89195 1.94297 1.99847 2.05563 2.11743 
4.39394 4.70219e+06 59312 90984.4 139787 171912 180220 156372 89339.9 5073.48 96445.2 397329 1.67311 1.74772 1.76096 1.78176 1.81073 1.84758 1.89195 1.94297 1.99847 2.05563 2.11743 
4.49495 4.90222e+06 57379.4 86590.8 129303 151718 146991 109631 40762.6 4077.88 208025 520321 1.67311 1.74772 1.76096 1.78176 1.81073 1.84758 1.89195 1.94297 1.99847 2.05563 2.11743 
4.59596 5.00703e+06 53911.1 79842.2 115333 127900 112123 67383.7 9994.62 38873.3 345374 620789 1.67311 1.74772 1.76096 1.78176 1.81073 1.84758 1.89195 1.94297 1.99847 2.05563 2.11743 
4.69697 5.00001e+06 48972.9 70947.1 98490.6 101822 78071.2 33163.4 20.2703 105483 490810 683641 1.67311 1.74772 1.76096 1.78176 1.81073 1.84758 1.89195 1.94297 1.99847 2.05563 2.11743 
4.79798 4.86918e+06 42751.2 60308.3 79702.1 75200.9 47472.7 10047.3 11844.9 195937 624618 698434 1.67311 1.74772 1.76096 1.78176 1.81073 1.84758 1.89195 1.94297 1.99847 2.05563 2.11743 
4.89899 4.60927e+06 35557.2 48519.7 60164.2 49987.6 22901.9 250.52 44131.5 298868 727607 661368 1.67311 1.74772 1.76096 1.78176 1.81073 1.84758 1.89195 1.94297 1.99847 2.05563 2.11743 
5 4.22348e+06 27820.5 36341.8 41273 28204.6 6579.81 4759.05 93090.9 400668 783924 576439 1.67311 1.74772 1.76096 1.78176 1.81073 1.84758 1.89195 1.94297 1.99847 2.05563 2.11743 
5 4.22348e+06 27820.5 36341.8 41273 28204.6 6579.81 4759.05 93090.9 400668 783924 576439 1.67311 1.74772 1.76096 1.78176 1.81073 1.84758 1.89195 1.94297 1.99847 2.05563 2.11743 
5.10263 3.73545e+06 19420 23582.5 22824.7 10057.7 5.50105 27728.4 166924 512655 801498 447981 1.67311 1.74772 1.76096 1.78176 1.81073 1.84758 1.89195 1.94297 1.99847 2.05563 2.11743 
5.21 3.28445e+06 12207.3 13102.6 9229.1 839 8034 71130.4 260966 623681 784531 310949 1.67311 1.74772 1.76096 1.78176 1.81073 1.84758 1.89195 1.94297 1.99847 2.05563 2.11743 
5.32233 2.87015e+06 6423.19 5373.48 1455.71 2099.3 32456.3 135631 371772 724313 729832 180418 1.67311 1.74772 1.76096 1.78176 1.81073 1.84758 1.89195 1.94297 1.99847 2.05563 2.11743 
5.43984 2.49194e+06 2332.15 903.722 510.336 15313.8 74598.8 220600 493628 803906 638054 74213.7 1.67311 1.74772 1.76096 1.78176 1.81073 1.84758 1.89195 1.94297 1.99847 2.05563 2.11743 
5.56279 2.14892e+06 221.95 232.737 7401.83 41774.6 135079 323739 618412 851585 514916 10762.5 1.67311 1.74772 1.76096 1.78176 1.81073 1.84758 1.89195 1.94297 1.99847 2.05563 2.11743 
5.69141 1.83996e+06 402.474 3921.3 23097.2 82456.8 213529 440756 735743 857690 372008 5858.16 1.67311 1.74772 1.76096 1.78176 1.81073 1.84758 1.89195 1.94297 1.99847 2.05563 2.11743 
5.82597 1.56368e+06 3203.64 12538 48463.6 137858 308309 565142 833524 815639 226800 68580.9 1.67311 1.74772 1.76096 1.78176 1.81073 1.84758 1.89195 1.94297 1.99847 2.05563 2.11743 
5.96675 1.31849e+06 8972.1 26641 84195 207815 416235 688141 898975 724039 101392 197013 1.67311 1.74772 1.76096 1.78176 1.81073 1.84758 1.89195 1.94297 1.99847 2.05563 2.11743 
6.11402 1.10261e+06 18066.5 46754.5 130725 291310 532368 799022 920243 588715 19667.9 374870 1.67311 1.74772 1.76096 1.78176 1.81073 1.84758 1.89195 1.94297 1.99847 2.05563 2.11743 
6.2681 914137 30851.1 73338.8 188126 386273 649922 885747 888534 424110 2744.05 570598 1.67311 1.74772 1.76096 1.78176 1.81073 1.84758 1.89195 1.94297 1.99847 2.05563 2.11743 
6.4293 751021 47687.6 106755 255992 489414 760361 936129 800614 253399 63087.4 740590 1.67311 1.74772 1.76096 1.78176 1.81073 1.84758 1.89195 1.94297 1.99847 2.05563 2.11743 
6.59794 611149 68924.3 147220 333328 596110 853770 939514 661284 106542 198395 837697 1.67311 1.74772 1.76096 1.78176 1.81073 1.84758 1.89195 1.94297 1.99847 2.05563 2.11743 
6.77437 492365 94884 194762 418426 700384 919569 888919 485228 15754.4 387107 824803 1.67311 1.74772 1.76096 1.78176 1.81073 1.84758 1.89195 1.94297 1.99847 2.05563 2.11743 
6.95894 392513 125848 249162 508768 795040 947623 783422 297421 8309.52 588038 690868 1.67311 1.74772 1.76096 1.78176 1.81073 1.84758 1.89195 1.94297 1.99847 2.05563 2.11743 
7.15204 309469 162040 309898 600959 871988 929766 630388 131199 97567.1 746562 463946 1.67311 1.74772 1.76096 1.78176 1.81073 1.84758 1.89195 1.94297 1.99847 2.05563 2.11743 
7.35406 241175 203603 376086 690713 922818 861630 446914 23279.6 274337 808535 213525 1.67311 1.74772 1.76096 1.78176 1.81073 1.84758 1.89195 1.94297 1.99847 2.05563 2.11743 
7.56541 185671 250581 446430 772920 939653 744606 259728 5613.84 501960 740321 35014.1 1.67311 1.74772 1.76096 1.78176 1.81073 1.84758 1.89195 1.94297 1.99847 2.05563 2.11743 
7.78652 141118 302893 519173 841828 916281 587548 102699 95017.6 719123 549144 14516.8 1.67311 1.74772 1.76096 1.78176 1.81073 1.84758 1.89195 1.94297 1.99847 2.05563 2.11743 
8.01784 105820 360310 592074 891350 849500 407732 11423.8 283024 853533 293955 182675 1.67311 1.74772 1.76096 1.78176 1.81073 1.84758 1.89195 1.94297 1.99847 2.05563 2.11743 
8.25984 78234.3 422431 662409 915548 740554 230430 14921 529909 846335 75754.1 479404 1.67311 1.74772 1.76096 1.78176 1.81073 1.84758 1.89195 1.94297 1.99847 2.05563 2.11743 
8.51303 56984.8 488661 727006 909268 596415 86474.3 125588 767606 681472 1322.06 758530 1.67311 1.74772 1.76096 1.78176 1.81073 1.84758 1.89195 1.94297 1.99847 2.05563 2.11743 
8.7779 40862.3 558193 782339 868945 430582 7417.7 329943 915201 407510 127450 851349 1.67311 1.74772 1.76096 1.78176 1.81073 1.84758 1.89195 1.94297 1.99847 2.05563 2.11743 
9.05501 28823.1 629995 824670 793496 262973 18380.5 584025 906853 135612 411024 674275 1.67311 1.74772 1.76096 1.78176 1.81073 1.84758 1.89195 1.94297 1.99847 2.05563 2.11743 
9.34491 19982.4 702808 850268 685240 118472 129557 817823 725263 1538.34 703047 318380 1.67311 1.74772 1.76096 1.78176 1.81073 1.84758 1.89195 1.94297 1.99847 2.05563 2.11743 
9.6482 13603.7 775150 855700 550670 23795.2 328426 951844 426101 95958.9 815408 33568.1 1.67311 1.74772 1.76096 1.78176 1.81073 1.84758 1.89195 1.94297 1.99847 2.05563 2.11743 
9.9655 9085.83 845340 838192 400887 2599.42 575751 924997 134516 393266 646830 64597.5 1.67311 1.74772 1.76096 1.78176 1.81073 1.84758 1.89195 1.94297 1.99847 2.05563 2.11743 
10.2975 5947.64 911528 796048 251459 69263.6 808913 726566 406.223 730436 291681 422103 1.67311 1.74772 1.76096 1.78176 1.81073 1.84758 1.89195 1.94297 1.99847 2.05563 2.11743 
10.6447 3811.97 971750 729104 121434 222433 955209 417954 118745 880131 21505.9 798564 1.67311 1.74772 1.76096 1.78176 1.81073 1.84758 1.89195 1.94297 1.99847 2.05563 2.11743 
11.0081 2389.5 1.024e+06 639161 31337.3 440186 954916 126551 451359 707574 89043.9 802350 1.67311 1.74772 1.76096 1.78176 1.81073 1.84758 1.89195 1.94297 1.99847 2.05563 2.11743 
11.3882 1463.27 1.06629e+06 530360 73.3257 679235 788988 45.4203 809512 313900 469242 388156 1.67311 1.74772 1.76096 1.78176 1.81073 1.84758 1.89195 1.94297 1.99847 2.05563 2.11743 
11.7858 874.339 1.0968e+06 409386 40923.7 880559 500574 128591 944425 18773.5 800712 17183.9 1.67311 1.74772 1.76096 1.78176 1.81073 1.84758 1.89195 1.94297 1.99847 2.05563 2.11743 
12.2018 509.129 1.11392e+06 285452 157179 982750 195924 470298 726183 114829 704039 183564 1.67311 1.74772 1.76096 1.78176 1.81073 1.84758 1.89195 1.94297 1.99847 2.05563 2.11743 
12.6371 288.533 1.11642e+06 169939 338337 941896 13044.1 836267 293140 549655 251333 708033 1.67311 1.74772 1.76096 1.78176 1.81073 1.84758 1.89195 1.94297 1.99847 2.05563 2.11743 
13.0924 158.921 1.10349e+06 75640.5 558165 753138 59190.8 979040 7902.39 880830 1011.49 828593 1.67311 1.74772 1.76096 1.78176 1.81073 1.84758 1.89195 1.94297 1.99847 2.05563 2.11743 
13.5688 84.9484 1.07488e+06 15557.6 776087 465190 339845 765781 164625 702341 329326 311732 1.67311 1.74772 1.76096 1.78176 1.81073 1.84758 1.89195 1.94297 1.99847 2.05563 2.11743 
14.0672 44.0004 1.03095e+06 1277.45 943091 177260 722533 325532 651623 190794 795927 7917.53 1.67311 1.74772 1.76096 1.78176 1.81073 1.84758 1.89195 1.94297 1.99847 2.05563 2.11743 
14.5885 22.0493 972658 41039.5 1.01246e+06 10719.6 980217 14810.9 958662 22091.9 654426 507114 1.67311 1.74772 1.76096 1.78176 1.81073 1.84758 1.89195 1.94297 1.99847 2.05563 2.11743 
15.134 10.672 901613 137706 954014 57620.7 922923 141871 694692 483545 99504 876345 1.67311 1.74772 1.76096 1.78176 1.81073 1.84758 1.89195 1.94297 1.99847 2.05563 2.11743 
15.7046 4.98027 819964 286958 768590 323606 555136 629944 145787 899860 136091 321709 1.67311 1.74772 1.76096 1.78176 1.81073 1.84758 1.89195 1.94297 1.99847 2.05563 2.11743 
16.3017 2.23681 730325 476141 497187 697424 132776 987918 56307.6 555881 740803 43668.5 1.67311 1.74772 1.76096 1.78176 1.81073 1.84758 1.89195 1.94297 1.99847 2.05563 2.11743 
16.9262 0.965048 635633 684203 218726 980890 13302.7 781479 609077 18962.5 671898 731324 1.67311 1.74772 1.76096 1.78176 1.81073 1.84758 1.89195 1.94297 1.99847 2.05563 2.11743 
17.5797 0.399165 538985 883150 31680.8 989532 344656 213557 972080 327645 44013.1 687925 1.67311 1.74772 1.76096 1.78176 1.81073 1.84758 1.89195 1.94297 1.99847 2.05563 2.11743 
18.2633 0.157955 443471 1.04128e+06 20100.6 684859 849667 22888 500952 904574 334497 5859.18 1.67311 1.74772 1.76096 1.78176 1.81073 1.84758 1.89195 1.94297 1.99847 2.05563 2.11743 
18.9784 0.0596651 352007 1.12814e+06 212716 248230 1.0061e+06 529054 1342.17 490998 857105 596848 1.67311 1.74772 1.76096 1.78176 1.81073 1.84758 1.89195 1.94297 1.99847 2.05563 2.11743 
19.7266 0.0214583 267209 1.12082e+06 552692 2868.36 595832 1.00673e+06 463809 4951.87 227704 743349 1.67311 1.74772 1.76096 1.78176 1.81073 1.84758 1.89195 1.94297 1.99847 2.05563 2.11743 
20.5094 0.00732245 191307 1.01056e+06 899800 178106 71606.6 651772 987541 659856 188785 124.899 1.67311 1.74772 1.76096 1.78176 1.81073 1.84758 1.89195 1.94297 1.99847 2.05563 2.11743 
21.3283 0.00235588 126125 808363 1.07988e+06 667863 127014 33424.3 405759 786647 872570 769164 1.67311 1.74772 1.76096 1.78176 1.81073 1.84758 1.89195 1.94297 1.99847 2.05563 2.11743 
22.185 0.000702842 73135.8 547698 974485 1.0355e+06 743386 323159 41580.2 22210.9 185215 465410 1.67311 1.74772 1.76096 1.78176 1.81073 1.84758 1.89195 1.94297 1.99847 2.05563 2.11743 
23.0813 0.000183468 33586.7 282485 611421 884274 1.02433e+06 999661 828670 576641 350277 194209 1.67311 1.74772 1.76096 1.78176 1.81073 1.84758 1.89195 1.94297 1.99847 2.05563 2.11743 
24.019 3.19846e-05 8710.38 78826.9 191813 328094 474812 615955 729054 784073 804815 906400 1.67311 1.74772 1.76096 1.78176 1.81073 1.84758 1.89195 1.94297 1.99847 2.05563 2.11743 
25 3.72531e-19 1.17992e-10 1.09556e-09 2.77374e-09 5.00757e-09 7.74603e-09 1.08569e-08 1.39963e-08 1.6453e-08 1.84355e-08 2.27321e-08 1.67311 1.74772 1.76096 1.78176 1.81073 1.84758 1.89195 1.94297 1.99847 2.05563 2.11743 