# ASCII 1D datafile generated by TiberCAD
# 1 x
# 2 ProbabilityDensity_0
# 3 ProbabilityDensity_1
# 4 ProbabilityDensity_2
# 5 ProbabilityDensity_3
# 6 ProbabilityDensity_4
# 7 ProbabilityDensity_5
# 8 ProbabilityDensity_6
# 9 ProbabilityDensity_7
# 10 ProbabilityDensity_8
# 11 ProbabilityDensity_9
# 12 ProbabilityDensity_10
# 13 ProbabilityDensity_11
# 14 ProbabilityDensity_12
# 15 ProbabilityDensity_13
# 16 ProbabilityDensity_14
# 17 ProbabilityDensity_15
# 18 ProbabilityDensity_16
# 19 ProbabilityDensity_17
# 20 ProbabilityDensity_18
# 21 ProbabilityDensity_19
# x ProbabilityDensity_0 ProbabilityDensity_1 ProbabilityDensity_2 ProbabilityDensity_3 ProbabilityDensity_4 ProbabilityDensity_5 ProbabilityDensity_6 ProbabilityDensity_7 ProbabilityDensity_8 ProbabilityDensity_9 ProbabilityDensity_10 ProbabilityDensity_11 ProbabilityDensity_12 ProbabilityDensity_13 ProbabilityDensity_14 ProbabilityDensity_15 ProbabilityDensity_16 ProbabilityDensity_17 ProbabilityDensity_18 ProbabilityDensity_19 
1559 1.52456e-24 1.52471e-24 1.0711e-13 1.0711e-13 3.49624e-19 3.49485e-19 7.80135e-12 7.80135e-12 4.44236e-10 4.44236e-10 2.80916e-15 2.80891e-15 3.67198e-13 3.67198e-13 1.09748e-12 1.09748e-12 2.09781e-10 2.09781e-10 3.79569e-11 3.79569e-11 
1559.06 2.90461e-11 2.90462e-11 0.0108625 0.0108625 6.62376e-06 6.62376e-06 0.793177 0.793177 45.1665 45.1665 0.0530626 0.0530626 0.0821801 0.0821801 20.6858 20.6858 47.8307 47.8307 714.271 714.271 
1559.11 1.21152e-10 1.21152e-10 0.0435677 0.0435677 2.71715e-05 2.71714e-05 3.1774 3.1774 180.919 180.919 0.215807 0.215807 0.332108 0.332108 83.5671 83.5671 192.293 192.293 2871.6 2871.6 
1559.17 2.92021e-10 2.92021e-10 0.0984686 0.0984686 6.37309e-05 6.37307e-05 7.16672 7.16672 408.015 408.015 0.499059 0.499059 0.760101 0.760101 191.115 191.115 436.286 436.286 6514.73 6514.73 
1559.22 5.70669e-10 5.70669e-10 0.176155 0.176155 0.000119992 0.000119992 12.7844 12.7844 727.71 727.71 0.921471 0.921471 1.38395 1.38395 347.486 347.486 784.665 784.665 11713.4 11713.4 
1559.28 1.00423e-09 1.00423e-09 0.277458 0.277458 0.000201596 0.000201595 20.063 20.063 1141.75 1141.75 1.51057 1.51057 2.22993 2.22993 558.614 558.614 1244.32 1244.32 18563.6 18563.6 
1559.33 1.66573e-09 1.66573e-09 0.403456 0.403456 0.000316665 0.000316664 29.0443 29.0443 1652.39 1652.39 2.30432 2.30432 3.33433 3.33433 832.36 832.36 1824.3 1824.3 27186.8 27186.8 
1559.39 2.66616e-09 2.66616e-09 0.555482 0.555482 0.000476577 0.000476576 39.7793 39.7793 2262.36 2262.36 3.35334 3.35334 4.74559 4.74559 1178.72 1178.72 2536.06 2536.06 37729.7 37729.7 
1559.44 4.1727e-09 4.1727e-09 0.735139 0.735139 0.000697032 0.000697031 52.3284 52.3284 2974.9 2974.9 4.72377 4.72377 6.5271 6.5271 1610.11 1610.11 3393.66 3393.66 50364 50364 
1559.5 6.4361e-09 6.4361e-09 0.944307 0.944307 0.000999524 0.000999523 66.7615 66.7615 3793.76 3793.76 6.50108 6.50107 8.76089 8.76089 2141.65 2141.65 4414.14 4414.14 65286 65286 
1559.55 9.83158e-09 9.83158e-09 1.18517 1.18517 0.00141334 0.00141334 83.1584 83.1584 4723.19 4723.19 8.79485 8.79485 11.5523 11.5523 2791.62 2791.62 5617.84 5617.84 82716.5 82716.5 
1559.61 1.49197e-08 1.49197e-08 1.46022 1.46022 0.00197826 0.00197826 101.609 101.609 5767.96 5767.96 11.7449 11.7449 15.0361 15.0361 3581.89 3581.89 7028.95 7028.95 102900 102900 
1559.66 2.25373e-08 2.25373e-08 1.77229 1.77229 0.00274822 0.00274822 122.212 122.212 6933.4 6933.4 15.5291 15.5291 19.3837 19.3837 4538.47 4538.47 8675.96 8675.96 126105 126105 
1559.72 3.39315e-08 3.39315e-08 2.12459 2.12459 0.00379617 0.00379617 145.079 145.079 8225.34 8225.34 20.3727 20.3727 24.8132 24.8132 5692.15 5692.15 10592.3 10592.3 152621 152621 
1559.77 5.09604e-08 5.09604e-08 2.52071 2.52071 0.00522072 0.00522072 170.33 170.33 9650.21 9650.21 26.561 26.561 31.6006 31.6006 7079.22 7079.22 12817.1 12817.1 182760 182760 
1559.83 7.6389e-08 7.6389e-08 2.96466 2.96466 0.00715487 0.00715487 198.098 198.098 11215 11215 34.4536 34.4536 40.0951 40.0951 8742.32 8742.32 15395.8 15395.8 216852 216852 
1559.88 1.14328e-07 1.14328e-07 3.46091 3.46091 0.00977788 0.00977788 228.527 228.527 12927.2 12927.2 44.504 44.504 50.7375 50.7375 10731.3 10731.3 18381.4 18381.4 255243 255243 
1559.94 1.70884e-07 1.70884e-07 4.01444 4.01444 0.013331 0.013331 261.774 261.774 14795.2 14795.2 57.2821 57.2821 64.0828 64.0828 13104.3 13104.3 21834.9 21834.9 298293 298293 
1559.99 2.5512e-07 2.5512e-07 4.63076 4.63076 0.0181384 0.0181384 298.007 298.007 16827.6 16827.6 73.5033 73.5033 80.8292 80.8292 15928.9 15928.9 25826.9 25826.9 346370 346370 
1560.05 3.8047e-07 3.8047e-07 5.31597 5.31597 0.0246351 0.0246351 337.408 337.408 19034 19034 94.0638 94.0638 101.852 101.852 19283.4 19283.4 30438.7 30438.7 399846 399846 
1560.1 5.66836e-07 5.66836e-07 6.07682 6.07682 0.0334046 0.0334046 380.174 380.174 21424.5 21424.5 120.084 120.084 128.25 128.25 23258.2 23258.2 35763.3 35763.3 459090 459090 
1560.16 8.43666e-07 8.43666e-07 6.92074 6.92074 0.0452276 0.0452276 426.514 426.514 24010 24010 152.963 152.963 161.392 161.392 27957.4 27957.4 41907.4 41907.4 524463 524463 
1560.21 1.25449e-06 1.25449e-06 7.85594 7.85594 0.0611476 0.0611476 476.655 476.655 26801.9 26801.9 194.443 194.443 202.991 202.991 33500.4 33500.4 48992.2 48992.2 596304 596304 
1560.27 1.8636e-06 1.8636e-06 8.89145 8.89145 0.082558 0.082558 530.838 530.838 29812.6 29812.6 246.69 246.69 255.175 255.175 40023.3 40023.3 57155.7 57155.7 674925 674925 
1560.32 2.76584e-06 2.76584e-06 10.0372 10.0372 0.111316 0.111316 589.323 589.323 33055.2 33055.2 312.391 312.391 320.591 320.591 47681.5 47681.5 66554.1 66554.1 760599 760599 
1560.38 4.10098e-06 4.10098e-06 11.3041 11.3041 0.149893 0.149893 652.385 652.385 36543.6 36543.6 394.875 394.875 402.518 402.518 56650.9 56650.9 77363.3 77363.3 853545 853545 
1560.43 6.07478e-06 6.07478e-06 12.7042 12.7042 0.201574 0.201574 720.32 720.32 40292.3 40292.3 498.252 498.252 505.015 505.015 67130.3 67130.3 89781.2 89781.2 953917 953917 
1560.49 8.98986e-06 8.98986e-06 14.2507 14.2507 0.270719 0.270719 793.445 793.445 44316.9 44316.9 627.593 627.593 633.088 633.088 79343.1 79343.1 104029 104029 1.06179e+06 1.06179e+06 
1560.54 1.32907e-05 1.32907e-05 15.9579 15.9579 0.363103 0.363103 872.096 872.096 48633.9 48633.9 789.134 789.134 792.906 792.906 93539.4 93539.4 120353 120353 1.17713e+06 1.17713e+06 
1560.6 1.96297e-05 1.96297e-05 17.8417 17.8417 0.48637 0.48637 956.634 956.634 53260.5 53260.5 990.531 990.531 992.043 992.043 109998 109998 139027 139027 1.2998e+06 1.2998e+06 
1560.65 2.89628e-05 2.89628e-05 19.9196 19.9196 0.65061 0.65061 1047.44 1047.44 58214.9 58214.9 1241.16 1241.16 1239.79 1239.79 129026 129026 160352 160352 1.42953e+06 1.42953e+06 
1560.71 4.26898e-05 4.26898e-05 22.2105 22.2105 0.869133 0.869133 1144.94 1144.94 63516.4 63516.4 1552.47 1552.47 1547.48 1547.48 150966 150966 184658 184658 1.5659e+06 1.5659e+06 
1560.76 6.28576e-05 6.28576e-05 24.7352 24.7352 1.15946 1.15946 1249.56 1249.56 69185 69185 1938.42 1938.42 1928.98 1928.98 176188 176188 212305 212305 1.70832e+06 1.70832e+06 
1560.82 9.24559e-05 9.24559e-05 27.5165 27.5165 1.54461 1.54461 1361.79 1361.79 75242 75242 2415.98 2415.98 2401.12 2401.12 205099 205099 243684 243684 1.85602e+06 1.85602e+06 
1560.87 0.000135847 0.000135847 30.5794 30.5794 2.05481 2.05481 1482.12 1482.12 81709.4 81709.4 3005.72 3005.72 2984.32 2984.32 238135 238135 279215 279215 2.00803e+06 2.00803e+06 
1560.93 0.000199385 0.000199385 33.951 33.951 2.72961 2.72961 1611.11 1611.11 88610.4 88610.4 3732.52 3732.52 3703.31 3703.31 275768 275768 319346 319346 2.1632e+06 2.1632e+06 
1560.98 0.00029232 0.00029232 37.6611 37.6611 3.62073 3.62073 1749.35 1749.35 95969.4 95969.4 4626.37 4626.37 4587.89 4587.89 318497 318497 364551 364551 2.32011e+06 2.32011e+06 
1561.04 0.000428097 0.000428097 41.7422 41.7422 4.79567 4.79567 1897.49 1897.49 103812 103812 5723.36 5723.36 5673.94 5673.94 366847 366847 415326 415326 2.47718e+06 2.47718e+06 
1561.09 0.000626231 0.000626231 46.2298 46.2298 6.34233 6.34233 2056.23 2056.23 112164 112164 7066.74 7066.74 7004.48 7004.48 421366 421366 472186 472186 2.63256e+06 2.63256e+06 
1561.15 0.000915016 0.000915016 51.1626 51.1626 8.37501 8.37501 2226.34 2226.34 121053 121053 8708.21 8708.21 8630.95 8630.95 482619 482619 535657 535657 2.78422e+06 2.78422e+06 
1561.2 0.00133542 0.00133542 56.5829 56.5829 11.042 11.042 2408.65 2408.65 130507 130507 10709.4 10709.4 10614.7 10614.7 551178 551178 606270 606270 2.92993e+06 2.92993e+06 
1561.26 0.00194668 0.00194668 62.5366 62.5366 14.5353 14.5353 2604.12 2604.12 140557 140557 13143.5 13143.5 13028.5 13028.5 627613 627613 684548 684548 3.06727e+06 3.06727e+06 
1561.31 0.00283432 0.00283432 69.0741 69.0741 19.103 19.103 2813.77 2813.77 151234 151234 16097.2 16097.2 15958.7 15958.7 712480 712480 770997 770997 3.1937e+06 3.1937e+06 
1561.37 0.00412171 0.00412171 76.25 76.25 25.0652 25.0652 3038.78 3038.78 162568 162568 19672.7 19672.7 19507 19507 806307 806307 866091 866091 3.30656e+06 3.30656e+06 
1561.42 0.00598647 0.00598647 84.1239 84.1239 32.8337 32.8337 3280.48 3280.48 174594 174594 23990.2 23990.2 23793.2 23793.2 909576 909576 970254 970254 3.40314e+06 3.40314e+06 
1561.48 0.00868402 0.00868402 92.7609 92.7609 42.9374 42.9374 3540.37 3540.37 187345 187345 29190.5 29190.5 28957.4 28957.4 1.0227e+06 1.0227e+06 1.08384e+06 1.08384e+06 3.48077e+06 3.48077e+06 
1561.53 0.0125811 0.0125811 102.232 102.232 56.054 56.054 3820.18 3820.18 200855 200855 35437.9 35437.9 35163.2 35163.2 1.14602e+06 1.14602e+06 1.20713e+06 1.20713e+06 3.53681e+06 3.53681e+06 
1561.59 0.0182037 0.0182037 112.613 112.613 73.0498 73.0498 4121.9 4121.9 215162 215162 42923 42923 42600.5 42600.5 1.27975e+06 1.27975e+06 1.34027e+06 1.34027e+06 3.56884e+06 3.56884e+06 
1561.64 0.0263048 0.0263048 123.99 123.99 95.03 95.03 4447.85 4447.85 230302 230302 51866.9 51866.9 51489.2 51489.2 1.42398e+06 1.42398e+06 1.48329e+06 1.48329e+06 3.57464e+06 3.57464e+06 
1561.7 0.0379606 0.0379606 136.454 136.454 123.401 123.401 4800.77 4800.77 246312 246312 62523.8 62523.8 62082.6 62082.6 1.57861e+06 1.57861e+06 1.63604e+06 1.63604e+06 3.55234e+06 3.55234e+06 
1561.75 0.0547078 0.0547078 150.103 150.103 159.948 159.948 5183.85 5183.85 263232 263232 75185.4 75185.4 74671 74671 1.74338e+06 1.74338e+06 1.79818e+06 1.79818e+06 3.50053e+06 3.50053e+06 
1561.81 0.078736 0.078736 165.049 165.049 206.933 206.933 5600.9 5600.9 281100 281100 90184.4 90184.4 89585.5 89585.5 1.91777e+06 1.91777e+06 1.96918e+06 1.96918e+06 3.41831e+06 3.41831e+06 
1561.86 0.113161 0.113161 181.409 181.409 267.211 267.211 6056.45 6056.45 299956 299956 107898 107898 107202 107202 2.10104e+06 2.10104e+06 2.14822e+06 2.14822e+06 3.30541e+06 3.30541e+06 
1561.92 0.162411 0.162411 199.316 199.316 344.381 344.381 6555.91 6555.91 319841 319841 128754 128754 127945 127945 2.29213e+06 2.29213e+06 2.33423e+06 2.33423e+06 3.16226e+06 3.16226e+06 
1561.97 0.232764 0.232764 218.911 218.911 442.967 442.967 7105.77 7105.77 340796 340796 153229 153229 152290 152290 2.4897e+06 2.4897e+06 2.52586e+06 2.52586e+06 2.99009e+06 2.99009e+06 
1562.03 0.333111 0.333111 240.353 240.353 568.637 568.637 7713.85 7713.85 362860 362860 181857 181857 180767 180767 2.69207e+06 2.69207e+06 2.72141e+06 2.72141e+06 2.79095e+06 2.79095e+06 
1562.08 0.476024 0.476024 263.817 263.817 728.475 728.475 8389.56 8389.56 386076 386076 215230 215230 213965 213965 2.89721e+06 2.89721e+06 2.91887e+06 2.91887e+06 2.56777e+06 2.56777e+06 
1562.14 0.679244 0.679244 289.496 289.496 931.312 931.312 9144.28 9144.28 410484 410484 253997 253997 252529 252529 3.10274e+06 3.10274e+06 3.1159e+06 3.1159e+06 2.32436e+06 2.32436e+06 
1562.19 0.967765 0.967765 317.607 317.607 1188.12 1188.12 9991.72 9991.72 436125 436125 298868 298868 297164 297164 3.30592e+06 3.30592e+06 3.30982e+06 3.30982e+06 2.06538e+06 2.06538e+06 
1562.25 1.37674 1.37674 348.393 348.393 1512.5 1512.5 10948.5 10948.5 463037 463037 350609 350609 348632 348632 3.50369e+06 3.50369e+06 3.49765e+06 3.49765e+06 1.79629e+06 1.79629e+06 
1562.3 1.95553 1.95553 382.13 382.13 1921.23 1921.23 12034.6 12034.6 491261 491261 410041 410041 407747 407747 3.69266e+06 3.69266e+06 3.6761e+06 3.6761e+06 1.52321e+06 1.52321e+06 
1562.36 2.7733 2.7733 419.133 419.133 2435.01 2435.01 13274.3 13274.3 520832 520832 478036 478036 475374 475374 3.86916e+06 3.86916e+06 3.84165e+06 3.84165e+06 1.25286e+06 1.25286e+06 
1562.41 3.92679 3.92679 459.767 459.767 3079.21 3079.21 14696.6 14696.6 551789 551789 555503 555503 552416 552416 4.02933e+06 4.02933e+06 3.99058e+06 3.99058e+06 992284 992284 
1562.47 5.55112 5.55112 504.462 504.462 3884.88 3884.88 16336.8 16336.8 584164 584164 643384 643384 639804 639804 4.16915e+06 4.16915e+06 4.11905e+06 4.11905e+06 748720 748720 
1562.52 7.83453 7.83453 553.724 553.724 4889.87 4889.87 18237 18237 617989 617989 742630 742630 738482 738482 4.28457e+06 4.28457e+06 4.22321e+06 4.22321e+06 529290 529290 
1562.58 11.0389 11.0389 608.164 608.164 6140.16 6140.16 20447.8 20447.8 653294 653294 854190 854190 849387 849387 4.37158e+06 4.37158e+06 4.29928e+06 4.29928e+06 340747 340747 
1562.63 15.5278 15.5278 668.527 668.527 7691.39 7691.39 23029.8 23029.8 690104 690104 978981 978981 973425 973425 4.42638e+06 4.42638e+06 4.34369e+06 4.34369e+06 189175 189175 
1562.69 21.805 21.805 735.734 735.734 9610.67 9610.67 26055 26055 728442 728442 1.11786e+06 1.11786e+06 1.11144e+06 1.11144e+06 4.44551e+06 4.44551e+06 4.35322e+06 4.35322e+06 79689.1 79689.1 
1562.74 30.5669 30.5669 810.938 810.938 11978.6 11978.6 29609.3 29609.3 768324 768324 1.2716e+06 1.2716e+06 1.2642e+06 1.2642e+06 4.42599e+06 4.42599e+06 4.32513e+06 4.32513e+06 16143.7 16143.7 
1562.8 42.7745 42.7745 895.601 895.601 14891.5 14891.5 33794.5 33794.5 809764 809764 1.44082e+06 1.44082e+06 1.43231e+06 1.43231e+06 4.36548e+06 4.36548e+06 4.25731e+06 4.25731e+06 862.851 862.851 
1562.85 59.7514 59.7514 991.595 991.595 18464.3 18464.3 38730.9 38730.9 852770 852770 1.626e+06 1.626e+06 1.61622e+06 1.61622e+06 4.26246e+06 4.26246e+06 4.14848e+06 4.14848e+06 34414.3 34414.3 
1562.91 83.3162 83.3162 1101.34 1101.34 22833.1 22833.1 44559.7 44559.7 897343 897343 1.82735e+06 1.82735e+06 1.81615e+06 1.81615e+06 4.11639e+06 4.11639e+06 3.99828e+06 3.99828e+06 115440 115440 
1562.96 115.962 115.962 1227.99 1227.99 28158.7 28158.7 51446.8 51446.8 943477 943477 2.04485e+06 2.04485e+06 2.03206e+06 2.03206e+06 3.92784e+06 3.92784e+06 3.80744e+06 3.80744e+06 240563 240563 
1563.02 161.102 161.102 1375.68 1375.68 34629.9 34629.9 59585.6 59585.6 991160 991160 2.27811e+06 2.27811e+06 2.26356e+06 2.26356e+06 3.69861e+06 3.69861e+06 3.57789e+06 3.57789e+06 404381 404381 
1563.07 223.393 223.393 1549.86 1549.86 42467.5 42467.5 69200.6 69200.6 1.04037e+06 1.04037e+06 2.52638e+06 2.52638e+06 2.50989e+06 2.50989e+06 3.43184e+06 3.43184e+06 3.31284e+06 3.31284e+06 599563 599563 
1563.13 309.179 309.179 1757.75 1757.75 51928.4 51928.4 80551.6 80551.6 1.09108e+06 1.09108e+06 2.78845e+06 2.78845e+06 2.76983e+06 2.76983e+06 3.13206e+06 3.13206e+06 3.01682e+06 3.01682e+06 817054 817054 
1563.18 427.082 427.082 2008.91 2008.91 63309.5 63309.5 93937.2 93937.2 1.14326e+06 1.14326e+06 3.06261e+06 3.06261e+06 3.04168e+06 3.04168e+06 2.80517e+06 2.80517e+06 2.6957e+06 2.6957e+06 1.04639e+06 1.04639e+06 
1563.24 588.793 588.793 2316.05 2316.05 76952.2 76952.2 109699 109699 1.19685e+06 1.19685e+06 3.34663e+06 3.34663e+06 3.32321e+06 3.32321e+06 2.45842e+06 2.45842e+06 2.35659e+06 2.35659e+06 1.27613e+06 1.27613e+06 
1563.29 810.122 810.122 2696.12 2696.12 93247 93247 128224 128224 1.25179e+06 1.25179e+06 3.63766e+06 3.63766e+06 3.6116e+06 3.6116e+06 2.10026e+06 2.10026e+06 2.00776e+06 2.00776e+06 1.49436e+06 1.49436e+06 
1563.35 1112.41 1112.41 3171.64 3171.64 112637 112637 149951 149951 1.30803e+06 1.30803e+06 3.93228e+06 3.93228e+06 3.90343e+06 3.90343e+06 1.74018e+06 1.74018e+06 1.65844e+06 1.65844e+06 1.68928e+06 1.68928e+06 
1563.4 1524.36 1524.36 3772.6 3772.6 135621 135621 175371 175371 1.36549e+06 1.36549e+06 4.22642e+06 4.22642e+06 4.19468e+06 4.19468e+06 1.3884e+06 1.3884e+06 1.31854e+06 1.31854e+06 1.84985e+06 1.84985e+06 
1563.46 2084.55 2084.55 4538.92 4538.92 162759 162759 205031 205031 1.42407e+06 1.42407e+06 4.5154e+06 4.5154e+06 4.4807e+06 4.4807e+06 1.0556e+06 1.0556e+06 998357 998357 1.96649e+06 1.96649e+06 
1563.51 2844.6 2844.6 5523.63 5523.63 194671 194671 239534 239534 1.48369e+06 1.48369e+06 4.79398e+06 4.79398e+06 4.75631e+06 4.75631e+06 752467 752467 708185 708185 2.03161e+06 2.03161e+06 
1563.57 3873.51 3873.51 6797.13 6797.13 232040 232040 279542 279542 1.54423e+06 1.54423e+06 5.0564e+06 5.0564e+06 5.01581e+06 5.01581e+06 489308 489308 457879 457879 2.04029e+06 2.04029e+06 
1563.62 5263.16 5263.16 8452.74 8452.74 275608 275608 325768 325768 1.6056e+06 1.6056e+06 5.29647e+06 5.29647e+06 5.25308e+06 5.25308e+06 275515 275515 256393 256393 1.99066e+06 1.99066e+06 
1563.68 7135.66 7135.66 10613.9 10613.9 326176 326176 378980 378980 1.66766e+06 1.66766e+06 5.5077e+06 5.5077e+06 5.46172e+06 5.46172e+06 119096 119096 111300 111300 1.88421e+06 1.88421e+06 
1563.73 9652.81 9652.81 13443.5 13443.5 384598 384598 439986 439986 1.7303e+06 1.7303e+06 5.6835e+06 5.6835e+06 5.63523e+06 5.63523e+06 26174.9 26174.9 28323.5 28323.5 1.72592e+06 1.72592e+06 
1563.79 13028.4 13028.4 17156.2 17156.2 451768 451768 509632 509632 1.7934e+06 1.7934e+06 5.81729e+06 5.81729e+06 5.76715e+06 5.76715e+06 539.775 539.775 10906.6 10906.6 1.52416e+06 1.52416e+06 
1563.84 17544 17544 22034.3 22034.3 528609 528609 588781 588781 1.85682e+06 1.85682e+06 5.90283e+06 5.90283e+06 5.85132e+06 5.85132e+06 43258.7 43258.7 59844.6 59844.6 1.29033e+06 1.29033e+06 
1563.9 23569.8 23569.8 28447.5 28447.5 616057 616057 678300 678300 1.92044e+06 1.92044e+06 5.93441e+06 5.93441e+06 5.88217e+06 5.88217e+06 152395 152395 173019 173019 1.0383e+06 1.0383e+06 
1563.95 31590.4 31590.4 36879.6 36879.6 715034 715034 779034 779034 1.98415e+06 1.98415e+06 5.90717e+06 5.90717e+06 5.85493e+06 5.85493e+06 322852 322852 345258 345258 783593 783593 
1564.01 42238.8 42238.8 47961.3 47961.3 826425 826425 891780 891780 2.04784e+06 2.04784e+06 5.81736e+06 5.81736e+06 5.76597e+06 5.76597e+06 546378 546378 568343 568343 542483 542483 
1564.06 56338.9 56338.9 62512.8 62512.8 951040 951040 1.01725e+06 1.01725e+06 2.11141e+06 2.11141e+06 5.66267e+06 5.66267e+06 5.61307e+06 5.61307e+06 811742 811742 831197 831197 330837 330837 
1564.12 74960.1 74960.1 81597.8 81597.8 1.08958e+06 1.08958e+06 1.15605e+06 1.15605e+06 2.17479e+06 2.17479e+06 5.44251e+06 5.44251e+06 5.3957e+06 5.3957e+06 1.10511e+06 1.10511e+06 1.12025e+06 1.12025e+06 162994 162994 
1564.17 99485.5 99485.5 106591 106591 1.24258e+06 1.24258e+06 1.3086e+06 1.3086e+06 2.2379e+06 2.2379e+06 5.15826e+06 5.15826e+06 5.11529e+06 5.11529e+06 1.4106e+06 1.4106e+06 1.41997e+06 1.41997e+06 50636 50636 
1564.23 131698 131698 139264 139264 1.41037e+06 1.41037e+06 1.47511e+06 1.47511e+06 2.30072e+06 2.30072e+06 4.81349e+06 4.81349e+06 4.77542e+06 4.77542e+06 1.71103e+06 1.71103e+06 1.71362e+06 1.71362e+06 1781.51 1781.51 
1564.28 173890 173890 181892 181892 1.59303e+06 1.59303e+06 1.65554e+06 1.65554e+06 2.36324e+06 2.36324e+06 4.41407e+06 4.41407e+06 4.38195e+06 4.38195e+06 1.98881e+06 1.98881e+06 1.9841e+06 1.9841e+06 19990.3 19990.3 
1564.34 228994 228994 237388 237388 1.79028e+06 1.79028e+06 1.84951e+06 1.84951e+06 2.42545e+06 2.42545e+06 3.96831e+06 3.96831e+06 3.94307e+06 3.94307e+06 2.22694e+06 2.22694e+06 2.21494e+06 2.21494e+06 103858 103858 
1564.39 300753 300753 309470 309470 2.00148e+06 2.00148e+06 2.05627e+06 2.05627e+06 2.4874e+06 2.4874e+06 3.48681e+06 3.48681e+06 3.4693e+06 3.4693e+06 2.41009e+06 2.41009e+06 2.3913e+06 2.3913e+06 246874 246874 
1564.45 393926 393926 402861 402861 2.22554e+06 2.22554e+06 2.27461e+06 2.27461e+06 2.54915e+06 2.54915e+06 2.98238e+06 2.98238e+06 2.97323e+06 2.97323e+06 2.52565e+06 2.52565e+06 2.50106e+06 2.50106e+06 437682 437682 
1564.5 514539 514539 523547 523547 2.46085e+06 2.46085e+06 2.50285e+06 2.50285e+06 2.61078e+06 2.61078e+06 2.46971e+06 2.46971e+06 2.46933e+06 2.46933e+06 2.56471e+06 2.56471e+06 2.53568e+06 2.53568e+06 660768 660768 
1564.56 670195 670195 679082 679082 2.70526e+06 2.70526e+06 2.73877e+06 2.73877e+06 2.67239e+06 2.67239e+06 1.96495e+06 1.96495e+06 1.97343e+06 1.97343e+06 2.52288e+06 2.52288e+06 2.49105e+06 2.49105e+06 897536 897536 
1564.61 870449 870449 878958 878958 2.95601e+06 2.95601e+06 2.97957e+06 2.97957e+06 2.7341e+06 2.7341e+06 1.48512e+06 1.48512e+06 1.50223e+06 1.50223e+06 2.40086e+06 2.40086e+06 2.36805e+06 2.36805e+06 1.12774e+06 1.12774e+06 
1564.67 1.12726e+06 1.12726e+06 1.13507e+06 1.13507e+06 3.20971e+06 3.20971e+06 3.22184e+06 3.22184e+06 2.796e+06 2.796e+06 1.04747e+06 1.04747e+06 1.07258e+06 1.07258e+06 2.20471e+06 2.20471e+06 2.17273e+06 2.17273e+06 1.33112e+06 1.33112e+06 
1564.72 1.45552e+06 1.45552e+06 1.46223e+06 1.46223e+06 3.46233e+06 3.46233e+06 3.46161e+06 3.46161e+06 2.8582e+06 2.8582e+06 668650 668650 700706 700706 1.94576e+06 1.94576e+06 1.91633e+06 1.91633e+06 1.48921e+06 1.48921e+06 
1564.78 1.87374e+06 1.87374e+06 1.87885e+06 1.87885e+06 3.70922e+06 3.70922e+06 3.6943e+06 3.6943e+06 2.92075e+06 2.92075e+06 363848 363848 401384 401384 1.64015e+06 1.64015e+06 1.6147e+06 1.6147e+06 1.58705e+06 1.58705e+06 
1564.83 2.40475e+06 2.40475e+06 2.40768e+06 2.40768e+06 3.94516e+06 3.94516e+06 3.91482e+06 3.91482e+06 2.98367e+06 2.98367e+06 145910 145910 187043 187043 1.30788e+06 1.30788e+06 1.2875e+06 1.2875e+06 1.61467e+06 1.61467e+06 
1564.89 3.07665e+06 3.07665e+06 3.07673e+06 3.07673e+06 4.16443e+06 4.16443e+06 4.11762e+06 4.11762e+06 3.04692e+06 3.04692e+06 24451.5 24451.5 66919.9 66919.9 971634 971634 956978 956978 1.5683e+06 1.5683e+06 
1564.94 3.92383e+06 3.92383e+06 3.92029e+06 3.92029e+06 4.3609e+06 4.3609e+06 4.29684e+06 4.29684e+06 3.11037e+06 3.11037e+06 5054.82 5054.82 46281.5 46281.5 655172 655172 646410 646410 1.45096e+06 1.45096e+06 
1565 4.98815e+06 4.98815e+06 4.98016e+06 4.98016e+06 4.52825e+06 4.52825e+06 4.44645e+06 4.44645e+06 3.17376e+06 3.17376e+06 88606.5 88606.5 125787 125787 381573 381573 378419 378419 1.27247e+06 1.27247e+06 
1565 4.98815e+06 4.98815e+06 4.98016e+06 4.98016e+06 4.52825e+06 4.52825e+06 4.44645e+06 4.44645e+06 3.17376e+06 3.17376e+06 88606.5 88606.5 125787 125787 381573 381573 378419 378419 1.27247e+06 1.27247e+06 
1565.06 6.04962e+06 6.04962e+06 6.0372e+06 6.0372e+06 4.52881e+06 4.52881e+06 4.43398e+06 4.43398e+06 3.22364e+06 3.22364e+06 246533 246533 277728 277728 179895 179895 181422 181422 1.03756e+06 1.03756e+06 
1565.11 7.02692e+06 7.02692e+06 7.01032e+06 7.01032e+06 4.26556e+06 4.26556e+06 4.16507e+06 4.16507e+06 3.25613e+06 3.25613e+06 458086 458086 481904 481904 44972 44972 50395.2 50395.2 740154 740154 
1565.17 7.87743e+06 7.87743e+06 7.85714e+06 7.85714e+06 3.77623e+06 3.77623e+06 3.67784e+06 3.67784e+06 3.26976e+06 3.26976e+06 692876 692876 708823 708823 82.6883 82.6883 8157.35 8157.35 437571 437571 
1565.22 8.5697e+06 8.5697e+06 8.54642e+06 8.54642e+06 3.12234e+06 3.12234e+06 3.03338e+06 3.03338e+06 3.26412e+06 3.26412e+06 918223 918223 926731 926731 52855.3 52855.3 62144.9 62144.9 186649 186649 
1565.28 9.08389e+06 9.08389e+06 9.05844e+06 9.05844e+06 2.38079e+06 2.38079e+06 2.30744e+06 2.30744e+06 3.23981e+06 3.23981e+06 1.10388e+06 1.10388e+06 1.10622e+06 1.10622e+06 194753 194753 203914 203914 33453.6 33453.6 
1565.33 9.41127e+06 9.41127e+06 9.38457e+06 9.38457e+06 1.63448e+06 1.63448e+06 1.5812e+06 1.5812e+06 3.19837e+06 3.19837e+06 1.22605e+06 1.22605e+06 1.22415e+06 1.22415e+06 403218 403218 411248 411248 5538.11 5538.11 
1565.39 9.55316e+06 9.55316e+06 9.52613e+06 9.52613e+06 963242 963242 932434 932434 3.14209e+06 3.14209e+06 1.27024e+06 1.27024e+06 1.26647e+06 1.26647e+06 645906 645906 652314 652314 107922 107922 
1565.44 9.51936e+06 9.51936e+06 9.49289e+06 9.49289e+06 435938 435938 427869 427869 3.07378e+06 3.07378e+06 1.23262e+06 1.23262e+06 1.2295e+06 1.2295e+06 886177 886177 891048 891048 323209 323209 
1565.5 9.32636e+06 9.32636e+06 9.30124e+06 9.30124e+06 104533 104533 117429 117429 2.99646e+06 2.99646e+06 1.11993e+06 1.11993e+06 1.11986e+06 1.11986e+06 1.08887e+06 1.08887e+06 1.09283e+06 1.09283e+06 615521 615521 
1565.56 8.99541e+06 8.99541e+06 8.97232e+06 8.97232e+06 445.153 445.153 30792.4 30792.4 2.91316e+06 2.91316e+06 947955 947955 952993 952993 1.22549e+06 1.22549e+06 1.22953e+06 1.22953e+06 937272 937272 
1565.61 8.55069e+06 8.55069e+06 8.53015e+06 8.53015e+06 133292 133292 176269 176269 2.82665e+06 2.82665e+06 739106 739106 750783 750783 1.27798e+06 1.27798e+06 1.28331e+06 1.28331e+06 1.23746e+06 1.23746e+06 
1565.67 8.01763e+06 8.01763e+06 8.00001e+06 8.00001e+06 491860 491860 541844 541844 2.73927e+06 2.73927e+06 519299 519299 538500 538500 1.24082e+06 1.24082e+06 1.24858e+06 1.24858e+06 1.46997e+06 1.46997e+06 
1565.72 7.42142e+06 7.42142e+06 7.40696e+06 7.40696e+06 1.0469e+06 1.0469e+06 1.09799e+06 1.09799e+06 2.65285e+06 2.65285e+06 314730 314730 341651 341651 1.12109e+06 1.12109e+06 1.13217e+06 1.13217e+06 1.60059e+06 1.60059e+06 
1565.78 6.78592e+06 6.78592e+06 6.77469e+06 6.77469e+06 1.75524e+06 1.75524e+06 1.80176e+06 1.80176e+06 2.56859e+06 2.56859e+06 148884 148884 183057 183057 936857 936857 951699 951699 1.61169e+06 1.61169e+06 
1565.83 6.13272e+06 6.13272e+06 6.12468e+06 6.12468e+06 2.56466e+06 2.56466e+06 2.60157e+06 2.60157e+06 2.48714e+06 2.48714e+06 40127.7 40127.7 80502.5 80502.5 714134 714134 732624 732624 1.50409e+06 1.50409e+06 
1565.89 5.4806e+06 5.4806e+06 5.47558e+06 5.47558e+06 3.41894e+06 3.41894e+06 3.44217e+06 3.44217e+06 2.40861e+06 2.40861e+06 91.0399 91.0399 45163.7 45163.7 483023 483023 504480 504480 1.29596e+06 1.29596e+06 
1565.94 4.84518e+06 4.84518e+06 4.84295e+06 4.84295e+06 4.26264e+06 4.26264e+06 4.26929e+06 4.26929e+06 2.33269e+06 2.33269e+06 32943.3 32943.3 80911.4 80911.4 273643 273643 296878 296878 1.01936e+06 1.01936e+06 
1566 4.23887e+06 4.23887e+06 4.23912e+06 4.23912e+06 5.04519e+06 5.04519e+06 5.03365e+06 5.03365e+06 2.25874e+06 2.25874e+06 135530 135530 184458 184458 112367 112367 135820 135820 714931 714931 
1566.06 3.67091e+06 3.67091e+06 3.6733e+06 3.6733e+06 5.72408e+06 5.72408e+06 5.69397e+06 5.69397e+06 2.18595e+06 2.18595e+06 298261 298261 346237 346237 18857.7 18857.7 40773.5 40773.5 425811 425811 
1566.11 3.14763e+06 3.14763e+06 3.15181e+06 3.15181e+06 6.26691e+06 6.26691e+06 6.21901e+06 6.21901e+06 2.11343e+06 2.11343e+06 506554 506554 551834 551834 4168.11 4168.11 22803.1 22803.1 191650 191650 
1566.17 2.67277e+06 2.67277e+06 2.67837e+06 2.67837e+06 6.65248e+06 6.65248e+06 6.58855e+06 6.58855e+06 2.04035e+06 2.04035e+06 742624 742624 783742 783742 70046.2 70046.2 83864.8 83864.8 43583.9 43583.9 
1566.22 2.24784e+06 2.24784e+06 2.25452e+06 2.25452e+06 6.87081e+06 6.87081e+06 6.79335e+06 6.79335e+06 1.96599e+06 1.96599e+06 987382 987382 1.02323e+06 1.02323e+06 209391 209391 217233 217233 722.532 722.532 
1566.28 1.87254e+06 1.87254e+06 1.87997e+06 1.87997e+06 6.92236e+06 6.92236e+06 6.83437e+06 6.83437e+06 1.88983e+06 1.88983e+06 1.22223e+06 1.22223e+06 1.25209e+06 1.25209e+06 407676 407676 408875 408875 68504.9 68504.9 
1566.33 1.54513e+06 1.54513e+06 1.55303e+06 1.55303e+06 6.81658e+06 6.81658e+06 6.72135e+06 6.72135e+06 1.81157e+06 1.81157e+06 1.43063e+06 1.43063e+06 1.45418e+06 1.45418e+06 645063 645063 639507 639507 238922 238922 
1566.39 1.26283e+06 1.26283e+06 1.27094e+06 1.27094e+06 6.57013e+06 6.57013e+06 6.47098e+06 6.47098e+06 1.73114e+06 1.73114e+06 1.59921e+06 1.59921e+06 1.61654e+06 1.61654e+06 898884 898884 887009 887009 492394 492394 
1566.44 1.02215e+06 1.02215e+06 1.03027e+06 1.03027e+06 6.2048e+06 6.2048e+06 6.10491e+06 6.10491e+06 1.64869e+06 1.64869e+06 1.71859e+06 1.71859e+06 1.7301e+06 1.7301e+06 1.14616e+06 1.14616e+06 1.12889e+06 1.12889e+06 800871 800871 
1566.5 819158 819158 827104 827104 5.74551e+06 5.74551e+06 5.64774e+06 5.64774e+06 1.56458e+06 1.56458e+06 1.78361e+06 1.78361e+06 1.78997e+06 1.78997e+06 1.36586e+06 1.36586e+06 1.34452e+06 1.34452e+06 1.13165e+06 1.13165e+06 
1566.56 649743 649743 657385 657385 5.21835e+06 5.21835e+06 5.12515e+06 5.12515e+06 1.47931e+06 1.47931e+06 1.79328e+06 1.79328e+06 1.79536e+06 1.79536e+06 1.54077e+06 1.54077e+06 1.51693e+06 1.51693e+06 1.45135e+06 1.45135e+06 
1566.61 509794 509794 517032 517032 4.64897e+06 4.64897e+06 4.56233e+06 4.56233e+06 1.39351e+06 1.39351e+06 1.75031e+06 1.75031e+06 1.74909e+06 1.74909e+06 1.65868e+06 1.65868e+06 1.63401e+06 1.63401e+06 1.72955e+06 1.72955e+06 
1566.67 395348 395348 402112 402112 4.06127e+06 4.06127e+06 3.98264e+06 3.98264e+06 1.30787e+06 1.30787e+06 1.66049e+06 1.66049e+06 1.657e+06 1.657e+06 1.71298e+06 1.71298e+06 1.68913e+06 1.68913e+06 1.94172e+06 1.94172e+06 
1566.72 302693 302693 308939 308939 3.47637e+06 3.47637e+06 3.40673e+06 3.40673e+06 1.2231e+06 1.2231e+06 1.53188e+06 1.53188e+06 1.52711e+06 1.52711e+06 1.70269e+06 1.70269e+06 1.68112e+06 1.68112e+06 2.07117e+06 2.07117e+06 
1566.78 228432 228432 234139 234139 2.91208e+06 2.91208e+06 2.8519e+06 2.8519e+06 1.13989e+06 1.13989e+06 1.37393e+06 1.37393e+06 1.36882e+06 1.36882e+06 1.63189e+06 1.63189e+06 1.6138e+06 1.6138e+06 2.10999e+06 2.10999e+06 
1566.83 169524 169524 174689 174689 2.38254e+06 2.38254e+06 2.3319e+06 2.3319e+06 1.05889e+06 1.05889e+06 1.1967e+06 1.1967e+06 1.19204e+06 1.19204e+06 1.50883e+06 1.50883e+06 1.4951e+06 1.4951e+06 2.05893e+06 2.05893e+06 
1566.89 123295 123295 127929 127929 1.89828e+06 1.89828e+06 1.85689e+06 1.85689e+06 980685 980685 1.0101e+06 1.0101e+06 1.00655e+06 1.00655e+06 1.34479e+06 1.34479e+06 1.33592e+06 1.33592e+06 1.92646e+06 1.92646e+06 
1566.94 87437.8 87437.8 91563.2 91563.2 1.46641e+06 1.46641e+06 1.4337e+06 1.4337e+06 905765 905765 823359 823359 821392 821392 1.15282e+06 1.15282e+06 1.14895e+06 1.14895e+06 1.72718e+06 1.72718e+06 
1567 59994.1 59994.1 63639.9 63639.9 1.091e+06 1.091e+06 1.0662e+06 1.0662e+06 834528 834528 644536 644536 644471 644471 946577 946577 947507 947507 1.47988e+06 1.47988e+06 
1567 59994.1 59994.1 63639.9 63639.9 1.091e+06 1.091e+06 1.0662e+06 1.0662e+06 834528 834528 644536 644536 644471 644471 946577 946577 947507 947507 1.47988e+06 1.47988e+06 
1567.06 38878.7 38878.7 42061.2 42061.2 771125 771125 753308 753308 763028 763028 481169 481169 482983 482983 743999 743999 749286 749286 1.21809e+06 1.21809e+06 
1567.11 25212.5 25212.5 28003.7 28003.7 545505 545505 532753 532753 699044 699044 359579 359579 362754 362754 585511 585511 593994 593994 1.00421e+06 1.00421e+06 
1567.17 16361.3 16361.3 18818.5 18818.5 386232 386232 377154 377154 641471 641471 268990 268990 273134 273134 461366 461366 472142 472142 829219 829219 
1567.22 10624.8 10624.8 12794.4 12794.4 273697 273697 267286 267286 589433 589433 201431 201431 206247 206247 364003 364003 376375 376375 685835 685835 
1567.28 6904.29 6904.29 8824.62 8824.62 194119 194119 189642 189642 542224 542224 150995 150995 156258 156258 287551 287551 300980 300980 568172 568172 
1567.33 4489.7 4489.7 6192.85 6192.85 137797 137797 134721 134721 499268 499268 113304 113304 118845 118845 227445 227445 241519 241519 471474 471474 
1567.39 2921.55 2921.55 4434.72 4434.72 97900.6 97900.6 95838.7 95838.7 460085 460085 85109.3 85109.3 90799.2 90799.2 180134 180134 194539 194539 391886 391886 
1567.44 1902.42 1902.42 3248.83 3248.83 69615.5 69615.5 68284.9 68284.9 424272 424272 63996.7 63996.7 69738.1 69738.1 142846 142846 157346 157346 326281 326281 
1567.5 1239.65 1239.65 2439.26 2439.26 49545.1 49545.1 48740.2 48740.2 391485 391485 48171.3 48171.3 53891.1 53891.1 113423 113423 127841 127841 272120 272120 
1567.55 808.33 808.33 1878.41 1878.41 35291.5 35291.5 34862.2 34862.2 361427 361427 36296.8 36296.8 41940.6 41940.6 90176.9 90176.9 104384 104384 227340 227340 
1567.61 527.442 527.442 1482.99 1482.99 25160.2 25160.2 24997.2 24997.2 333839 333839 27377.9 27377.9 32905.7 32905.7 71788 71788 85691.8 85691.8 190259 190259 
1567.66 344.396 344.396 1198.48 1198.48 17952.9 17952.9 17976.3 17976.3 308494 308494 20672.1 20672.1 26054.8 26054.8 57223.5 57223.5 70759.3 70759.3 159507 159507 
1567.72 225.029 225.029 989.079 989.079 12821.2 12821.2 12973 12973 285189 285189 15625 15625 20842.3 20842.3 45673.5 45673.5 58798.4 58798.4 133962 133962 
1567.77 147.135 147.135 831.174 831.174 9164.29 9164.29 9402.29 9402.29 263746 263746 11822.5 11822.5 16860.6 16860.6 36502.7 36502.7 49190.2 49190.2 112712 112712 
1567.83 96.2701 96.2701 709.11 709.11 6556.09 6556.09 6849.65 6849.65 244003 244003 8954.74 8954.74 13805 13805 29211.9 29211.9 41447.9 41447.9 95005.3 95005.3 
1567.88 63.0322 63.0322 612.438 612.438 4694.26 4694.26 5021.25 5021.25 225814 225814 6789.73 6789.73 11447.5 11447.5 23408.2 23408.2 35188.2 35188.2 80228.8 80228.8 
1567.94 41.2981 41.2981 534.126 534.126 3364.07 3364.07 3708.61 3708.61 209050 209050 5153.57 5153.57 9617.26 9617.26 18782.7 18782.7 30108.8 30108.8 67877.9 67877.9 
1567.99 27.0766 27.0766 469.39 469.39 2412.91 2412.91 2763.67 2763.67 193591 193591 3915.81 3915.81 8186.17 8186.17 15091.3 15091.3 25971 25971 57538 57538 
1568.05 17.7646 17.7646 414.939 414.939 1732.18 1732.18 2081.19 2081.19 179330 179330 2978.47 2978.47 7058.03 7058.03 12141.7 12141.7 22585.9 22585.9 48867.8 48867.8 
1568.1 11.6631 11.6631 368.467 368.467 1244.58 1244.58 1586.34 1586.34 166168 166168 2267.9 2267.9 6160.53 6160.53 9781.88 9781.88 19803.8 19803.8 41586 41586 
1568.16 7.66245 7.66245 328.336 328.336 895.015 895.015 1225.8 1225.8 154017 154017 1728.68 1728.68 5439.22 5439.22 7891.41 7891.41 17506.1 17506.1 35460.3 35460.3 
1568.21 5.03754 5.03754 293.351 293.351 644.194 644.194 961.6 961.6 142795 142795 1319.07 1319.07 4853.07 4853.07 6375.01 6375.01 15598.2 15598.2 30298.9 30298.9 
1568.27 3.3141 3.3141 262.629 262.629 464.068 464.068 766.648 766.648 132427 132427 1007.6 1007.6 4371.08 4371.08 5157.09 5157.09 14005.2 14005.2 25942.7 25942.7 
1568.32 2.18178 2.18178 235.494 235.494 334.6 334.6 621.594 621.594 122845 122845 770.49 770.49 3969.81 3969.81 4177.62 4177.62 12667 12667 22260.1 22260.1 
1568.38 1.43731 1.43731 211.422 211.422 241.462 241.462 512.605 512.605 113986 113986 589.813 589.813 3631.49 3631.49 3388.9 3388.9 11535.7 11535.7 19141.8 19141.8 
1568.43 0.947522 0.947522 189.995 189.995 174.403 174.403 429.778 429.778 105794 105794 451.989 451.989 3342.62 3342.62 2752.93 2752.93 10573.1 10573.1 16497 16497 
1568.49 0.625064 0.625064 170.872 170.872 126.078 126.078 366.015 366.015 98216.1 98216.1 346.745 346.745 3092.91 3092.91 2239.47 2239.47 9748.21 9748.21 14249.9 14249.9 
1568.54 0.412626 0.412626 153.771 153.771 91.2232 91.2232 316.216 316.216 91203.9 91203.9 266.294 266.294 2874.5 2874.5 1824.36 1824.36 9036.45 9036.45 12337.5 12337.5 
1568.6 0.272575 0.272575 138.455 138.455 66.0623 66.0623 276.714 276.714 84713.4 84713.4 204.732 204.732 2681.35 2681.35 1488.32 1488.32 8417.83 8417.83 10707.3 10707.3 
1568.65 0.180182 0.180182 124.719 124.719 47.8834 47.8834 244.862 244.862 78703.9 78703.9 157.573 157.573 2508.84 2508.84 1215.93 1215.93 7876.26 7876.26 9315.15 9315.15 
1568.71 0.119189 0.119189 112.389 112.389 34.7376 34.7376 218.747 218.747 73138.2 73138.2 121.409 121.409 2353.35 2353.35 994.827 994.827 7398.67 7398.67 8124.37 8124.37 
1568.76 0.0788964 0.0788964 101.313 101.313 25.2231 25.2231 196.98 196.98 67982 67982 93.6478 93.6478 2212.09 2212.09 815.118 815.118 6974.5 6974.5 7104.05 7104.05 
1568.82 0.0522609 0.0522609 91.3558 91.3558 18.3308 18.3308 178.548 178.548 63203.9 63203.9 72.3138 72.3138 2082.87 2082.87 668.854 668.854 6595.11 6595.11 6228.3 6228.3 
1568.87 0.0346413 0.0346413 82.4002 82.4002 13.3337 13.3337 162.711 162.711 58774.7 58774.7 55.9015 55.9015 1963.95 1963.95 549.649 549.649 6253.47 6253.47 5475.34 5475.34 
1568.93 0.0229779 0.0229779 74.3416 74.3416 9.70741 9.70741 148.922 148.922 54668 54668 43.262 43.262 1853.97 1853.97 452.363 452.363 5943.81 5943.81 4826.83 4826.83 
1568.98 0.0152519 0.0152519 67.0872 67.0872 7.07366 7.07366 136.776 136.776 50859 50859 33.5175 33.5175 1751.8 1751.8 372.856 372.856 5661.39 5661.39 4267.33 4267.33 
1569.04 0.0101306 0.0101306 60.5546 60.5546 5.15908 5.15908 125.97 125.97 47325.3 47325.3 25.9969 25.9969 1656.55 1656.55 307.789 307.789 5402.31 5402.31 3783.79 3783.79 
1569.09 0.00673359 0.00673359 54.6699 54.6699 3.76607 3.76607 116.274 116.274 44045.9 44045.9 20.1864 20.1864 1567.48 1567.48 254.466 254.466 5163.32 5163.32 3365.19 3365.19 
1569.15 0.00447875 0.00447875 49.3674 49.3674 2.75166 2.75166 107.513 107.513 41001.7 41001.7 15.6921 15.6921 1483.98 1483.98 210.705 210.705 4941.74 4941.74 3002.19 3002.19 
1569.2 0.00298103 0.00298103 44.5882 44.5882 2.01228 2.01228 99.5509 99.5509 38175.1 38175.1 12.2122 12.2122 1405.54 1405.54 174.741 174.741 4735.34 4735.34 2686.88 2686.88 
1569.26 0.00198553 0.00198553 40.2795 40.2795 1.47291 1.47291 92.2805 92.2805 35549.7 35549.7 9.51481 9.51481 1331.71 1331.71 145.143 145.143 4542.22 4542.22 2412.52 2412.52 
1569.31 0.00132338 0.00132338 36.3941 36.3941 1.07908 1.07908 85.6166 85.6166 33110.5 33110.5 7.42163 7.42163 1262.13 1262.13 120.749 120.749 4360.81 4360.81 2173.42 2173.42 
1569.37 0.000882659 0.000882659 32.8895 32.8895 0.791264 0.791264 79.4898 79.4898 30843.6 30843.6 5.79554 5.79554 1196.46 1196.46 100.615 100.615 4189.78 4189.78 1964.7 1964.7 
1569.42 0.000589118 0.000589118 29.7276 29.7276 0.580743 0.580743 73.8431 73.8431 28736.4 28736.4 4.53091 4.53091 1134.41 1134.41 83.9738 83.9738 4027.98 4027.98 1782.21 1782.21 
1569.48 0.00039347 0.00039347 26.8744 26.8744 0.426619 0.426619 68.6285 68.6285 26776.8 26776.8 3.54632 3.54632 1075.74 1075.74 70.1988 70.1988 3874.46 3874.46 1622.41 1622.41 
1569.53 0.00026298 0.00026298 24.2991 24.2991 0.313684 0.313684 63.8054 63.8054 24954.2 24954.2 2.77889 2.77889 1020.21 1020.21 58.7797 58.7797 3728.38 3728.38 1482.27 1482.27 
1569.59 0.000175887 0.000175887 21.9742 21.9742 0.230855 0.230855 59.3386 59.3386 23258.4 23258.4 2.18006 2.18006 967.616 967.616 49.2996 49.2996 3589.04 3589.04 1359.19 1359.19 
1569.64 0.000117719 0.000117719 19.8748 19.8748 0.170053 0.170053 55.1975 55.1975 21680.2 21680.2 1.71227 1.71228 917.772 917.772 41.4177 41.4177 3455.8 3455.8 1250.94 1250.94 
1569.7 7.88429e-05 7.88429e-05 17.9787 17.9787 0.125379 0.125379 51.3549 51.3549 20210.9 20210.9 1.34644 1.34644 870.507 870.507 34.8547 34.8547 3328.13 3328.13 1155.61 1155.61 
1569.75 5.28421e-05 5.28421e-05 16.2658 16.2658 0.0925264 0.0925264 47.7869 47.7869 18842.7 18842.7 1.06001 1.06001 825.664 825.664 29.3816 29.3816 3205.57 3205.57 1071.55 1071.55 
1569.81 3.54405e-05 3.54405e-05 14.7181 14.7181 0.0683448 0.0683448 44.4718 44.4718 17568.2 17568.2 0.8355 0.835501 783.098 783.098 24.8106 24.8106 3087.7 3087.7 997.346 997.346 
1569.86 2.37861e-05 2.37861e-05 13.3194 13.3194 0.0505297 0.0505297 41.39 41.39 16380.7 16380.7 0.659324 0.659324 742.674 742.674 20.9871 20.9871 2974.16 2974.16 931.762 931.762 
1569.92 1.59753e-05 1.59753e-05 12.0551 12.0551 0.0373929 0.0373929 38.5239 38.5239 15273.9 15273.9 0.520918 0.520918 704.269 704.269 17.7839 17.7839 2864.63 2864.63 873.739 873.739 
1569.97 1.07369e-05 1.07369e-05 10.912 10.912 0.0276971 0.0276971 35.8572 35.8572 14242 14242 0.41206 0.41206 667.766 667.766 15.0962 15.0962 2758.82 2758.82 822.356 822.356 
1570.03 7.22124e-06 7.22124e-06 9.87834 9.87834 0.0205345 0.0205345 33.3751 33.3751 13279.7 13279.7 0.326343 0.326343 633.058 633.058 12.8375 12.8375 2656.48 2656.48 776.813 776.813 
1570.08 4.86015e-06 4.86015e-06 8.94338 8.94338 0.0152383 0.0152383 31.0642 31.0642 12382 12382 0.258769 0.25877 600.044 600.044 10.9364 10.9364 2557.38 2557.38 736.413 736.413 
1570.14 3.27335e-06 3.27335e-06 8.09754 8.09754 0.0113187 0.0113187 28.9119 28.9119 11544.3 11544.3 0.205438 0.205438 568.63 568.63 9.33374 9.33374 2461.32 2461.32 700.546 700.546 
1570.19 2.20617e-06 2.20617e-06 7.33218 7.33218 0.00841521 0.00841521 26.9067 26.9067 10762.5 10762.5 0.163297 0.163297 538.728 538.728 7.98043 7.98043 2368.12 2368.12 668.678 668.678 
1570.25 1.48796e-06 1.48796e-06 6.6395 6.6395 0.0062624 0.00626239 25.038 25.038 10032.5 10032.5 0.129959 0.129959 510.256 510.256 6.83585 6.83585 2277.6 2277.6 640.34 640.34 
1570.3 1.00427e-06 1.00427e-06 6.01246 6.01246 0.00466472 0.00466472 23.296 23.296 9350.68 9350.68 0.103556 0.103555 483.135 483.135 5.86622 5.86622 2189.63 2189.63 615.117 615.117 
1570.36 6.78292e-07 6.78292e-07 5.44473 5.44473 0.00347793 0.00347793 21.6718 21.6718 8713.78 8713.78 0.0826184 0.0826183 457.294 457.294 5.04345 5.04345 2104.06 2104.06 592.643 592.643 
1570.41 4.58446e-07 4.58446e-07 4.93059 4.93059 0.00259554 0.00259554 20.1569 20.1569 8118.61 8118.61 0.0659964 0.0659963 432.665 432.665 4.34412 4.34412 2020.77 2020.77 572.59 572.59 
1570.47 3.10076e-07 3.10076e-07 4.46489 4.46489 0.00193886 0.00193886 18.7436 18.7436 7562.31 7562.31 0.0527845 0.0527844 409.183 409.183 3.74872 3.74872 1939.66 1939.66 554.666 554.666 
1570.52 2.09872e-07 2.09872e-07 4.04298 4.04298 0.00144971 0.00144971 17.4249 17.4249 7042.18 7042.18 0.0422705 0.0422704 386.79 386.79 3.24094 3.24094 1860.63 1860.63 538.607 538.607 
1570.58 1.42151e-07 1.42151e-07 3.66067 3.66067 0.001085 0.001085 16.1939 16.1939 6555.74 6555.74 0.0338933 0.0338933 365.428 365.428 2.80714 2.80714 1783.58 1783.58 524.174 524.174 
1570.63 9.63501e-08 9.63501e-08 3.31416 3.31416 0.000812819 0.00081282 15.0447 15.0447 6100.69 6100.69 0.0272107 0.0272107 345.046 345.046 2.43589 2.43589 1708.43 1708.43 511.151 511.151 
1570.69 6.53528e-08 6.53528e-08 3.00004 3.00004 0.000609504 0.000609504 13.9715 13.9715 5674.91 5674.91 0.0218734 0.0218734 325.594 325.594 2.11761 2.11761 1635.12 1635.12 499.337 499.337 
1570.74 4.43594e-08 4.43594e-08 2.71523 2.71523 0.000457485 0.000457485 12.9691 12.9691 5276.4 5276.4 0.0176053 0.0176053 307.025 307.025 1.84426 1.84426 1563.58 1563.58 488.549 488.549 
1570.8 3.01312e-08 3.01312e-08 2.45694 2.45694 0.000343714 0.000343714 12.0327 12.0327 4903.34 4903.34 0.014188 0.014188 289.297 289.297 1.60907 1.60907 1493.74 1493.74 478.616 478.616 
1570.85 2.04813e-08 2.04813e-08 2.22266 2.22266 0.000258486 0.000258487 11.1576 11.1576 4554.03 4554.03 0.0114486 0.0114486 272.368 272.368 1.40634 1.40634 1425.56 1425.56 469.377 469.377 
1570.91 1.39319e-08 1.39319e-08 2.01011 2.01011 0.000194581 0.000194581 10.3397 10.3397 4226.87 4226.87 0.00924988 0.00924989 256.2 256.2 1.23127 1.23127 1358.99 1358.99 460.682 460.682 
1570.96 9.48361e-09 9.48361e-09 1.81724 1.81724 0.000146617 0.000146617 9.57517 9.57517 3920.42 3920.42 0.00748289 0.0074829 240.759 240.759 1.07979 1.07979 1293.99 1293.99 452.391 452.391 
1571.02 6.46024e-09 6.46024e-09 1.64219 1.64219 0.000110583 0.000110583 8.86036 8.86036 3633.31 3633.31 0.00606108 0.0060611 226.009 226.009 0.94847 0.94847 1230.53 1230.53 444.368 444.368 
1571.07 4.40388e-09 4.40388e-09 1.4833 1.4833 8.34869e-05 8.34868e-05 8.19196 8.19196 3364.29 3364.29 0.00491559 0.00491561 211.92 211.92 0.834409 0.834409 1168.58 1168.58 436.486 436.486 
1571.13 3.00424e-09 3.00424e-09 1.33904 1.33904 6.30914e-05 6.30913e-05 7.56687 7.56687 3112.17 3112.17 0.00399155 0.00399156 198.463 198.463 0.735138 0.735138 1108.11 1108.11 428.626 428.626 
1571.18 2.05091e-09 2.05091e-09 1.20804 1.20804 4.77248e-05 4.77247e-05 6.98224 6.98224 2875.89 2875.89 0.00324518 0.00324519 185.611 185.611 0.648565 0.648565 1049.11 1049.11 420.672 420.672 
1571.24 1.40111e-09 1.40111e-09 1.08908 1.08908 3.61359e-05 3.61359e-05 6.43541 6.43541 2654.42 2654.42 0.00264155 0.00264156 173.337 173.337 0.572909 0.572909 991.559 991.559 412.518 412.518 
1571.29 9.57881e-10 9.5788e-10 0.981018 0.981018 2.73875e-05 2.73875e-05 5.92392 5.92392 2446.85 2446.85 0.00215273 0.00215273 161.619 161.619 0.506653 0.506653 935.446 935.446 404.063 404.063 
1571.35 6.55335e-10 6.55335e-10 0.882857 0.882857 2.0777e-05 2.0777e-05 5.44551 5.44551 2252.3 2252.3 0.00175636 0.00175637 150.433 150.433 0.448506 0.448506 880.765 880.765 395.213 395.213 
1571.4 4.48672e-10 4.48672e-10 0.793677 0.793677 1.5777e-05 1.5777e-05 4.99805 4.99805 2069.97 2069.97 0.00143454 0.00143455 139.759 139.759 0.397363 0.397363 827.516 827.516 385.885 385.885 
1571.46 3.07403e-10 3.07403e-10 0.71265 0.71265 1.19915e-05 1.19915e-05 4.5796 4.5796 1899.11 1899.11 0.00117291 0.00117291 129.579 129.579 0.352281 0.352281 775.699 775.699 376.001 376.001 
1571.51 2.10765e-10 2.10765e-10 0.639027 0.639027 9.12259e-06 9.12262e-06 4.18835 4.18835 1739.05 1739.05 0.000959919 0.000959919 119.874 119.874 0.312453 0.312453 725.318 725.318 365.495 365.495 
1571.57 1.44611e-10 1.44611e-10 0.572131 0.572131 6.94623e-06 6.94625e-06 3.82263 3.82263 1589.13 1589.13 0.000786294 0.000786294 110.628 110.628 0.277187 0.277187 676.384 676.384 354.312 354.312 
1571.62 9.92915e-11 9.92916e-11 0.51135 0.51135 5.29359e-06 5.29362e-06 3.48089 3.48089 1448.77 1448.77 0.000644569 0.000644569 101.825 101.825 0.245889 0.245889 628.909 628.909 342.408 342.408 
1571.68 6.82227e-11 6.82227e-11 0.45613 0.45613 4.0374e-06 4.03742e-06 3.16169 3.16169 1317.42 1317.42 0.000528727 0.000528727 93.4513 93.4513 0.21805 0.21805 582.906 582.906 329.754 329.754 
1571.73 4.69079e-11 4.6908e-11 0.40597 0.40597 3.08159e-06 3.08161e-06 2.86373 2.86373 1194.58 1194.58 0.000433912 0.00043391 85.4942 85.4942 0.193231 0.193231 538.397 538.397 316.333 316.333 
1571.79 3.22742e-11 3.22743e-11 0.360418 0.360418 2.35361e-06 2.35363e-06 2.58576 2.58576 1079.78 1079.78 0.0003562 0.000356195 77.9416 77.9416 0.171056 0.171056 495.401 495.401 302.143 302.143 
1571.84 2.22201e-11 2.22202e-11 0.319064 0.319064 1.7986e-06 1.79861e-06 2.32668 2.32668 972.583 972.583 0.000292416 0.000292411 70.7825 70.7825 0.151202 0.151202 453.944 453.944 287.203 287.203 
1571.9 1.53075e-11 1.53075e-11 0.281538 0.281538 1.37503e-06 1.37503e-06 2.08544 2.08544 872.598 872.598 0.000239992 0.000239987 64.0068 64.0068 0.13339 0.13339 414.053 414.053 271.544 271.544 
1571.95 1.05512e-11 1.05512e-11 0.247507 0.247507 1.05144e-06 1.05144e-06 1.8611 1.8611 779.456 779.456 0.000196844 0.000196842 57.6055 57.6055 0.11738 0.11738 375.757 375.757 255.217 255.217 
1572.01 7.27616e-12 7.27619e-12 0.21667 0.21667 8.03978e-07 8.03984e-07 1.65276 1.65276 692.822 692.822 0.000161285 0.000161284 51.5703 51.5703 0.102966 0.102966 339.089 339.089 238.294 238.294 
1572.06 5.01947e-12 5.01948e-12 0.188755 0.188755 6.14548e-07 6.14551e-07 1.45964 1.45964 612.386 612.386 0.000131941 0.000131941 45.8937 45.8937 0.0899724 0.0899724 304.082 304.082 220.863 220.863 
1572.12 3.46333e-12 3.46332e-12 0.163518 0.163518 4.69392e-07 4.69393e-07 1.28099 1.28099 537.866 537.866 0.000107696 0.000107695 40.569 40.569 0.0782464 0.0782464 270.773 270.773 203.031 203.031 
1572.17 2.38946e-12 2.38946e-12 0.140738 0.140738 3.58052e-07 3.58051e-07 1.11614 1.11614 469.003 469.003 8.76384e-05 8.76387e-05 35.5901 35.5901 0.067659 0.067659 239.199 239.199 184.924 184.924 
1572.23 1.64787e-12 1.64786e-12 0.12022 0.12022 2.72566e-07 2.72565e-07 0.964473 0.964473 405.563 405.563 7.10296e-05 7.103e-05 30.9516 30.9516 0.0580997 0.0580997 209.399 209.399 166.687 166.687 
1572.28 1.13535e-12 1.13535e-12 0.101784 0.101784 2.06872e-07 2.06868e-07 0.825442 0.825442 347.332 347.332 5.72653e-05 5.72655e-05 26.6488 26.6488 0.0494749 0.0494749 181.414 181.414 148.479 148.479 
1572.34 7.80904e-13 7.80898e-13 0.0852749 0.0852749 1.56345e-07 1.5634e-07 0.69854 0.69854 294.116 294.116 4.58526e-05 4.58527e-05 22.6776 22.6776 0.0417057 0.0417057 155.282 155.282 130.473 130.473 
1572.39 5.356e-13 5.35582e-13 0.0705502 0.0705502 1.17459e-07 1.17455e-07 0.583315 0.583315 245.742 245.742 3.639e-05 3.63899e-05 19.0344 19.0344 0.0347259 0.0347259 131.045 131.045 112.857 112.857 
1572.45 3.65725e-13 3.65709e-13 0.0574854 0.0574854 8.75224e-08 8.75188e-08 0.479362 0.479362 202.054 202.054 2.85498e-05 2.85498e-05 15.7159 15.7159 0.0284806 0.0284806 108.744 108.744 95.8271 95.8271 
1572.5 2.48026e-13 2.48021e-13 0.0459705 0.0459705 6.44783e-08 6.44752e-08 0.386319 0.386319 162.913 162.913 2.20658e-05 2.20659e-05 12.7197 12.7197 0.0229248 0.0229248 88.4184 88.4184 79.5844 79.5844 
1572.56 1.66461e-13 1.66459e-13 0.035909 0.035909 4.67587e-08 4.67556e-08 0.303871 0.303871 128.199 128.199 1.67213e-05 1.67216e-05 10.0434 10.0434 0.0180221 0.0180221 70.1071 70.1071 64.3344 64.3344 
1572.61 1.09956e-13 1.09955e-13 0.027217 0.027217 3.31677e-08 3.31656e-08 0.231738 0.231738 97.804 97.804 1.23415e-05 1.23419e-05 7.68532 7.68532 0.0137436 0.0137436 53.8473 53.8473 50.2803 50.2803 
1572.67 7.08775e-14 7.08762e-14 0.0198225 0.0198225 2.27965e-08 2.27952e-08 0.169683 0.169683 71.6374 71.6374 8.7859e-06 8.786e-06 5.64393 5.64393 0.0100672 0.0100672 39.674 39.674 37.6196 37.6196 
1572.72 4.39653e-14 4.39621e-14 0.0136646 0.0136646 1.49578e-08 1.4957e-08 0.117503 0.117503 49.6215 49.6215 5.94209e-06 5.942e-06 3.9181 3.9181 0.00697601 0.00697601 27.6198 27.6198 26.539 26.539 
1572.78 2.56149e-14 2.56103e-14 0.00869293 0.00869293 9.13724e-09 9.13707e-09 0.0750295 0.0750295 31.6923 31.6923 3.72225e-06 3.72215e-06 2.50698 2.50698 0.00445811 0.00445811 17.7136 17.7136 17.2096 17.2096 
1572.83 1.33803e-14 1.33769e-14 0.00486703 0.00486703 4.95648e-09 4.95627e-09 0.0421297 0.0421297 17.7986 17.7986 2.05935e-06 2.05941e-06 1.40994 1.40994 0.00250542 0.00250542 9.9805 9.9805 9.78194 9.78194 
1572.89 5.63778e-15 5.63572e-15 0.00215595 0.00215595 2.14652e-09 2.1465e-09 0.018701 0.018701 7.90165 7.90165 9.04627e-07 9.04678e-07 0.626575 0.626575 0.00111299 0.00111299 4.4412 4.4412 4.38073 4.38073 
1572.94 1.36482e-15 1.36409e-15 0.000537921 0.000537921 5.28366e-10 5.28366e-10 0.0046718 0.0046718 1.97411 1.97411 2.24595e-07 2.24612e-07 0.156636 0.156636 0.000278195 0.000278195 1.11114 1.11114 1.1003 1.1003 
1573 7.18575e-29 6.91384e-29 5.30253e-15 5.30253e-15 2.79815e-23 3.11426e-23 4.58533e-14 4.58533e-14 1.93602e-11 1.93602e-11 1.09953e-20 1.19313e-20 1.51464e-12 1.51464e-12 1.48085e-17 1.48085e-17 9.68531e-12 9.68531e-12 5.86639e-14 5.86639e-14 
