# ASCII 1D datafile generated by TiberCAD
# 1 x
# 2 ProbabilityDensity_0
# 3 ProbabilityDensity_1
# 4 ProbabilityDensity_2
# 5 ProbabilityDensity_3
# 6 ProbabilityDensity_4
# 7 ProbabilityDensity_5
# 8 ProbabilityDensity_6
# 9 ProbabilityDensity_7
# 10 ProbabilityDensity_8
# 11 ProbabilityDensity_9
# 12 ProbabilityDensity_10
# 13 ProbabilityDensity_11
# 14 ProbabilityDensity_12
# 15 ProbabilityDensity_13
# 16 ProbabilityDensity_14
# 17 ProbabilityDensity_15
# 18 ProbabilityDensity_16
# 19 ProbabilityDensity_17
# 20 ProbabilityDensity_18
# 21 ProbabilityDensity_19
# x ProbabilityDensity_0 ProbabilityDensity_1 ProbabilityDensity_2 ProbabilityDensity_3 ProbabilityDensity_4 ProbabilityDensity_5 ProbabilityDensity_6 ProbabilityDensity_7 ProbabilityDensity_8 ProbabilityDensity_9 ProbabilityDensity_10 ProbabilityDensity_11 ProbabilityDensity_12 ProbabilityDensity_13 ProbabilityDensity_14 ProbabilityDensity_15 ProbabilityDensity_16 ProbabilityDensity_17 ProbabilityDensity_18 ProbabilityDensity_19 
1559 1.3818e-12 1.74094e-10 2.35017e-08 7.54276e-09 3.43297e-08 3.40998e-08 5.27167e-08 6.99648e-08 8.14631e-08 1.12008e-07 1.21411e-07 1.58768e-07 1.73113e-07 2.10389e-07 2.36504e-07 2.6882e-07 3.09678e-07 3.36714e-07 3.89309e-07 4.1648e-07 
1559.06 0.293791 36.9887 4992.02 1601.54 7286.06 7233.39 11174.6 14820.5 17239.5 23682.7 25640.6 33493 36470.3 44262.5 49683.7 56379.1 64843.3 70370.7 81215 86702.9 
1559.11 1.17635 147.79 19930.9 6386.77 29018.7 28762.4 44340.8 58683.9 68064.4 93256.5 100608 130981 142048 171683 191853 216616 247914 267494 307008 325674 
1559.17 2.6513 331.915 44706.1 14298 64825.1 64078.8 98438.5 129823 149844 204395 219190 283766 305646 366817 406825 455422 516870 552195 627761 658670 
1559.22 4.72478 588.569 79136.2 25240.4 114093 112352 171743 225378 258349 350193 372364 478225 510091 606029 664852 735130 824215 867917 973011 1.00455e+06 
1559.28 7.40559 916.657 122972 39083.7 175984 172449 261922 341511 387980 521606 548483 697036 733943 860360 930247 1.01164e+06 1.1157e+06 1.15196e+06 1.26694e+06 1.27907e+06 
1559.33 10.7053 1314.81 175899 55664.1 249450 242965 366115 473572 532054 708012 734171 920724 953741 1.09904e+06 1.16633e+06 1.24138e+06 1.3399e+06 1.34795e+06 1.44503e+06 1.4154e+06 
1559.39 14.6385 1781.39 237541 74786.7 333252 322257 481023 616280 683158 897876 915342 1.1294e+06 1.14647e+06 1.29323e+06 1.34049e+06 1.38817e+06 1.45728e+06 1.41702e+06 1.46823e+06 1.38036e+06 
1559.44 19.2226 2314.53 307467 96228.4 425985 408484 603020 763942 833528 1.07947e+06 1.07827e+06 1.30454e+06 1.29198e+06 1.41947e+06 1.42871e+06 1.42893e+06 1.44719e+06 1.34549e+06 1.33148e+06 1.18253e+06 
1559.5 24.4788 2912.13 385192 119741 526099 499653 728265 910681 975455 1.24159e+06 1.21063e+06 1.4306e+06 1.37506e+06 1.46256e+06 1.41884e+06 1.35728e+06 1.31145e+06 1.1476e+06 1.06483e+06 870108 
1559.55 30.4312 3571.88 470184 145053 631934 593662 852828 1.05067e+06 1.10168e+06 1.37425e+06 1.30243e+06 1.49643e+06 1.38707e+06 1.41732e+06 1.31229e+06 1.18455e+06 1.07402e+06 862637 726809 519145 
1559.61 37.108 4291.3 561870 171877 741740 688354 972812 1.17837e+06 1.20575e+06 1.46931e+06 1.34675e+06 1.49623e+06 1.32679e+06 1.28926e+06 1.1238e+06 937951 776786 547137 391582 215049 
1559.66 44.5414 5067.73 659637 199908 853716 781568 1.08448e+06 1.28874e+06 1.28239e+06 1.52096e+06 1.34029e+06 1.43008e+06 1.20058e+06 1.09389e+06 879409 656308 472130 263659 132658 31796.1 
1559.72 52.7677 5898.4 762842 228833 966034 871183 1.18436e+06 1.37744e+06 1.3277e+06 1.52606e+06 1.28359e+06 1.30388e+06 1.02164e+06 854811 612849 383931 213718 68388.2 6796.85 13950.9 
1559.77 61.8278 6780.4 870818 258329 1.07687e+06 955174 1.26937e+06 1.441e+06 1.33943e+06 1.48435e+06 1.18096e+06 1.12885e+06 808702 600870 360873 163645 47049.2 12.7284 41581.6 165855 
1559.83 71.7676 7710.71 982874 288070 1.18445e+06 1.03165e+06 1.3369e+06 1.47696e+06 1.317e+06 1.39845e+06 1.04019e+06 920534 583997 362689 158202 30066.2 1453.71 72075.4 229396 450599 
1559.88 82.6384 8686.27 1.09831e+06 317733 1.28704e+06 1.09891e+06 1.38489e+06 1.48395e+06 1.26163e+06 1.27367e+06 871935 697380 370974 168964 32746.4 4174.81 84954.3 270315 529121 799013 
1559.94 94.497 9703.93 1.2164e+06 346997 1.38303e+06 1.15545e+06 1.41189e+06 1.46174e+06 1.17616e+06 1.11773e+06 688895 479138 191840 43019 1772.8 90037.4 282874 555512 875159 1.12649e+06 
1559.99 107.407 10760.5 1.33644e+06 375549 1.4709e+06 1.20004e+06 1.41713e+06 1.41127e+06 1.06498e+06 940204 504869 285098 65252.3 6.32255 69542.9 274187 560439 871266 1.19181e+06 1.35356e+06 
1560.05 121.438 11852.9 1.4577e+06 403088 1.54929e+06 1.23172e+06 1.40048e+06 1.33456e+06 933789 751998 333712 132391 4383.75 45098.3 226745 527754 868906 1.15517e+06 1.40984e+06 1.42512e+06 
1560.1 136.667 12977.8 1.57948e+06 429327 1.61699e+06 1.24982e+06 1.36253e+06 1.23468e+06 789258 564641 188289 34486.7 15564.4 172881 451790 811010 1.15413e+06 1.35113e+06 1.4816e+06 1.32387e+06 
1560.16 153.18 14132.2 1.70108e+06 453995 1.67299e+06 1.25397e+06 1.30448e+06 1.11557e+06 638738 389591 79522.1 11.8759 97634.6 368019 713792 1.0796e+06 1.36609e+06 1.42048e+06 1.39147e+06 1.07442e+06 
1560.21 171.072 15312.9 1.82182e+06 476845 1.71646e+06 1.24414e+06 1.22817e+06 981944 489860 237537 15566 32001.8 242079 607112 976820 1.29151e+06 1.46765e+06 1.34957e+06 1.15919e+06 737303 
1560.27 190.444 16516.8 1.94103e+06 497648 1.74677e+06 1.22059e+06 1.13598e+06 839033 350157 117746 1212.01 127646 433923 861512 1.20483e+06 1.4136e+06 1.44103e+06 1.15244e+06 835547 394297 
1560.32 211.412 17741.1 2.05807e+06 516202 1.76351e+06 1.18389e+06 1.03079e+06 692434 226682 37509.3 37534.7 278547 653297 1.10077e+06 1.36661e+06 1.42682e+06 1.29096e+06 868063 491274 128564 
1560.38 234.101 18982.8 2.17233e+06 532333 1.7665e+06 1.1349e+06 915832 547868 125657 1701.99 121822 471471 877503 1.29626e+06 1.44005e+06 1.32918e+06 1.0438e+06 552570 201555 4506.33 
1560.43 258.649 20239.1 2.28324e+06 545891 1.75575e+06 1.07475e+06 794646 410958 52162.3 12497.2 247789 689516 1.08337e+06 1.42465e+06 1.41513e+06 1.13597e+06 742863 268215 29636.3 52180 
1560.49 285.207 21507.5 2.39025e+06 556758 1.73151e+06 1.0048e+06 670937 287014 9886.43 69242.3 406053 913606 1.24964e+06 1.47063e+06 1.29534e+06 877421 440882 71073.5 13033.6 260046 
1560.54 313.941 22785.4 2.49284e+06 564845 1.69422e+06 926631 548478 180830 947.221 168509 584843 1.12416e+06 1.3592e+06 1.42877e+06 1.0971e+06 593949 190723 3.99771 155371 577792 
1560.6 345.035 24070.5 2.59056e+06 570093 1.64452e+06 841980 430984 96503.2 25792.2 304307 770881 1.30281e+06 1.40077e+06 1.30412e+06 847564 329817 36153.4 69010.2 425625 928545 
1560.65 378.689 25360.4 2.68297e+06 572471 1.58326e+06 752724 322008 37276.7 83183.4 468458 950374 1.434e+06 1.37013e+06 1.11162e+06 580850 126240 4204.12 264509 764912 1.22748e+06 
1560.71 415.125 26653.3 2.76969e+06 571981 1.51141e+06 660827 224835 5423.12 170266 651094 1.11004e+06 1.50633e+06 1.27049e+06 874268 333401 14964 100461 548032 1.09935e+06 1.40235e+06 
1560.76 454.584 27947.2 2.85037e+06 568654 1.43014e+06 568297 142380 2161.61 282717 841255 1.23808e+06 1.51357e+06 1.11217e+06 620400 138998 13330.8 308118 863819 1.35614e+06 1.41093e+06 
1560.82 497.333 29240.5 2.92472e+06 562546 1.34073e+06 477147 77108.6 27617.3 414966 1.02756e+06 1.32507e+06 1.45515e+06 911512 380279 24156.4 121598 590933 1.1498e+06 1.47943e+06 1.2512e+06 
1560.87 543.666 30531.6 2.99249e+06 553742 1.24457e+06 389347 30966.3 80823.1 560479 1.19887e+06 1.36463e+06 1.33621e+06 689196 182502 4531.48 322921 899579 1.34981e+06 1.44247e+06 961808 
1560.93 593.905 31819.3 3.05346e+06 542355 1.14316e+06 306783 5322.65 159762 712083 1.34498e+06 1.3539e+06 1.16716e+06 468094 50600 82797.8 585998 1.18026e+06 1.42459e+06 1.25335e+06 612687 
1560.98 648.405 33102.5 3.10748e+06 528518 1.03803e+06 231219 936.279 261452 862324 1.45722e+06 1.29374e+06 962728 270927 254.6 248309 869954 1.3841e+06 1.35953e+06 953240 288155 
1561.04 707.556 34380.2 3.15442e+06 512388 930775 164263 17937 382060 1.00384e+06 1.52895e+06 1.18862e+06 740698 117932 37446.1 478566 1.13071e+06 1.47563e+06 1.16745e+06 607419 66549.9 
1561.09 771.789 35651.8 3.1942e+06 494141 823005 107327 55826.7 517059 1.1297e+06 1.55596e+06 1.04636e+06 520350 24796.3 157765 742295 1.32781e+06 1.43898e+06 886096 291050 1343.45 
1561.15 841.575 36916.8 3.2268e+06 473972 716317 61610.2 113499 661394 1.2338e+06 1.53672e+06 877444 320786 1058.24 346953 1.00371e+06 1.43074e+06 1.2806e+06 570697 72856 108265 
1561.2 917.438 38174.9 3.25221e+06 452090 612281 28066.1 189278 809682 1.31109e+06 1.47244e+06 694331 159283 49148.1 582614 1.22737e+06 1.42358e+06 1.02809e+06 283113 210.344 361547 
1561.26 999.952 39426.1 3.27048e+06 428719 512411 7392.26 280967 956414 1.35784e+06 1.367e+06 510479 49802.6 164155 836877 1.38299e+06 1.30753e+06 725417 79713.8 88880.7 700171 
1561.31 1089.75 40670.6 3.28169e+06 404091 418151 15.8748 385923 1.09616e+06 1.37184e+06 1.22673e+06 339378 1796.88 334345 1.0797e+06 1.44956e+06 1.10061e+06 425205 345.762 319642 1.0426e+06 
1561.37 1187.53 41908.6 3.28595e+06 378447 330850 6088.74 501134 1.22377e+06 1.35248e+06 1.05997e+06 193559 19405.6 542374 1.28245e+06 1.41811e+06 834910 179626 60550.1 642482 1.30642e+06 
1561.42 1294.07 43141 3.28341e+06 352035 251744 25487.4 623306 1.33456e+06 1.30077e+06 876633 83684.4 101115 767070 1.42123e+06 1.29297e+06 551592 31321 248552 987470 1.4282e+06 
1561.48 1410.23 44368.3 3.27425e+06 325104 181947 57819 748967 1.42451e+06 1.21927e+06 687557 17773.4 239905 985592 1.47973e+06 1.09113e+06 294490 6025.98 527598 1.27992e+06 1.37869e+06 
1561.53 1536.93 45591.8 3.25867e+06 297903 122430 102433 874562 1.49037e+06 1.112e+06 503909 629.306 423865 1.17576e+06 1.45114e+06 839932 103352 108130 843167 1.45659e+06 1.16988e+06 
1561.59 1675.23 46812.5 3.23691e+06 270683 74014.9 158436 996558 1.52977e+06 984195 336505 33500.6 637235 1.31832e+06 1.3389e+06 573335 7703.33 319948 1.13364e+06 1.47929e+06 852008 
1561.64 1826.27 48032.1 3.20921e+06 243687 37362.4 224717 1.11155e+06 1.54136e+06 842070 195178 114003 861761 1.39886e+06 1.15627e+06 327353 22310 604811 1.34236e+06 1.3432e+06 501519 
1561.7 1991.34 49252.1 3.17585e+06 217155 12969.1 299965 1.21633e+06 1.5248e+06 692505 88214 236303 1.07827e+06 1.40928e+06 924804 135176 144923 913441 1.42865e+06 1.0778e+06 202628 
1561.75 2171.85 50474.6 3.13711e+06 191316 1162.23 382708 1.30802e+06 1.48076e+06 542718 21867.8 391558 1.26831e+06 1.3486e+06 671735 22707.8 356654 1.1925e+06 1.37574e+06 740509 27117.1 
1561.81 2369.36 51701.6 3.09331e+06 166393 2098.73 471335 1.38412e+06 1.41094e+06 399911 11.664 568560 1.41572e+06 1.22304e+06 426809 5097.1 624912 1.39379e+06 1.19403e+06 404222 17116.2 
1561.86 2585.6 52935.6 3.04477e+06 142594 15766.8 564136 1.44258e+06 1.31794e+06 270932 23919.4 754559 1.508e+06 1.04534e+06 218775 84715.8 908441 1.48261e+06 918979 141570 175030 
1561.92 2822.51 54179.1 2.99179e+06 120117 41989.2 659332 1.48184e+06 1.20519e+06 161946 92204.2 936183 1.53738e+06 833522 72020.3 250867 1.16368e+06 1.4437e+06 604211 9246.23 463004 
1561.97 3082.22 55434.9 2.93474e+06 99143.4 80429.8 755116 1.5009e+06 1.07684e+06 78145.7 200912 1.10041e+06 1.50144e+06 608986 3732.08 481249 1.35146e+06 1.28385e+06 311032 35796.7 812039 
1562.03 3367.09 56706.2 2.87393e+06 79841 130600 849685 1.49931e+06 937561 23514.7 343762 1.23549e+06 1.40332e+06 394394 21899.1 744968 1.44301e+06 1.0307e+06 96497.9 215504 1.13855e+06 
1562.08 3679.78 57996.2 2.80972e+06 62360.9 191871 941277 1.47721e+06 792397 641.455 512521 1.3318e+06 1.25141e+06 211369 124402 1.0067e+06 1.42435e+06 727931 2332.57 509660 1.36441e+06 
1562.14 4023.2 59308.5 2.74244e+06 46837.6 263482 1.0282e+06 1.43528e+06 646583 10607.2 697488 1.38252e+06 1.05866e+06 78326.9 299286 1.23143e+06 1.29843e+06 427738 46839.1 854941 1.43562e+06 
1562.19 4400.61 60647.1 2.67245e+06 33388.1 344555 1.10887e+06 1.37476e+06 505352 52944 888058 1.38408e+06 841442 8634.8 526174 1.38914e+06 1.08462e+06 181820 221380 1.17707e+06 1.33522e+06 
1562.25 4815.65 62016 2.60007e+06 22111.9 434109 1.18184e+06 1.29736e+06 373747 125666 1.07334e+06 1.33647e+06 618155 9286.47 778664 1.4588e+06 815719 32493.5 492091 1.4068e+06 1.0873e+06 
1562.3 5272.35 63419.6 2.52564e+06 13090.9 531073 1.24581e+06 1.20525e+06 256449 225372 1.24277e+06 1.24315e+06 407679 80219.2 1.02742e+06 1.4312e+06 532928 5433.77 806486 1.49482e+06 751170 
1562.36 5775.22 64862.7 2.44948e+06 6389.12 634303 1.29966e+06 1.101e+06 157612 347412 1.38674e+06 1.11084e+06 227774 214341 1.24357e+06 1.3101e+06 279526 105294 1.10366e+06 1.42229e+06 407193 
1562.41 6329.27 66350.2 2.37192e+06 2053.21 742599 1.34249e+06 987455 80718.5 486117 1.49711e+06 949010 93595.2 398258 1.40208e+06 1.11174e+06 94249.9 314940 1.32608e+06 1.20486e+06 137538 
1562.47 6940.1 67887.7 2.29326e+06 112.718 854719 1.37358e+06 867712 28469.5 635061 1.56769e+06 769202 16423.6 613633 1.48465e+06 862608 5398.4 598426 1.43077e+06 889289 6583.81 
1562.52 7613.96 69480.9 2.2138e+06 580.625 969399 1.39247e+06 745004 2691.07 787373 1.59455e+06 584200 2737.85 839025 1.48178e+06 595952 26530.9 907189 1.39754e+06 543342 45579.3 
1562.58 8357.82 71135.8 2.13382e+06 3453.99 1.08536e+06 1.39888e+06 622625 4281.02 936051 1.57627e+06 407123 53686.7 1.05204e+06 1.39391e+06 347287 154431 1.18839e+06 1.2329e+06 241242 245233 
1562.63 9179.5 72859.2 2.0536e+06 8714.72 1.20135e+06 1.3928e+06 503833 33185.3 1.07429e+06 1.51398e+06 250498 165013 1.23154e+06 1.23128e+06 149694 369628 1.39395e+06 968751 47759.7 557978 
1562.69 10087.7 74658 1.9734e+06 16330.4 1.3161e+06 1.37442e+06 391774 88408.7 1.1958e+06 1.4113e+06 125378 327428 1.35978e+06 1.01275e+06 29428.9 639393 1.48879e+06 656169 4348.81 909346 
1562.74 11092.2 76539.7 1.89346e+06 26255.5 1.42842e+06 1.34415e+06 289394 168057 1.29507e+06 1.2741e+06 40573.8 527408 1.42411e+06 763614 2454.47 922741 1.45679e+06 355542 120309 1.21573e+06 
1562.8 12203.9 78512.4 1.81401e+06 38432 1.53715e+06 1.30262e+06 199368 269412 1.36764e+06 1.11016e+06 2045.25 748330 1.41824e+06 512646 72350.3 1.17667e+06 1.3035e+06 124894 370840 1.40429e+06 
1562.85 13435.1 80584.8 1.73527e+06 52790.7 1.64119e+06 1.25063e+06 124033 389029 1.41029e+06 928769 12494 971871 1.34285e+06 288784 229867 1.36271e+06 1.05516e+06 8703.98 702393 1.43026e+06 
1562.91 14799.4 82766.1 1.65744e+06 69252.7 1.73953e+06 1.18916e+06 65333.2 522866 1.42116e+06 740124 71191.4 1.17953e+06 1.20548e+06 117802 454179 1.45271e+06 754219 29364.7 1.04415e+06 1.28756e+06 
1562.96 16312.3 85066.3 1.5807e+06 87730 1.8312e+06 1.11935e+06 24773 666420 1.39986e+06 554807 174045 1.35418e+06 1.01976e+06 19358.1 715667 1.43313e+06 452005 182904 1.32319e+06 1.01016e+06 
1563.02 17991 87496.1 1.50522e+06 108127 1.91538e+06 1.04246e+06 3385.68 814890 1.34744e+06 383177 313898 1.48144e+06 804062 4757.51 979846 1.30702e+06 200027 439794 1.48001e+06 664004 
1563.07 19855 90067 1.43115e+06 130342 1.99131e+06 959872 1713.01 963338 1.26636e+06 234798 481045 1.5509e+06 579688 75676.9 1.21193e+06 1.09355e+06 41188.3 750667 1.48126e+06 331305 
1563.13 21925.9 92791.5 1.35865e+06 154268 2.05833e+06 873028 19797.8 1.10686e+06 1.16035e+06 117909 663912 1.55692e+06 368736 224002 1.38141e+06 825055 2506.51 1.05584e+06 1.32677e+06 91006.2 
1563.18 24228.3 95683 1.28781e+06 179794 2.1159e+06 783438 57189.7 1.24074e+06 1.03424e+06 38984.1 849874 1.49913e+06 191946 432784 1.46606e+06 542159 90560 1.29677e+06 1.04953e+06 92.2597 
1563.24 26789.7 98756.1 1.21877e+06 206806 2.1636e+06 692633 112963 1.36062e+06 893748 2379.57 1.02613e+06 1.38236e+06 66666.5 678200 1.45485e+06 287589 290407 1.42732e+06 708656 80112.2 
1563.29 29641.2 102026 1.15161e+06 235190 2.2011e+06 602150 185747 1.46262e+06 745195 10111.3 1.18057e+06 1.2163e+06 5173.52 932289 1.34934e+06 99752.1 568165 1.42254e+06 376736 312126 
1563.35 32817.7 105511 1.08641e+06 264828 2.22819e+06 513500 273765 1.5435e+06 595237 61757.3 1.30266e+06 1.01465e+06 13482.2 1.16616e+06 1.16347e+06 6954.74 876786 1.28345e+06 124392 641242 
1563.4 36358.6 109228 1.02324e+06 295607 2.24476e+06 428144 374883 1.6007e+06 450558 154496 1.38408e+06 793972 90784.6 1.35326e+06 921707 23168.7 1.16405e+06 1.03675e+06 5271.85 989649 
1563.46 40308.2 113198 962165 327412 2.25082e+06 347477 486671 1.63247e+06 317580 283277 1.41935e+06 572349 229552 1.47241e+06 655764 145961 1.38142e+06 729740 44683.8 1.27504e+06 
1563.51 44716.7 117443 903216 360132 2.24647e+06 272798 606461 1.63789e+06 202181 441109 1.40615e+06 367893 416293 1.51019e+06 400488 356899 1.49223e+06 421162 234270 1.43007e+06 
1563.57 49640.5 121986 846429 393660 2.23192e+06 205296 731421 1.61692e+06 109438 619452 1.34549e+06 197275 632882 1.46241e+06 189274 624349 1.47786e+06 170014 533835 1.41822e+06 
1563.62 55143.8 126854 791827 427893 2.20747e+06 146034 858619 1.57033e+06 43415.6 808692 1.24159e+06 74372.5 858340 1.3346e+06 49713.4 908254 1.34083e+06 24264.7 879912 1.24239e+06 
1563.68 61298.6 132074 739421 462731 2.17349e+06 95934.7 985100 1.49974e+06 6996.17 998666 1.10162e+06 9162.04 1.07088e+06 1.14129e+06 12.5928 1.16615e+06 1.10436e+06 11729.5 1.19925e+06 944122 
1563.73 68186.8 137677 689211 498084 2.13044e+06 55767.3 1.10795e+06 1.40752e+06 1762.91 1.17921e+06 935154 6925.86 1.25e+06 904432 46649.8 1.35952e+06 808373 134804 1.42432e+06 593807 
1563.79 75900.9 143698 641193 533863 2.07887e+06 26141.9 1.22438e+06 1.2967e+06 27943.7 1.34072e+06 753541 67847.5 1.37848e+06 650804 183563 1.45955e+06 502783 370055 1.50761e+06 274014 
1563.84 84545.6 150172 595351 569991 2.01935e+06 7502.74 1.33177e+06 1.17088e+06 84412.3 1.47463e+06 569112 187020 1.44404e+06 409040 392975 1.4514e+06 239042 672731 1.43162e+06 60060.4 
1563.9 94239.8 157141 551663 606395 1.95254e+06 126.209 1.42774e+06 1.03412e+06 168749 1.57391e+06 394348 354865 1.44046e+06 206383 647729 1.3364e+06 61508.8 985308 1.21249e+06 2299.09 
1563.95 105118 164650 510102 643012 1.87914e+06 4120.5 1.51018e+06 890779 277356 1.63339e+06 241038 557922 1.36818e+06 65629.2 914840 1.13179e+06 11.696 1.24845e+06 896592 114319 
1564.01 117334 172746 470633 679785 1.79987e+06 19428.6 1.57734e+06 745390 405619 1.65002e+06 119494 779947 1.23427e+06 2584.24 1.15978e+06 868113 64875.2 1.41227e+06 550628 369811 
1564.06 131060 181483 433216 716668 1.71551e+06 45833.5 1.6278e+06 602526 548116 1.62306e+06 37868.7 1.00323e+06 1.05164e+06 24319 1.35095e+06 584675 245234 1.44578e+06 247585 708800 
1564.12 146493 190920 397807 753621 1.62683e+06 82965.8 1.66058e+06 466643 698854 1.55406e+06 1620.74 1.21e+06 837872 128406 1.46374e+06 323644 510898 1.34274e+06 51332.2 1.05178e+06 
1564.17 163859 201122 364359 790616 1.53464e+06 130313 1.67505e+06 341950 851525 1.44676e+06 13168.8 1.38387e+06 613453 303222 1.48371e+06 123801 817449 1.12277e+06 3195.5 1.31838e+06 
1564.23 183412 212160 332820 827632 1.43974e+06 187231 1.67105e+06 232286 999776 1.30692e+06 71747.9 1.5111e+06 399849 529280 1.4084e+06 14798.4 1.11369e+06 827593 113309 1.44621e+06 
1564.28 205443 224113 303136 864659 1.34292e+06 252957 1.64877e+06 141001 1.13748e+06 1.14196e+06 173478 1.58171e+06 217443 781423 1.24762e+06 12792 1.35023e+06 513112 358538 1.40542e+06 
1564.34 230282 237068 275251 901696 1.24499e+06 326624 1.60886e+06 70867.1 1.25897e+06 960581 311642 1.59023e+06 83600.4 1.03165e+06 1.02213e+06 118084 1.48769e+06 238807 687400 1.20568e+06 
1564.39 258306 251121 249106 938749 1.14671e+06 407277 1.5523e+06 24000 1.35931e+06 772291 477143 1.53611e+06 11039.8 1.25222e+06 760981 315120 1.50327e+06 56502.1 1.03092e+06 893794 
1564.45 289946 266377 224642 975839 1.04884e+06 493885 1.48044e+06 1804.04 1.43445e+06 586919 659119 1.42374e+06 6642.07 1.41877e+06 497733 574831 1.39448e+06 606.06 1.31712e+06 542755 
1564.5 325692 282955 201798 1.01299e+06 952119 585364 1.39494e+06 4940.3 1.48141e+06 414095 845667 1.26209e+06 70826.6 1.51294e+06 266154 858952 1.17955e+06 81662.5 1.48612e+06 234619 
1564.56 366105 300982 180515 1.05024e+06 857238 680585 1.29774e+06 33317.6 1.49838e+06 262760 1.02463e+06 1.06398e+06 197539 1.52443e+06 95899.9 1.12568e+06 894289 284415 1.50263e+06 41349.9 
1564.61 411826 320605 160732 1.08765e+06 764862 778400 1.19098e+06 86105.2 1.4848e+06 140710 1.1844e+06 845040 374850 1.45209e+06 8739.95 1.33586e+06 586163 570730 1.36333e+06 8049.01 
1564.67 463587 341981 142388 1.12525e+06 675615 877650 1.077e+06 161768 1.44133e+06 54204.9 1.31465e+06 622478 586103 1.30404e+06 15802.4 1.45867e+06 306344 886818 1.09744e+06 142488 
1564.72 522227 365288 125424 1.16313e+06 590082 977185 958247 258122 1.36987e+06 7665.49 1.40702e+06 413735 811498 1.09668e+06 116192 1.47622e+06 101245 1.17336e+06 760614 413363 
1564.78 588705 390723 109782 1.20136e+06 508802 1.07588e+06 837250 372405 1.27342e+06 3460.82 1.45563e+06 235123 1.02996e+06 852920 297144 1.38603e+06 4843.19 1.37667e+06 423240 757645 
1564.83 664121 418503 95405.4 1.24003e+06 432270 1.17264e+06 716543 501368 1.15597e+06 41806.1 1.45747e+06 100556 1.22113e+06 599604 535682 1.20145e+06 33092.1 1.45873e+06 155740 1.0953e+06 
1564.89 749737 448872 82238.7 1.27924e+06 360936 1.26642e+06 598628 641373 1.02233e+06 120770 1.41254e+06 20489.6 1.36725e+06 364564 801570 949589 181331 1.40427e+06 13895.5 1.34791e+06 
1564.94 846998 482100 70228.7 1.31909e+06 295203 1.35625e+06 485918 788503 877905 236390 1.32386e+06 1129.16 1.45479e+06 173570 1.06117e+06 667345 425108 1.22361e+06 27258 1.4569e+06 
1565 957566 518489 59324.3 1.35972e+06 235426 1.44121e+06 380696 938679 728522 382889 1.19722e+06 43973.3 1.47574e+06 47520 1.2817e+06 395995 724256 950644 193056 1.39709e+06 
1565 957566 518489 59324.3 1.35972e+06 235426 1.44121e+06 380696 938679 728522 382889 1.19722e+06 43973.3 1.47574e+06 47520 1.2817e+06 395995 724256 950644 193056 1.39709e+06 
1565.06 1.06919e+06 553121 50035.4 1.39275e+06 185194 1.50848e+06 291003 1.07158e+06 588975 536412 1.04871e+06 135062 1.42639e+06 862.998 1.41737e+06 188485 999674 656064 448273 1.19354e+06 
1565.11 1.18714e+06 586714 41301.6 1.41586e+06 139417 1.55775e+06 209225 1.19003e+06 450834 696843 873977 267641 1.30754e+06 25629.6 1.46243e+06 49539 1.22389e+06 367711 747270 882187 
1565.17 1.31124e+06 618905 33206.2 1.42844e+06 98963.1 1.58746e+06 138040 1.28895e+06 321147 854219 685856 430202 1.13099e+06 118933 1.41066e+06 6.50887 1.35908e+06 139792 1.02778e+06 534513 
1565.22 1.44122e+06 649321 25830.7 1.43005e+06 64616.2 1.59657e+06 79814 1.36404e+06 206597 998683 498263 608559 914442 269877 1.26868e+06 47334.4 1.38231e+06 15257.9 1.23124e+06 230557 
1565.28 1.57676e+06 677593 19252.6 1.42039e+06 37059.1 1.58455e+06 36507.3 1.41191e+06 113140 1.1211e+06 325182 787064 679785 460774 1.05512e+06 184366 1.28942e+06 17623.1 1.31502e+06 40431.6 
1565.33 1.71746e+06 703353 13544.1 1.39938e+06 16851.7 1.55145e+06 9598.18 1.43031e+06 45681 1.21364e+06 179595 949962 450873 669170 798278 390339 1.09587e+06 146426 1.26141e+06 8066.47 
1565.39 1.86286e+06 726244 8770.71 1.36711e+06 4413.32 1.49788e+06 16.1282 1.41821e+06 7786.76 1.27028e+06 72490.4 1.08278e+06 251092 870456 532305 633966 834217 377209 1.08142e+06 140939 
1565.44 2.01239e+06 745922 4988.99 1.32388e+06 7.25869 1.42504e+06 8095.04 1.37589e+06 1476.99 1.28725e+06 11998.1 1.17363e+06 100941 1.04076e+06 292729 878127 548648 666061 812587 408207 
1565.5 2.16543e+06 762067 2245.53 1.27018e+06 3728.11 1.3347e+06 33546.4 1.30493e+06 27087.7 1.26324e+06 2732.78 1.21427e+06 15892.4 1.15976e+06 111657 1.0855e+06 287551 957902 511187 747744 
1565.56 2.32125e+06 774381 575.303 1.20674e+06 15492.8 1.22916e+06 75454.2 1.20819e+06 83226.5 1.19957e+06 45400.6 1.20088e+06 4743.26 1.21318e+06 13433 1.22428e+06 95286.5 1.19694e+06 240485 1.08048e+06 
1565.61 2.47904e+06 782604 0.253114 1.13444e+06 35035.2 1.11119e+06 132294 1.0897e+06 166821 1.10012e+06 136701 1.13446e+06 68644.1 1.19444e+06 11298.9 1.27302e+06 4599.52 1.33733e+06 57420.9 1.32877e+06 
1565.67 2.63791e+06 786510 528.111 1.0544e+06 61905.9 983974 201973 954499 273262 971119 269537 1.02076e+06 200918 1.1056e+06 105533 1.22406e+06 30966.7 1.35201e+06 573.739 1.43451e+06 
1565.72 2.79688e+06 785921 2151.33 967890 95475.2 851037 281896 808438 396635 820748 433530 869833 387696 957090 283333 1.08472e+06 169861 1.23794e+06 81936.4 1.37278e+06 
1565.78 2.95488e+06 780707 4846.23 876361 134942 716129 369051 657920 530028 658664 615796 695148 609317 766555 520475 876263 397434 1.01682e+06 284275 1.1578e+06 
1565.83 3.11077e+06 770795 8572.41 781394 179347 583128 460112 509627 665906 495365 801930 512407 842354 556781 784553 630699 674519 731007 564671 839725 
1565.89 3.26333e+06 756171 13272.4 684687 227590 455924 551560 370215 796526 341512 977127 338131 1.06206e+06 352967 1.03936e+06 385887 953310 435427 863530 492992 
1565.94 3.41127e+06 736887 18871.8 588021 278455 338300 639812 246010 914369 207222 1.12735e+06 188163 1.24498e+06 179697 1.24981e+06 179685 1.18557e+06 187042 1.1172e+06 198934 
1566 3.55323e+06 713062 25279.2 493227 330633 233808 721362 142702 1.01258e+06 101388 1.24048e+06 76202.7 1.37147e+06 57950.1 1.38682e+06 44077.4 1.33096e+06 33824.3 1.2715e+06 26655 
1566.06 3.68783e+06 684886 32387.2 402147 382756 145653 792917 65072.1 1.08536e+06 31063.9 1.30725e+06 12526.3 1.42781e+06 2516.07 1.43128e+06 150.317 1.36409e+06 5428.37 1.29332e+06 16707.2 
1566.11 3.81361e+06 652619 40073.5 316596 433427 76576 851532 16747.3 1.12834e+06 967.243 1.32209e+06 3003.98 1.40772e+06 20149.6 1.37682e+06 54746.6 1.27899e+06 107350 1.1778e+06 171418 
1566.17 3.92913e+06 616596 48201.8 238320 481261 28758.1 894740 4.79719 1.13882e+06 13127.6 1.28358e+06 48512.4 1.31312e+06 108684 1.23073e+06 199314 1.09022e+06 319752 949439 454208 
1566.22 4.03291e+06 577220 56624 168953 524918 3728.94 920653 15638.8 1.11598e+06 66712.8 1.19458e+06 144805 1.15395e+06 257232 1.01306e+06 411161 830479 601220 656997 798103 
1566.28 4.1235e+06 534965 65182.4 109975 563141 2299.4 928060 62893.4 1.06098e+06 158048 1.06213e+06 282862 947211 447466 753890 656943 544956 896745 363107 1.1215e+06 
1566.33 4.19946e+06 490368 73711.8 62674.3 594797 24513.9 916488 139469 976846 280829 896841 449686 715132 655827 489221 897856 283482 1.14842e+06 130863 1.34749e+06 
1566.39 4.25943e+06 444025 82042.6 28103.5 618911 69626.7 886241 241607 868400 426527 712096 629493 482820 856404 255949 1.09573e+06 91825.3 1.30678e+06 10232.6 1.42214e+06 
1566.44 4.3021e+06 396587 90003.9 7049.25 634695 136105 838400 364243 741955 584946 522977 805176 275536 1.02414e+06 86711.5 1.21908e+06 3618.2 1.34052e+06 27214.9 1.32744e+06 
1566.5 4.32628e+06 348745 97426.9 0.046777 641585 221658 774802 501236 604970 744915 345034 959914 115921 1.13795e+06 5266.06 1.24813e+06 34373.4 1.24278e+06 178123 1.08573e+06 
1566.56 4.33089e+06 301225 104148 7121.62 639257 323296 697976 645654 465615 895064 192990 1.07878e+06 21487.8 1.1834e+06 23077.8 1.17803e+06 178648 1.03256e+06 430255 754483 
1566.61 4.31502e+06 254776 110014 28239.4 627651 437414 611050 790106 332285 1.02462e+06 79503.8 1.15021e+06 2639.41 1.15458e+06 137616 1.01971e+06 410895 751143 728861 412759 
1566.67 4.27793e+06 210155 114882 62828.2 606978 559902 517635 927112 213085 1.12418e+06 14079 1.16709e+06 61453.6 1.05488e+06 332614 798262 689880 453992 1.00895e+06 142294 
1566.72 4.21909e+06 168114 118630 110011 577724 686278 421673 1.04948e+06 115326 1.1864e+06 2225.56 1.12758e+06 191376 896650 580290 548963 965926 199865 1.20937e+06 7917.98 
1566.78 4.13822e+06 129385 121152 168567 540648 811841 327275 1.15069e+06 45054.7 1.20658e+06 44941.8 1.03526e+06 377874 699731 845225 311701 1.18971e+06 39141.6 1.28621e+06 41894.9 
1566.83 4.03529e+06 94662.6 122368 236949 496763 931833 238545 1.22523e+06 6654.79 1.18299e+06 138574 898894 599986 488966 1.08937e+06 124579 1.32106e+06 3763.81 1.22242e+06 236022 
1566.89 3.91056e+06 64590.3 122225 313309 447318 1.04162e+06 159388 1.26893e+06 2540.29 1.1171e+06 275070 731613 832623 291087 1.2775e+06 17744 1.33622e+06 100766 1.03172e+06 543433 
1566.94 3.76459e+06 39741.6 120698 395538 393763 1.13686e+06 93338.4 1.27921e+06 32967.7 1.01347e+06 442617 549671 1.04936e+06 131312 1.38229e+06 8462.62 1.23219e+06 310740 755680 889760 
1567 3.5983e+06 20604.6 117793 481314 337714 1.21369e+06 43379.7 1.25521e+06 95981.2 879488 626618 370882 1.22541e+06 30093.8 1.3883e+06 98226.3 1.02739e+06 591576 454785 1.19101e+06 
1567 3.5983e+06 20604.6 117793 481314 337714 1.21369e+06 43379.7 1.25521e+06 95981.2 879488 626618 370882 1.22541e+06 30093.8 1.3883e+06 98226.3 1.02739e+06 591576 454785 1.19101e+06 
1567.06 3.41104e+06 6776.56 113653 578251 277423 1.27888e+06 10065.9 1.19806e+06 197519 715375 831189 202295 1.35627e+06 1417.82 1.29215e+06 292436 740854 918586 178992 1.3963e+06 
1567.11 3.23188e+06 439.322 109050 679589 220649 1.32886e+06 71.9005 1.11745e+06 328372 547771 1.02789e+06 78514.9 1.41793e+06 61312.4 1.11276e+06 556948 447477 1.20773e+06 21894.9 1.43566e+06 
1567.17 3.06058e+06 1634.94 104033 783902 168496 1.36239e+06 13739.5 1.01684e+06 481489 387483 1.20134e+06 10857.8 1.40384e+06 202392 875389 849471 199729 1.40098e+06 18349.4 1.29945e+06 
1567.22 2.89691e+06 10355.8 98651.3 889736 121979 1.37864e+06 50603.5 900537 648633 244832 1.33799e+06 5505.07 1.31554e+06 407270 613424 1.12326e+06 41898.1 1.45956e+06 169145 1.0212e+06 
1567.28 2.74063e+06 26545.6 92960.5 995620 81995 1.37724e+06 109411 773488 820827 128992 1.4272e+06 62946.5 1.16253e+06 650709 363684 1.33458e+06 2187.98 1.37177e+06 440852 669293 
1567.33 2.59151e+06 50101.5 87016.6 1.1001e+06 49314.7 1.35827e+06 188169 641093 988836 47402.1 1.46204e+06 177945 961210 902745 161249 1.44972e+06 87693.4 1.15525e+06 773251 330204 
1567.39 2.4493e+06 80875.1 80878 1.20174e+06 24564.5 1.32225e+06 284213 508964 1.14367e+06 5297.47 1.43982e+06 340025 733148 1.13238e+06 34537.1 1.45033e+06 283152 853475 1.0927e+06 87220.1 
1567.44 2.31377e+06 118675 74604.2 1.29916e+06 8216.67 1.27015e+06 394300 382689 1.27705e+06 5376.24 1.36233e+06 534432 502741 1.31138e+06 1328.57 1.33635e+06 553684 526997 1.32845e+06 5.69209 
1567.5 2.18468e+06 163270 68255.4 1.39105e+06 582.31 1.20333e+06 514726 267596 1.38187e+06 47634.2 1.23566e+06 743485 294618 1.41778e+06 66281.8 1.12602e+06 851036 241285 1.42832e+06 89972.5 
1567.55 2.06181e+06 214389 61892 1.47618e+06 1806.07 1.12352e+06 641444 168534 1.45257e+06 129371 1.0697e+06 948190 131009 1.43853e+06 220295 852911 1.12219e+06 53612.8 1.37024e+06 335047 
1567.61 1.94493e+06 271726 55573.8 1.55343e+06 11865 1.03277e+06 770210 89667 1.4854e+06 245370 877411 1.12996e+06 29377.8 1.37113e+06 441798 560613 1.31884e+06 1589.16 1.1671e+06 675109 
1567.66 1.83381e+06 334943 49359.6 1.62178e+06 30570.5 933415 896720 34305.2 1.47866e+06 388236 673787 1.27233e+06 564.159 1.2239e+06 699780 295735 1.40595e+06 95636.9 863897 1.02677e+06 
1567.72 1.72822e+06 403672 43306.8 1.68035e+06 57572.9 827976 1.01676e+06 4767.49 1.43276e+06 548872 474673 1.36239e+06 47640.5 1.01495e+06 958148 100496 1.36806e+06 316928 527745 1.3038e+06 
1567.77 1.62796e+06 477517 37470.7 1.7284e+06 92369.5 719131 1.12634e+06 2289.2 1.35017e+06 717062 295553 1.39203e+06 165595 769935 1.18078e+06 5999.69 1.21194e+06 621171 233021 1.43834e+06 
1567.83 1.5328e+06 556060 31904.2 1.76533e+06 134315 609628 1.22184e+06 26974.2 1.23535e+06 882124 150338 1.35859e+06 341874 518936 1.33656e+06 27294.5 965443 947496 44910.3 1.39743e+06 
1567.88 1.44254e+06 638862 26657.2 1.7907e+06 182635 502226 1.3001e+06 77794.9 1.09442e+06 1.03359e+06 50297 1.26515e+06 557734 292731 1.40375e+06 160994 672465 1.23064e+06 5006.91 1.19115e+06 
1567.94 1.35698e+06 725466 21776.4 1.80422e+06 236441 399618 1.35857e+06 152639 934914 1.16187e+06 3185.63 1.1202e+06 790235 119043 1.37301e+06 385830 385169 1.41401e+06 122133 870060 
1567.99 1.27591e+06 815403 17304.8 1.80577e+06 294749 304369 1.39533e+06 248400 765308 1.25886e+06 12652.9 936896 1.01469e+06 19144.8 1.24866e+06 666056 154677 1.46097e+06 370413 512843 
1568.05 1.19914e+06 908192 13281.4 1.79538e+06 356494 218852 1.40921e+06 361114 594613 1.31845e+06 77967.4 731837 1.20729e+06 5265.28 1.04811e+06 957136 21987 1.36217e+06 695009 206991 
1568.1 1.12648e+06 1.00334e+06 9741.05 1.77324e+06 420557 145193 1.3998e+06 486118 431883 1.3369e+06 194082 523579 1.34761e+06 79104 799375 1.21284e+06 10690.4 1.13741e+06 1.02425e+06 27394.2 
1568.16 1.05776e+06 1.10037e+06 6714.19 1.7397e+06 485781 85214.3 1.36744e+06 618257 285730 1.31309e+06 352033 330945 1.42082e+06 231636 537190 1.39257e+06 122797 831618 1.28547e+06 18016.6 
1568.21 992781 1.19876e+06 4226.5 1.69524e+06 550994 40397 1.31325e+06 752089 163882 1.24855e+06 539637 171330 1.41918e+06 444227 298131 1.46782e+06 338395 505889 1.42105e+06 181156 
1568.27 931383 1.29804e+06 2298.96 1.64051e+06 615028 11844 1.23905e+06 882115 72770.1 1.14741e+06 742438 59136.9 1.34292e+06 690921 115534 1.4267e+06 619204 225278 1.4011e+06 476907 
1568.32 873396 1.39771e+06 947.671 1.57625e+06 676745 256.109 1.14731e+06 1.003e+06 17195.8 1.01607e+06 944826 4479.97 1.20014e+06 941618 14847.6 1.27576e+06 915384 45807.7 1.23006e+06 832942 
1568.38 818661 1.4973e+06 183.814 1.50335e+06 735053 5916.92 1.04108e+06 1.10981e+06 85.0689 862849 1.13124e+06 12283.5 1.00601e+06 1.16575e+06 10096.6 1.03899e+06 1.17439e+06 3293.94 945691 1.16222e+06 
1568.43 767019 1.59632e+06 13.6629 1.42279e+06 788927 28688.8 923873 1.19819e+06 22337.8 697422 1.28737e+06 81846.3 781086 1.33601e+06 101945 753963 1.35031e+06 106221 610732 1.38427e+06 
1568.49 718322 1.69432e+06 438.611 1.33564e+06 837426 68018.6 799540 1.26454e+06 82786.9 530216 1.40125e+06 206914 549183 1.43169e+06 277614 465892 1.41196e+06 334066 299042 1.44485e+06 
1568.54 672425 1.79085e+06 1455.25 1.24305e+06 879710 122954 672167 1.30618e+06 178265 371759 1.46415e+06 376251 334826 1.44115e+06 512676 220437 1.34847e+06 641412 79325.7 1.3292e+06 
1568.6 629187 1.88547e+06 3055.49 1.14623e+06 915052 192168 545922 1.32146e+06 303778 232013 1.47131e+06 574656 160671 1.36329e+06 774462 56489.5 1.17111e+06 967018 0.514293 1.06561e+06 
1568.65 588475 1.97779e+06 5226.7 1.04643e+06 942855 273994 424926 1.30978e+06 452766 119753 1.42221e+06 784333 45108.4 1.20763e+06 1.02661e+06 13.3892 911354 1.24603e+06 78542.6 718497 
1568.71 550161 2.06739e+06 7951.92 944947 962656 366469 313117 1.27166e+06 617458 42020.5 1.32065e+06 986494 334.841 993147 1.23411e+06 59950.5 615242 1.4229e+06 297659 372641 
1568.76 514119 2.15392e+06 11210 843068 974133 467381 214128 1.2087e+06 789274 3685.03 1.17446e+06 1.16304e+06 31073.2 745953 1.36819e+06 226820 335226 1.46245e+06 609118 112496 
1568.82 480233 2.23701e+06 14976.1 742087 977115 574324 131165 1.12348e+06 959277 7145.83 994856 1.29819e+06 134086 496124 1.41026e+06 474234 120890 1.35683e+06 944381 1566.49 
1568.87 448388 2.31636e+06 19221.4 643275 971579 684757 66910.1 1.01949e+06 1.11864e+06 52187.4 795611 1.37988e+06 298526 274031 1.35455e+06 763087 10169.6 1.12712e+06 1.2297e+06 66925.3 
1568.93 418475 2.39164e+06 23914.2 547869 957649 796064 23436 900998 1.25911e+06 135999 591976 1.40083e+06 507090 106659 1.2088e+06 1.04774e+06 22654.6 819050 1.40234e+06 292631 
1568.98 390390 2.4626e+06 29019.5 457054 935596 905620 2141.34 772811 1.37342e+06 253356 399520 1.35922e+06 737847 14330.3 993259 1.28325e+06 156140 493922 1.42436e+06 623639 
1569.04 364034 2.52897e+06 34499.6 371951 905829 1.01085e+06 3710.1 640139 1.45567e+06 396952 232943 1.2588e+06 966551 8249.53 737831 1.43246e+06 387031 216410 1.29097e+06 979248 
1569.09 339312 2.59054e+06 40314.7 293605 868888 1.10929e+06 28092.4 508355 1.50165e+06 557857 104954 1.10857e+06 1.16919e+06 89155.8 477918 1.47184e+06 674531 41693.9 1.03152e+06 1.27279e+06 
1569.15 316133 2.64712e+06 46422.8 222970 825434 1.19866e+06 74509.8 382787 1.50902e+06 726076 25310.6 921982 1.32451e+06 247245 249526 1.39522e+06 967865 4501.19 703057 1.43274e+06 
1569.2 294411 2.69852e+06 52780.4 160902 776235 1.27686e+06 141483 268501 1.47743e+06 891176 77.817 715698 1.41625e+06 463370 84276 1.21473e+06 1.21525e+06 112224 377776 1.42016e+06 
1569.26 274063 2.74462e+06 59342.5 108148 722154 1.34212e+06 226883 170098 1.40857e+06 1.04293e+06 31176.2 508128 1.43481e+06 711371 5034.36 958866 1.37303e+06 343470 127136 1.23816e+06 
1569.31 255012 2.78529e+06 66063.6 65339.3 664132 1.39293e+06 328000 91533.2 1.30602e+06 1.17195e+06 116243 317776 1.37829e+06 961247 22762.2 668001 1.4134e+06 652330 6184.22 931099 
1569.37 237181 2.82044e+06 72897.2 32985.1 603171 1.42815e+06 441634 35957.1 1.17513e+06 1.27029e+06 248821 161597 1.25265e+06 1.18279e+06 135011 387993 1.32928e+06 977506 41477 573782 
1569.42 220502 2.85003e+06 79796.8 11467.6 540319 1.447e+06 564199 5595.42 1.02265e+06 1.33187e+06 418854 53490 1.07109e+06 1.34925e+06 326274 162969 1.13554e+06 1.25449e+06 225271 253222 
1569.48 204905 2.874e+06 86716.2 1039.6 476651 1.44908e+06 691833 1661.95 856459 1.35294e+06 613457 3069.17 852662 1.44053e+06 570144 28374.7 866371 1.42836e+06 517245 47454.5 
1569.53 190327 2.89235e+06 93609.2 1822.88 413248 1.43439e+06 820530 24314.1 685129 1.33223e+06 817900 14814.8 620233 1.44566e+06 832966 5401.37 569257 1.46466e+06 853361 6559.4 
1569.59 176708 2.90509e+06 100431 13808.6 351181 1.40331e+06 946256 72650.4 517469 1.27106e+06 1.01672e+06 87685.4 398136 1.36404e+06 1.07849e+06 97666.7 296571 1.35625e+06 1.15993e+06 140489 
1569.64 163990 2.91225e+06 107137 36858.9 291496 1.35659e+06 1.06509e+06 144750 362091 1.17323e+06 1.19491e+06 215218 209598 1.20557e+06 1.27288e+06 290660 96364.3 1.12464e+06 1.36975e+06 416672 
1569.7 152118 2.9139e+06 113686 70710.2 235191 1.29535e+06 1.17332e+06 237755 226961 1.04482e+06 1.33902e+06 386112 74325.2 989413 1.38936e+06 554040 3899.93 815766 1.43688e+06 767956 
1569.75 141042 2.91011e+06 120035 114978 183205 1.22105e+06 1.2676e+06 347981 118999 893750 1.4382e+06 585235 6443.66 741651 1.41191e+06 846417 35459.4 490855 1.34665e+06 1.10895e+06 
1569.81 130711 2.90098e+06 126146 169162 136399 1.13541e+06 1.34502e+06 471075 43724.2 729348 1.48501e+06 794969 13039.2 492173 1.33747e+06 1.12187e+06 185491 214274 1.11884e+06 1.35681e+06 
1569.86 121080 2.88663e+06 131982 232654 95547.2 1.04042e+06 1.40319e+06 602181 4980.09 561736 1.47596e+06 996778 93425.3 271050 1.17633e+06 1.33716e+06 427604 40796.6 803408 1.45132e+06 
1569.92 112105 2.8672e+06 137509 304748 61320.1 938292 1.44035e+06 736139 4742.47 401223 1.41176e+06 1.17284e+06 239226 104918 950699 1.45851e+06 719225 4768.62 469437 1.36956e+06 
1569.97 103746 2.84284e+06 142694 384644 34278 831367 1.45538e+06 867690 43024.1 257666 1.29731e+06 1.30763e+06 435258 13777.7 691660 1.46692e+06 1.0091e+06 113322 190059 1.13144e+06 
1570.03 95962.5 2.81372e+06 147507 471464 14861.1 722097 1.44786e+06 991677 117880 139871 1.14124e+06 1.38928e+06 661123 8595.18 434864 1.3611e+06 1.2463e+06 344985 26430.4 794801 
1570.08 88718.5 2.78001e+06 151923 564261 3384.52 612974 1.41806e+06 1.10326e+06 225511 55053.5 955333 1.41061e+06 893332 89995.2 215634 1.1577e+06 1.38918e+06 653947 14358.5 441412 
1570.14 81979.4 2.74192e+06 155917 662027 33.4933 506481 1.36694e+06 1.19808e+06 360462 8404.69 753585 1.3698e+06 1.10776e+06 248198 64107.5 888634 1.41268e+06 979136 156487 157067 
1570.19 75712.5 2.69965e+06 159470 763712 4862.02 405030 1.29613e+06 1.27246e+06 515905 2775.81 551170 1.27047e+06 1.28214e+06 464205 1105.89 596111 1.31271e+06 1.25629e+06 421737 10780.1 
1570.25 69887.1 2.65342e+06 162563 868227 17793 310910 1.20784e+06 1.32352e+06 683984 38511.2 363293 1.12141e+06 1.3984e+06 712094 35282.6 325985 1.10686e+06 1.43068e+06 752127 38047.7 
1570.3 64474.5 2.60344e+06 165182 974465 38620.9 226240 1.10482e+06 1.34932e+06 856220 113433 204052 935775 1.4445e+06 962134 161948 120578 831282 1.46789e+06 1.07545e+06 232259 
1570.36 59447.3 2.54996e+06 167316 1.08131e+06 67015.6 152916 990259 1.34887e+06 1.02394e+06 222979 85385.6 729928 1.4157e+06 1.18435e+06 363729 12058.5 534347 1.36061e+06 1.32109e+06 546321 
1570.41 54780.1 2.49321e+06 168956 1.18764e+06 102530 92577.3 867705 1.32224e+06 1.1787e+06 360488 16180.5 521987 1.31503e+06 1.35214e+06 612958 17413.8 268149 1.13005e+06 1.43541e+06 904102 
1570.47 50448.8 2.43344e+06 170099 1.29237e+06 144605 46568.1 740929 1.2705e+06 1.31275e+06 517606 1615.45 330238 1.15295e+06 1.44543e+06 875485 135808 79369.1 821763 1.39347e+06 1.21889e+06 
1570.52 46431 2.37089e+06 170741 1.39441e+06 192586 15909.3 613819 1.19569e+06 1.41937e+06 684803 42780.2 171529 946296 1.45308e+06 1.11536e+06 348729 1098.17 496609 1.20447e+06 1.41444e+06 
1570.58 42705.4 2.30582e+06 170885 1.49273e+06 245725 1279.58 490266 1.10076e+06 1.49324e+06 851946 136602 59792.7 716496 1.37422e+06 1.29974e+06 622896 47052.5 218752 909708 1.4434e+06 
1570.63 39252.2 2.23847e+06 170533 1.58634e+06 303201 3001.63 374042 989413 1.5307e+06 1.00892e+06 276083 4830.49 487354 1.21832e+06 1.40343e+06 915473 209186 42999.9 573542 1.29879e+06 
1570.69 36052.9 2.16909e+06 169694 1.67431e+06 364128 21038 268683 865982 1.52991e+06 1.14626e+06 450828 11460.3 282587 1.00407e+06 1.41227e+06 1.18077e+06 459116 4010.73 269340 1.01567e+06 
1570.74 33090 2.09795e+06 168377 1.75578e+06 427574 54993.8 177389 735260 1.49094e+06 1.25566e+06 647828 79102.7 123373 757107 1.32508e+06 1.37739e+06 753106 109472 63473 662622 
1570.8 30347.1 2.02529e+06 166595 1.82995e+06 492572 104128 102926 602311 1.41581e+06 1.33055e+06 852433 201840 26170.4 506974 1.15384e+06 1.47467e+06 1.03973e+06 338606 842.731 325131 
1570.85 27809 1.95136e+06 164361 1.89612e+06 558136 167373 47543.1 472271 1.30829e+06 1.36645e+06 1.04944e+06 368944 1017.79 283563 921975 1.45746e+06 1.26888e+06 646283 95107.2 84888.3 
1570.91 25461.4 1.87641e+06 161694 1.95366e+06 623279 243355 12910.6 350154 1.17381e+06 1.36122e+06 1.22424e+06 565819 50512.8 113557 661204 1.3285e+06 1.40052e+06 971923 325723 29.0338 
1570.96 23291 1.80067e+06 158613 2.00206e+06 687025 330435 69.7376 240659 1.01909e+06 1.31523e+06 1.36386e+06 775282 169552 17247.6 407162 1.10792e+06 1.41167e+06 1.25144e+06 642444 91084.7 
1571.02 21285.2 1.72438e+06 155138 2.04087e+06 748425 426737 9406.23 147989 851882 1.23127e+06 1.458e+06 979072 345868 6125.68 194549 830158 1.30042e+06 1.42984e+06 976283 336037 
1571.07 19432.3 1.64778e+06 151293 2.06977e+06 806570 530195 40641.1 75697.3 680526 1.11444e+06 1.4997e+06 1.15944e+06 561303 81518.4 52388.7 538518 1.08624e+06 1.47205e+06 1.25455e+06 675668 
1571.13 17721.5 1.57109e+06 147104 2.08853e+06 860607 638597 92842.3 26548.4 513559 971793 1.48592e+06 1.30069e+06 793685 234445 77.8282 278453 806567 1.36983e+06 1.41669e+06 1.02789e+06 
1571.18 16142.7 1.49452e+06 142595 2.09703e+06 909748 749634 164456 2419.19 359287 811926 1.41771e+06 1.39055e+06 1.01912e+06 446697 44751.5 90475.4 510260 1.14329e+06 1.42744e+06 1.3076e+06 
1571.24 14686.2 1.4183e+06 137795 2.09524e+06 953285 860950 253355 4229.61 225371 644459 1.30018e+06 1.42124e+06 1.21444e+06 693018 180323 3853.36 249050 837030 1.28449e+06 1.44725e+06 
1571.29 13343.4 1.34262e+06 132733 2.08323e+06 990595 970193 356906 31911.2 118451 479450 1.14204e+06 1.39013e+06 1.3596e+06 944116 388325 32069.4 68521 511255 1.01899e+06 1.41313e+06 
1571.35 12105.9 1.26768e+06 127437 2.06119e+06 1.02115e+06 1.07506e+06 472048 84413.8 43821 326799 955011 1.29996e+06 1.43972e+06 1.17015e+06 640442 170736 167.484 230004 688717 1.21353e+06 
1571.4 10966.2 1.19367e+06 121939 2.02939e+06 1.04454e+06 1.17337e+06 595387 159749 5171.03 195651 752935 1.1586e+06 1.44661e+06 1.34428e+06 902366 398296 55910 48535.2 365524 896676 
1571.46 9916.99 1.12077e+06 116269 1.9882e+06 1.06043e+06 1.26305e+06 723298 255067 4409.58 93852.3 550741 978370 1.37961e+06 1.44586e+06 1.13848e+06 679384 226035 2492.44 119692 539084 
1571.51 8951.77 1.04916e+06 110458 1.93806e+06 1.06863e+06 1.34227e+06 852030 366773 41574.9 27487.4 363351 774929 1.24562e+06 1.46285e+06 1.31669e+06 970339 480903 100918 4662.67 227082 
1571.57 8064.36 978991 104537 1.87951e+06 1.06905e+06 1.40938e+06 977820 490658 114838 517.644 204581 565945 1.05843e+06 1.39329e+06 1.41282e+06 1.22599e+06 776129 324496 45436.8 35966.7 
1571.62 7249.03 910423 98538.6 1.81315e+06 1.06171e+06 1.46301e+06 1.097e+06 622068 220600 14551.6 86124.1 369547 837237 1.24546e+06 1.41382e+06 1.40667e+06 1.06032e+06 629366 233159 11848 
1571.68 6500.47 843601 92493.2 1.73967e+06 1.04676e+06 1.50209e+06 1.20612e+06 756072 353670 68754.4 16696 202757 604726 1.03693e+06 1.3196e+06 1.48437e+06 1.28403e+06 955738 527063 160546 
1571.73 5813.78 778661 86431.9 1.6598e+06 1.02443e+06 1.52584e+06 1.302e+06 887655 507529 159903 1400.82 80017.6 384716 792456 1.143e+06 1.44707e+06 1.40836e+06 1.23963e+06 863342 446211 
1571.79 5184.39 715733 80385.2 1.57432e+06 995075 1.53381e+06 1.3819e+06 1.01191e+06 674649 282585 41362.8 11949.7 199726 541022 908020 1.3006e+06 1.41171e+06 1.42542e+06 1.16902e+06 799985 
1571.84 4608.09 654934 74383.1 1.48408e+06 959149 1.52588e+06 1.44352e+06 1.1242e+06 846868 429522 133651 4438.08 68678.3 312424 646568 1.0677e+06 1.29355e+06 1.47672e+06 1.37777e+06 1.13662e+06 
1571.9 4080.97 596375 68454.6 1.38993e+06 917191 1.50225e+06 1.48511e+06 1.22036e+06 1.01579e+06 592010 271504 58132.6 4968.48 133734 394126 784519 1.07444e+06 1.38353e+06 1.44435e+06 1.37502e+06 
1571.95 3599.45 540159 62628.1 1.29279e+06 869823 1.46346e+06 1.50552e+06 1.29684e+06 1.17319e+06 760433 444828 168400 15104.8 26097.7 184934 494942 792512 1.16413e+06 1.35435e+06 1.45779e+06 
1572.01 3160.19 486380 56930.9 1.19356e+06 817742 1.41036e+06 1.50418e+06 1.35081e+06 1.31142e+06 924840 640949 325734 98054.1 2247.84 47346.1 243845 496768 861527 1.12732e+06 1.36504e+06 
1572.06 2760.15 435123 51389.4 1.09317e+06 761704 1.34406e+06 1.48118e+06 1.38031e+06 1.42378e+06 1.07553e+06 845537 516578 245357 65004.7 5.22976 70114.8 238596 534989 812513 1.11912e+06 
1572.12 2396.51 386466 46028.7 992550 702520 1.26597e+06 1.43723e+06 1.38428e+06 1.50485e+06 1.20363e+06 1.04366e+06 724506 442001 206956 49323 646.806 62836.8 248444 478200 779286 
1572.17 2066.68 340480 40872.7 892625 641037 1.17772e+06 1.37364e+06 1.36262e+06 1.55073e+06 1.30161e+06 1.22088e+06 931634 667959 411346 188627 46191.1 3.55269 57970.3 196839 427351 
1572.23 1768.32 297229 35944 794298 578131 1.08114e+06 1.29227e+06 1.31615e+06 1.55923e+06 1.36373e+06 1.3643e+06 1.12017e+06 900235 654059 399075 199706 61002.2 830.704 29394.8 148023 
1572.28 1499.25 256767 31263.9 698456 514690 978229 1.19549e+06 1.24665e+06 1.52998e+06 1.38636e+06 1.46349e+06 1.27392e+06 1.11521e+06 906480 652218 437462 235254 88202.1 12139.4 8511.26 
1572.34 1257.52 219146 26852.2 605951 451606 871093 1.0861e+06 1.15671e+06 1.46445e+06 1.36821e+06 1.51127e+06 1.37973e+06 1.29104e+06 1.13887e+06 913853 722725 492547 303007 148811 42377.5 
1572.39 1041.35 184409 22727.1 517601 389760 761925 967261 1.04968e+06 1.36585e+06 1.31038e+06 1.5042e+06 1.42853e+06 1.40989e+06 1.32386e+06 1.14865e+06 1.01144e+06 788288 603271 409829 241481 
1572.45 849.124 152593 18905.6 434181 330010 652946 842390 929548 1.23898e+06 1.21632e+06 1.44284e+06 1.41619e+06 1.45971e+06 1.43969e+06 1.32493e+06 1.25904e+06 1.07124e+06 930341 738712 557959 
1572.5 679.408 123730 15403 356413 273182 546363 715061 800747 1.09e+06 1.09158e+06 1.33169e+06 1.3438e+06 1.43548e+06 1.47278e+06 1.41892e+06 1.42734e+06 1.29242e+06 1.22035e+06 1.06432e+06 915756 
1572.56 530.912 97847.8 12233 284969 220055 444327 588909 668034 926121 943501 1.17886e+06 1.2176e+06 1.33971e+06 1.41926e+06 1.41798e+06 1.49039e+06 1.41353e+06 1.4167e+06 1.31624e+06 1.22891e+06 
1572.61 402.503 74968.7 9407.94 220456 171354 348889 467526 536294 755271 780790 995484 1.04843e+06 1.18215e+06 1.28547e+06 1.32228e+06 1.43852e+06 1.41366e+06 1.4811e+06 1.44003e+06 1.42222e+06 
1572.67 293.189 55110.9 6938.49 163421 127740 261959 354356 410365 585687 612992 794879 850810 978804 1.08717e+06 1.14475e+06 1.27976e+06 1.29282e+06 1.401e+06 1.40896e+06 1.44927e+06 
1572.72 202.12 38288.7 4833.85 114342 89801.8 185272 252604 294864 425531 449937 591612 641659 750315 847707 909356 1.03861e+06 1.07195e+06 1.19209e+06 1.22978e+06 1.30363e+06 
1572.78 128.58 24513 3101.67 73626.6 58049 120351 165143 194014 282504 301163 400418 438875 519845 595233 647844 752285 789293 895145 941258 1.02028e+06 
1572.83 71.9861 13791.8 1748.15 41610.7 32905.5 68481 94434.1 111495 163467 175362 235144 259794 310741 359410 395451 464904 493743 568093 605740 667272 
1572.89 31.8856 6130.61 778.046 18555.7 14705.1 30686.3 42464.8 50313.3 74126.4 79873.6 107746 119711 144168 167926 186167 220741 236408 274713 295718 329345 
1572.94 7.95513 1532.78 194.673 4648.19 3688.36 7709.24 10690.8 12693.3 18755.4 20263.1 27431.3 30579.2 36976 43249 48161 57393.1 61769.6 72194.5 78146.7 87588.5 
1573 3.74026e-11 7.21176e-09 9.1617e-10 2.18838e-08 1.73723e-08 3.63303e-08 5.04164e-08 5.99019e-08 8.85954e-08 9.5801e-08 1.29844e-07 1.44905e-07 1.75452e-07 2.05499e-07 2.29175e-07 2.73559e-07 2.94895e-07 3.4532e-07 3.7447e-07 4.20588e-07 
