# This file was generated by TiberCAD (GraceIO.C)
# Stores 1D nodal data in format suitable for Grace
# x	state_number_0	state_number_1	state_number_2	state_number_3	state_number_4	state_number_5	state_number_6	state_number_7	state_number_8	state_number_9
0	-1.843586649	-1.84358665	-2.089382586	-2.089382588	-7.336982968	-7.336982993	1.077349763	1.077349786	4.287601308	4.287601313	
0.6875195328	-1.83374397	-1.833743991	-2.079298728	-2.079298734	-7.283779297	-7.283779402	1.089816429	1.089816447	4.305098083	4.305098086	
1.375039066	-1.804324116	-1.804324064	-2.049164538	-2.04916454	-7.127012684	-7.127012678	1.126809559	1.126809562	4.354892873	4.354892859	
2.062558598	-1.755685178	-1.755685127	-1.99936457	-1.999364564	-6.874043741	-6.874043715	1.187038753	1.187038767	4.428541136	4.428541145	
2.750078131	-1.688540371	-1.688540383	-1.930650548	-1.93065055	-6.5342634	-6.534263389	1.268115902	1.268115907	4.510988773	4.510988786	
3.437597664	-1.604115363	-1.60411534	-1.844291941	-1.844291938	-6.117056719	-6.117056731	1.366175138	1.366175142	4.580280367	4.580280361	
4.125117197	-1.504349154	-1.504349176	-1.74226887	-1.742268874	-5.630971088	-5.630971114	1.475263356	1.475263337	4.610708137	4.610708148	
4.812636729	-1.392118817	-1.392118804	-1.627484166	-1.627484168	-5.083836579	-5.083836584	1.58634085	1.586340896	4.582350361	4.582350365	
5.500156262	-1.271473271	-1.271473294	-1.503974514	-1.503974511	-4.483406453	-4.483406527	1.685534957	1.68553494	4.492339447	4.492339446	
6.187675795	-1.147845053	-1.147845057	-1.377062128	-1.377062132	-3.838341495	-3.838341465	1.751009396	1.751009428	4.355977761	4.355977785	
6.875195328	-1.028169249	-1.028169264	-1.253290123	-1.253290124	-3.159832332	-3.159832358	1.74818057	1.748180612	4.196969135	4.196969254	
7.56271486	-0.9207625221	-0.9207625162	-1.139594235	-1.139594236	-2.465237863	-2.465237832	1.628415326	1.628415286	4.03719154	4.037191541	
8.250234393	-0.8347446713	-0.8347446616	-1.038866752	-1.038866747	-1.790137172	-1.790137183	1.354656657	1.354656659	3.891803918	3.891803928	
8.937753926	-0.778799767	-0.7787997727	-0.9157354688	-0.9157354688	-1.2522255	-1.252225496	0.9790908744	0.9790908604	3.781773227	3.781773213	
9.625273459	-0.7593534437	-0.7593534437	-0.7593534394	-0.7593534394	-1.099233954	-1.099233954	0.7593613562	0.7593613562	3.741022344	3.741022344	
10.31991774	-0.8147889377	-0.8147889486	-0.9208656182	-0.9208656152	-1.228512884	-1.228512895	0.9975615848	0.9975615767	3.766769276	3.766769272	
11.01456201	-0.9695493224	-0.9695493277	-1.148201962	-1.148201967	-1.652709397	-1.652709405	1.498981589	1.498981564	3.715002761	3.715002659	
11.70920629	-1.196616022	-1.19661603	-1.386714962	-1.386714967	-2.212815639	-2.212815664	2.065643761	2.065643762	3.561572308	3.561572328	
12.40385057	-1.466952237	-1.46695225	-1.656285948	-1.656285954	-2.803379387	-2.803379405	2.619992652	2.619992667	3.354933341	3.354933368	
13.09849485	-1.757003417	-1.757003389	-1.943486357	-1.94348636	-3.394540477	-3.394540498	3.102081355	3.102081346	3.116645801	3.116645801	
13.79313913	-2.049823154	-2.049823125	-2.233673186	-2.233673182	-3.974245759	-3.974245763	2.859461899	2.859461899	3.433746793	3.433746776	
14.4877834	-2.333700357	-2.333700395	-2.515619728	-2.515619724	-4.535740049	-4.535739992	2.596687297	2.596687378	3.530018587	3.530018605	
15.18242768	-2.600556471	-2.60055643	-2.78122908	-2.781229084	-5.07422967	-5.074229558	2.337912599	2.33791262	3.392007751	3.392007732	
15.87707196	-2.844737672	-2.844737676	-3.02470255	-3.024702553	-5.585592842	-5.585592933	2.092097882	2.092097867	3.113162053	3.113162078	
16.57171624	-3.062216493	-3.0622165	-3.241856032	-3.241856031	-6.065591454	-6.065591402	1.867162205	1.867162163	2.783964442	2.783964434	
17.26636051	-3.250078505	-3.250078485	-3.429640478	-3.429640483	-6.509064289	-6.509064191	1.669981879	1.669981901	2.457722826	2.457722805	
17.96100479	-3.406199476	-3.406199473	-3.585825174	-3.58582517	-6.90881315	-6.908813097	1.506254631	1.506254689	2.163043011	2.163042985	
18.65564907	-3.529037599	-3.529037578	-3.708787824	-3.708787822	-7.253971529	-7.253971578	1.380153766	1.380153738	1.916339352	1.916339344	
19.35029335	-3.617499197	-3.617499256	-3.797376906	-3.797376903	-7.528058909	-7.528059019	1.293600956	1.293600977	1.728661365	1.728661372	
20.04493763	-3.670854805	-3.670854838	-3.850823818	-3.850823814	-7.708502942	-7.708502941	1.245145213	1.245145205	1.609578188	1.609578181	
20.7395819	-3.688685628	-3.688685606	-3.868687461	-3.868687461	-7.772151889	-7.772151999	1.230039688	1.2300397	1.568352597	1.568352599	
21.4154767	-3.705555292	-3.714484595	-3.866846147	-3.911947771	-7.75388608	-7.77385637	1.293461761	1.300709311	1.620091173	1.647488479	
22.09137149	-3.755705942	-3.781777597	-3.901508271	-3.991423715	-7.720443761	-7.760012029	1.486771202	1.500060201	1.797933125	1.849279906	
22.76726629	-3.816826188	-3.885810193	-3.95552639	-4.098093584	-7.675495573	-7.733855263	1.796989649	1.815151257	2.085517215	2.15619803	
23.44316108	-3.867653136	-4.0019619	-4.017104873	-4.223066414	-7.624579914	-7.700370136	2.205783991	2.228593556	2.45959599	2.546266771	
24.11905587	-3.890966825	-4.025696614	-4.154784871	-4.356933396	-7.574311936	-7.665486594	2.691729746	2.720464889	2.892619322	2.994943292	
24.79495067	-3.874873151	-4.006262333	-4.29273611	-4.489669657	-7.531215907	-7.634997206	3.222066623	3.258091229	3.356510327	3.474293818	
25.47084546	-3.8142343	-3.939138422	-4.419928501	-4.612240529	-7.500397079	-7.613424362	3.654658491	3.69748888	3.907154419	3.98254594	
26.14674026	-3.711761952	-3.826676336	-4.529401575	-4.717509772	-7.484548977	-7.603230069	3.707132001	3.776833223	4.525103162	4.572082034	
26.82263505	-3.578956985	-3.680110946	-4.616186881	-4.800199406	-7.483752483	-7.604684541	3.345406184	3.406695422	5.101337934	5.151689284	
27.49852985	-3.437035426	-3.520234771	-4.67676148	-4.856529826	-7.496069919	-7.616363695	2.836388625	2.885634965	5.306879212	5.375837582	
28.17442464	-3.31728101	-3.377753894	-4.708638991	-4.883857713	-7.518453868	-7.635906239	2.367441228	2.403875622	5.052846818	5.117983065	
28.85031943	-3.257802404	-3.291002742	-4.710090431	-4.880415771	-7.547480876	-7.660650441	2.028163318	2.049448239	4.70013844	4.761634965	
29.52621423	-3.288173369	-3.299144286	-4.679965014	-4.845165942	-7.579687749	-7.687970639	1.868698424	1.877475972	4.34817867	4.408418343	
30.21965566	-3.11011383	-3.119784468	-4.749489683	-4.924301944	-7.491341484	-7.608214992	2.017910433	2.03248351	5.138548065	5.201035439	
30.91309709	-2.907435983	-2.916220731	-4.744311991	-4.924387739	-7.371329858	-7.49168643	2.16441237	2.185063591	5.912374583	5.982989202	
31.60653852	-2.68423739	-2.692444462	-4.666090607	-4.847651866	-7.213233301	-7.332822357	2.296447715	2.323585887	6.352601633	6.364797581	
32.29997995	-2.44611023	-2.453985527	-4.520262661	-4.700513268	-7.012127254	-7.128046187	2.402557474	2.436482126	5.900746494	5.903549236	
32.99342138	-2.200331438	-2.208084449	-4.314050705	-4.491207607	-6.764671142	-6.875318039	2.474153551	2.514790678	5.495821125	5.497461099	
33.68686281	-1.955763032	-1.963581739	-4.055426142	-4.228489604	-6.468725685	-6.573459076	2.507885946	2.554623278	5.145885375	5.147024887	
34.38030424	-1.722289228	-1.730349072	-3.752777296	-3.921209527	-6.122922172	-6.221676951	2.506260381	2.557999878	4.849716454	4.850626957	
35.07374567	-1.509673358	-1.518143974	-3.41497523	-3.578399358	-5.72644158	-5.819421841	2.47575897	2.531145101	4.604178641	4.605067384	
35.7671871	-1.325961535	-1.335014147	-3.051629244	-3.209576564	-5.279050046	-5.366520067	2.423418252	2.481062961	4.404905883	4.405994985	
36.46062853	-1.17590316	-1.185722515	-2.673427607	-2.82512362	-4.78135792	-4.86350805	2.353424595	2.411985952	4.246773411	4.248348432	
37.15406996	-1.06005871	-1.070858938	-2.29255828	-2.436717687	-4.235293564	-4.31214749	2.264363857	2.322418446	4.124169616	4.126641503	
37.84751138	-0.9749700052	-0.9869971251	-1.923262328	-2.057856083	-3.644904443	-3.716232755	2.146644531	2.20227602	4.030999868	4.03500875	
38.54095281	-0.914065456	-0.9274979511	-1.582568747	-1.704488291	-3.017883656	-3.083074504	1.979773458	2.029731378	3.960292903	3.966897523	
39.23439424	-0.8684102915	-0.8827382397	-1.291186593	-1.395427602	-2.369292339	-2.427032467	1.733145282	1.771983451	3.902751942	3.913535213	
39.92783567	-0.8268668665	-0.838418378	-1.07215552	-1.148746892	-1.734425168	-1.781250888	1.385334129	1.407221784	3.843981959	3.857680329	
40.6212771	-0.7828853945	-0.7858021523	-0.9093655002	-0.936387916	-1.237676087	-1.257128493	0.9832411798	0.9885468343	3.776845553	3.781175185	
41.31471853	-0.7593534437	-0.7593534437	-0.7593534394	-0.7593534394	-1.099233954	-1.099233954	0.7593613562	0.7593613562	3.741022344	3.741022344	
42.00506157	-0.792913414	-0.7962234711	-0.9105151373	-0.9317712774	-1.231439351	-1.247030005	0.9859571421	0.9902145161	3.772304119	3.776195064	
42.6954046	-0.874106457	-0.8939523605	-1.081487437	-1.147838121	-1.698875326	-1.739217449	1.4201413	1.438280827	3.781572147	3.797869491	
43.38574763	-0.9805588735	-1.021650759	-1.288970381	-1.386383793	-2.30723189	-2.357558226	1.845337294	1.879425057	3.7287874	3.752051699	
44.07609067	-1.108908123	-1.166865333	-1.560043714	-1.678067679	-2.93532239	-2.992265143	2.204263184	2.251613453	3.65215212	3.679482794	
44.7664337	-1.260668854	-1.331607991	-1.874484052	-2.006717554	-3.548677678	-3.610914984	2.495453068	2.55275724	3.571114855	3.600533608	
45.45677673	-1.435931264	-1.517281655	-2.212231872	-2.354977867	-4.132721542	-4.199572653	2.728374331	2.793610528	3.497681196	3.527287442	
46.14711977	-1.633885315	-1.723768931	-2.557896626	-2.708871497	-4.679857091	-4.75099654	2.90762887	2.979554856	3.440772586	3.469111821	
46.8374628	-1.853271073	-1.950213574	-2.899398803	-3.057137326	-5.185824051	-5.261180697	3.035008916	3.111149115	3.406372021	3.434007664	
47.52780583	-2.092141564	-2.194956726	-3.226768299	-3.39032414	-5.648212368	-5.727919317	3.118307496	3.192527414	3.397560412	3.429405079	
48.21814887	-2.347387879	-2.455126938	-3.531376052	-3.700137099	-6.065636326	-6.149998175	3.174085088	3.239378548	3.418187123	3.460730823	
48.9084919	-2.61443824	-2.726354756	-3.805443736	-3.978991884	-6.437133308	-6.526588724	3.221925923	3.277959374	3.475521917	3.528963834	
49.59883493	-2.887366568	-3.002858304	-4.041705407	-4.219692883	-6.761648933	-6.856711018	3.281499343	3.332892049	3.573902644	3.633572716	
50.28917797	-3.159399932	-3.277895677	-4.233158887	-4.415203478	-7.037622035	-7.138768904	3.368875153	3.419880746	3.711825771	3.773555184	
50.979521	-3.423616002	-3.544353813	-4.372893011	-4.558540948	-7.262815225	-7.370297954	3.492604625	3.546098802	3.884252884	3.945434559	
51.66986404	-3.673597681	-3.79515119	-4.454085801	-4.64302454	-7.434749262	-7.548305835	3.654052972	3.712240289	4.081798046	4.140636396	
52.36020707	-3.903879952	-4.022791582	-4.470343844	-4.663563057	-7.552104429	-7.67067957	3.848955866	3.914307267	4.283837364	4.338285236	
53.0505501	-4.110098041	-4.214697988	-4.416757079	-4.622550867	-7.616921252	-7.738652903	4.066541897	4.1447016	4.433627852	4.477726942	
53.74089314	-4.282629386	-4.290263501	-4.321486959	-4.571233811	-7.636190528	-7.758905703	4.238449592	4.376827565	4.412685249	4.428554168	
