# ASCII 1D datafile generated by TiberCAD
# 1 x
# 2 Ec
# 3 Ev
# 4 eQFermi
# 5 hQFermi
# 6 eDensity
# 7 hDensity
# 8 eMobility
# 9 hMobility
# 10 ElField_x
# 11 ElField_y
# 12 ElField_z
# 13 Polarization_x
# 14 Polarization_y
# 15 Polarization_z
# 16 CurrentDensity_x
# 17 CurrentDensity_y
# 18 CurrentDensity_z
# x Ec Ev eQFermi hQFermi eDensity hDensity eMobility hMobility ElField_x ElField_y ElField_z Polarization_x Polarization_y Polarization_z CurrentDensity_x CurrentDensity_y CurrentDensity_z 
0 0.674646 -0.747836 0 0 2.02066e+06 4.45057e+06 8500 400 -1.42323e-05 0 0 0 0 0 0 0 0 
1.5015 0.674646 -0.747836 0 0 2.02066e+06 4.45057e+06 8500 400 -1.42068e-05 0 0 0 0 0 0 0 0 
3.003 0.674646 -0.747836 0 0 2.02066e+06 4.45057e+06 8500 400 -1.41557e-05 0 0 0 0 0 0 0 0 
4.5045 0.674646 -0.747836 0 0 2.02066e+06 4.45057e+06 8500 400 -1.41047e-05 0 0 0 0 0 0 0 0 
6.00601 0.674646 -0.747836 0 0 2.02066e+06 4.45057e+06 8500 400 -1.40535e-05 0 0 0 0 0 0 0 0 
7.50751 0.674646 -0.747836 0 0 2.02066e+06 4.45057e+06 8500 400 -1.40025e-05 0 0 0 0 0 0 0 0 
9.00901 0.674646 -0.747836 0 0 2.02066e+06 4.45057e+06 8500 400 -1.39514e-05 0 0 0 0 0 0 0 0 
10.5105 0.674646 -0.747836 0 0 2.02066e+06 4.45057e+06 8500 400 -1.39004e-05 0 0 0 0 0 0 0 0 
12.012 0.674646 -0.747836 0 0 2.02066e+06 4.45057e+06 8500 400 -1.38493e-05 0 0 0 0 0 0 0 0 
13.5135 0.674646 -0.747836 0 0 2.02066e+06 4.45057e+06 8500 400 -1.37982e-05 0 0 0 0 0 0 0 0 
15.015 0.674646 -0.747836 0 0 2.02066e+06 4.45057e+06 8500 400 -1.37471e-05 0 0 0 0 0 0 0 0 
16.5165 0.674646 -0.747836 0 0 2.02066e+06 4.45057e+06 8500 400 -1.3696e-05 0 0 0 0 0 0 0 0 
18.018 0.674646 -0.747836 0 0 2.02066e+06 4.45057e+06 8500 400 -1.36449e-05 0 0 0 0 0 0 0 0 
19.5195 0.674646 -0.747836 0 0 2.02066e+06 4.45057e+06 8500 400 -1.35939e-05 0 0 0 0 0 0 0 0 
21.021 0.674646 -0.747836 0 0 2.02066e+06 4.45057e+06 8500 400 -1.35428e-05 0 0 0 0 0 0 0 0 
22.5225 0.674646 -0.747836 0 0 2.02066e+06 4.45057e+06 8500 400 -1.34917e-05 0 0 0 0 0 0 0 0 
24.024 0.674646 -0.747836 0 0 2.02066e+06 4.45057e+06 8500 400 -1.34407e-05 0 0 0 0 0 0 0 0 
25.5255 0.674646 -0.747836 0 0 2.02066e+06 4.45057e+06 8500 400 -1.33896e-05 0 0 0 0 0 0 0 0 
27.027 0.674646 -0.747836 0 0 2.02066e+06 4.45057e+06 8500 400 -1.33385e-05 0 0 0 0 0 0 0 0 
28.5285 0.674646 -0.747836 0 0 2.02066e+06 4.45057e+06 8500 400 -1.32875e-05 0 0 0 0 0 0 0 0 
30.03 0.674646 -0.747836 0 0 2.02066e+06 4.45057e+06 8500 400 -1.32364e-05 0 0 0 0 0 0 0 0 
31.5315 0.674646 -0.747836 0 0 2.02066e+06 4.45057e+06 8500 400 -1.31852e-05 0 0 0 0 0 0 0 0 
33.033 0.674646 -0.747836 0 0 2.02066e+06 4.45057e+06 8500 400 -1.31342e-05 0 0 0 0 0 0 0 0 
34.5345 0.674646 -0.747836 0 0 2.02066e+06 4.45057e+06 8500 400 -1.30831e-05 0 0 0 0 0 0 0 0 
36.036 0.674646 -0.747836 0 0 2.02066e+06 4.45057e+06 8500 400 -1.3032e-05 0 0 0 0 0 0 0 0 
37.5375 0.674646 -0.747836 0 0 2.02066e+06 4.45057e+06 8500 400 -1.29809e-05 0 0 0 0 0 0 0 0 
39.039 0.674646 -0.747836 0 0 2.02066e+06 4.45057e+06 8500 400 -1.29299e-05 0 0 0 0 0 0 0 0 
40.5405 0.674646 -0.747836 0 0 2.02066e+06 4.45057e+06 8500 400 -1.28788e-05 0 0 0 0 0 0 0 0 
42.042 0.674646 -0.747836 0 0 2.02066e+06 4.45057e+06 8500 400 -1.28277e-05 0 0 0 0 0 0 0 0 
43.5435 0.674646 -0.747836 0 0 2.02066e+06 4.45057e+06 8500 400 -1.27767e-05 0 0 0 0 0 0 0 0 
45.045 0.674646 -0.747836 0 0 2.02066e+06 4.45057e+06 8500 400 -1.27256e-05 0 0 0 0 0 0 0 0 
46.5465 0.674646 -0.747836 0 0 2.02066e+06 4.45057e+06 8500 400 -1.26745e-05 0 0 0 0 0 0 0 0 
48.048 0.674646 -0.747836 0 0 2.02066e+06 4.45057e+06 8500 400 -1.26234e-05 0 0 0 0 0 0 0 0 
49.5495 0.674646 -0.747836 0 0 2.02066e+06 4.45057e+06 8500 400 -1.25724e-05 0 0 0 0 0 0 0 0 
51.0511 0.674646 -0.747836 0 0 2.02066e+06 4.45057e+06 8500 400 -1.25213e-05 0 0 0 0 0 0 0 0 
52.5526 0.674646 -0.747836 0 0 2.02066e+06 4.45057e+06 8500 400 -1.24702e-05 0 0 0 0 0 0 0 0 
54.0541 0.674646 -0.747836 0 0 2.02066e+06 4.45057e+06 8500 400 -1.24192e-05 0 0 0 0 0 0 0 0 
55.5556 0.674646 -0.747836 0 0 2.02066e+06 4.45057e+06 8500 400 -1.2368e-05 0 0 0 0 0 0 0 0 
57.0571 0.674646 -0.747836 0 0 2.02066e+06 4.45057e+06 8500 400 -1.23169e-05 0 0 0 0 0 0 0 0 
58.5586 0.674646 -0.747836 0 0 2.02066e+06 4.45057e+06 8500 400 -1.22659e-05 0 0 0 0 0 0 0 0 
60.0601 0.674646 -0.747836 0 0 2.02066e+06 4.45057e+06 8500 400 -1.22148e-05 0 0 0 0 0 0 0 0 
61.5616 0.674646 -0.747836 0 0 2.02066e+06 4.45057e+06 8500 400 -1.21638e-05 0 0 0 0 0 0 0 0 
63.0631 0.674646 -0.747836 0 0 2.02066e+06 4.45057e+06 8500 400 -1.21127e-05 0 0 0 0 0 0 0 0 
64.5646 0.674646 -0.747836 0 0 2.02066e+06 4.45057e+06 8500 400 -1.20616e-05 0 0 0 0 0 0 0 0 
66.0661 0.674646 -0.747836 0 0 2.02066e+06 4.45057e+06 8500 400 -1.20105e-05 0 0 0 0 0 0 0 0 
67.5676 0.674646 -0.747836 0 0 2.02066e+06 4.45057e+06 8500 400 -1.19594e-05 0 0 0 0 0 0 0 0 
69.0691 0.674646 -0.747836 0 0 2.02066e+06 4.45057e+06 8500 400 -1.19084e-05 0 0 0 0 0 0 0 0 
70.5706 0.674646 -0.747836 0 0 2.02066e+06 4.45057e+06 8500 400 -1.18573e-05 0 0 0 0 0 0 0 0 
72.0721 0.674646 -0.747836 0 0 2.02066e+06 4.45057e+06 8500 400 -1.18062e-05 0 0 0 0 0 0 0 0 
73.5736 0.674646 -0.747836 0 0 2.02066e+06 4.45057e+06 8500 400 -1.17551e-05 0 0 0 0 0 0 0 0 
75.0751 0.674646 -0.747836 0 0 2.02066e+06 4.45057e+06 8500 400 -1.17041e-05 0 0 0 0 0 0 0 0 
76.5766 0.674646 -0.747836 0 0 2.02066e+06 4.45057e+06 8500 400 -1.1653e-05 0 0 0 0 0 0 0 0 
78.0781 0.674646 -0.747836 0 0 2.02066e+06 4.45057e+06 8500 400 -1.16019e-05 0 0 0 0 0 0 0 0 
79.5796 0.674646 -0.747836 0 0 2.02066e+06 4.45057e+06 8500 400 -1.15509e-05 0 0 0 0 0 0 0 0 
81.0811 0.674646 -0.747836 0 0 2.02066e+06 4.45057e+06 8500 400 -1.14997e-05 0 0 0 0 0 0 0 0 
82.5826 0.674646 -0.747836 0 0 2.02066e+06 4.45057e+06 8500 400 -1.14487e-05 0 0 0 0 0 0 0 0 
84.0841 0.674646 -0.747836 0 0 2.02066e+06 4.45057e+06 8500 400 -1.13976e-05 0 0 0 0 0 0 0 0 
85.5856 0.674646 -0.747836 0 0 2.02066e+06 4.45057e+06 8500 400 -1.13465e-05 0 0 0 0 0 0 0 0 
87.0871 0.674646 -0.747836 0 0 2.02066e+06 4.45057e+06 8500 400 -1.12955e-05 0 0 0 0 0 0 0 0 
88.5886 0.674646 -0.747836 0 0 2.02066e+06 4.45057e+06 8500 400 -1.12444e-05 0 0 0 0 0 0 0 0 
90.0901 0.674646 -0.747836 0 0 2.02066e+06 4.45057e+06 8500 400 -1.11933e-05 0 0 0 0 0 0 0 0 
91.5916 0.674646 -0.747836 0 0 2.02066e+06 4.45057e+06 8500 400 -1.11422e-05 0 0 0 0 0 0 0 0 
93.0931 0.674646 -0.747836 0 0 2.02066e+06 4.45057e+06 8500 400 -1.10912e-05 0 0 0 0 0 0 0 0 
94.5946 0.674646 -0.747836 0 0 2.02066e+06 4.45057e+06 8500 400 -1.10401e-05 0 0 0 0 0 0 0 0 
96.0961 0.674646 -0.747836 0 0 2.02066e+06 4.45057e+06 8500 400 -1.0989e-05 0 0 0 0 0 0 0 0 
97.5976 0.674646 -0.747836 0 0 2.02066e+06 4.45057e+06 8500 400 -1.09379e-05 0 0 0 0 0 0 0 0 
99.0991 0.674646 -0.747836 0 0 2.02066e+06 4.45057e+06 8500 400 -1.08869e-05 0 0 0 0 0 0 0 0 
100.601 0.674646 -0.747836 0 0 2.02066e+06 4.45057e+06 8500 400 -1.08358e-05 0 0 0 0 0 0 0 0 
102.102 0.674646 -0.747836 0 0 2.02066e+06 4.45057e+06 8500 400 -1.07847e-05 0 0 0 0 0 0 0 0 
103.604 0.674646 -0.747836 0 0 2.02066e+06 4.45057e+06 8500 400 -1.07337e-05 0 0 0 0 0 0 0 0 
105.105 0.674646 -0.747836 0 0 2.02066e+06 4.45057e+06 8500 400 -1.06825e-05 0 0 0 0 0 0 0 0 
106.607 0.674646 -0.747836 0 0 2.02066e+06 4.45057e+06 8500 400 -1.06315e-05 0 0 0 0 0 0 0 0 
108.108 0.674646 -0.747836 0 0 2.02066e+06 4.45057e+06 8500 400 -1.05804e-05 0 0 0 0 0 0 0 0 
109.61 0.674646 -0.747836 0 0 2.02066e+06 4.45057e+06 8500 400 -1.05293e-05 0 0 0 0 0 0 0 0 
111.111 0.674646 -0.747836 0 0 2.02066e+06 4.45057e+06 8500 400 -1.04782e-05 0 0 0 0 0 0 0 0 
112.613 0.674646 -0.747836 0 0 2.02066e+06 4.45057e+06 8500 400 -1.04272e-05 0 0 0 0 0 0 0 0 
114.114 0.674646 -0.747836 0 0 2.02066e+06 4.45057e+06 8500 400 -1.03761e-05 0 0 0 0 0 0 0 0 
115.616 0.674646 -0.747836 0 0 2.02066e+06 4.45057e+06 8500 400 -1.0325e-05 0 0 0 0 0 0 0 0 
117.117 0.674646 -0.747836 0 0 2.02066e+06 4.45057e+06 8500 400 -1.02739e-05 0 0 0 0 0 0 0 0 
118.619 0.674646 -0.747836 0 0 2.02066e+06 4.45057e+06 8500 400 -1.02229e-05 0 0 0 0 0 0 0 0 
120.12 0.674646 -0.747836 0 0 2.02066e+06 4.45057e+06 8500 400 -1.01718e-05 0 0 0 0 0 0 0 0 
121.622 0.674646 -0.747836 0 0 2.02066e+06 4.45057e+06 8500 400 -1.01207e-05 0 0 0 0 0 0 0 0 
123.123 0.674646 -0.747836 0 0 2.02066e+06 4.45057e+06 8500 400 -1.00696e-05 0 0 0 0 0 0 0 0 
124.625 0.674646 -0.747836 0 0 2.02066e+06 4.45057e+06 8500 400 -1.00186e-05 0 0 0 0 0 0 0 0 
126.126 0.674646 -0.747836 0 0 2.02066e+06 4.45057e+06 8500 400 -9.96746e-06 0 0 0 0 0 0 0 0 
127.628 0.674646 -0.747836 0 0 2.02066e+06 4.45057e+06 8500 400 -9.9164e-06 0 0 0 0 0 0 0 0 
129.129 0.674646 -0.747836 0 0 2.02066e+06 4.45057e+06 8500 400 -9.86535e-06 0 0 0 0 0 0 0 0 
130.631 0.674646 -0.747836 0 0 2.02066e+06 4.45057e+06 8500 400 -9.81426e-06 0 0 0 0 0 0 0 0 
132.132 0.674646 -0.747836 0 0 2.02066e+06 4.45057e+06 8500 400 -9.76317e-06 0 0 0 0 0 0 0 0 
133.634 0.674646 -0.747836 0 0 2.02066e+06 4.45057e+06 8500 400 -9.71213e-06 0 0 0 0 0 0 0 0 
135.135 0.674646 -0.747836 0 0 2.02066e+06 4.45057e+06 8500 400 -9.66106e-06 0 0 0 0 0 0 0 0 
136.637 0.674646 -0.747836 0 0 2.02066e+06 4.45057e+06 8500 400 -9.60993e-06 0 0 0 0 0 0 0 0 
138.138 0.674646 -0.747836 0 0 2.02066e+06 4.45057e+06 8500 400 -9.55886e-06 0 0 0 0 0 0 0 0 
139.64 0.674646 -0.747836 0 0 2.02066e+06 4.45057e+06 8500 400 -9.50782e-06 0 0 0 0 0 0 0 0 
141.141 0.674646 -0.747836 0 0 2.02066e+06 4.45057e+06 8500 400 -9.45673e-06 0 0 0 0 0 0 0 0 
142.643 0.674646 -0.747836 0 0 2.02066e+06 4.45057e+06 8500 400 -9.40561e-06 0 0 0 0 0 0 0 0 
144.144 0.674646 -0.747836 0 0 2.02066e+06 4.45057e+06 8500 400 -9.35455e-06 0 0 0 0 0 0 0 0 
145.646 0.674646 -0.747836 0 0 2.02066e+06 4.45057e+06 8500 400 -9.30353e-06 0 0 0 0 0 0 0 0 
147.147 0.674646 -0.747836 0 0 2.02066e+06 4.45057e+06 8500 400 -9.25244e-06 0 0 0 0 0 0 0 0 
148.649 0.674646 -0.747836 0 0 2.02066e+06 4.45057e+06 8500 400 -9.20135e-06 0 0 0 0 0 0 0 0 
150.15 0.674646 -0.747836 0 0 2.02066e+06 4.45057e+06 8500 400 -9.15028e-06 0 0 0 0 0 0 0 0 
151.652 0.674646 -0.747836 0 0 2.02066e+06 4.45057e+06 8500 400 -9.09921e-06 0 0 0 0 0 0 0 0 
153.153 0.674646 -0.747836 0 0 2.02066e+06 4.45057e+06 8500 400 -9.0481e-06 0 0 0 0 0 0 0 0 
154.655 0.674646 -0.747836 0 0 2.02066e+06 4.45057e+06 8500 400 -8.99701e-06 0 0 0 0 0 0 0 0 
156.156 0.674646 -0.747836 0 0 2.02066e+06 4.45057e+06 8500 400 -8.94599e-06 0 0 0 0 0 0 0 0 
157.658 0.674646 -0.747836 0 0 2.02066e+06 4.45057e+06 8500 400 -8.89492e-06 0 0 0 0 0 0 0 0 
159.159 0.674646 -0.747836 0 0 2.02066e+06 4.45057e+06 8500 400 -8.84381e-06 0 0 0 0 0 0 0 0 
160.661 0.674646 -0.747836 0 0 2.02066e+06 4.45057e+06 8500 400 -8.79274e-06 0 0 0 0 0 0 0 0 
162.162 0.674646 -0.747836 0 0 2.02066e+06 4.45057e+06 8500 400 -8.7417e-06 0 0 0 0 0 0 0 0 
163.664 0.674646 -0.747836 0 0 2.02066e+06 4.45057e+06 8500 400 -8.69059e-06 0 0 0 0 0 0 0 0 
165.165 0.674646 -0.747836 0 0 2.02066e+06 4.45057e+06 8500 400 -8.63952e-06 0 0 0 0 0 0 0 0 
166.667 0.674646 -0.747836 0 0 2.02066e+06 4.45057e+06 8500 400 -8.58848e-06 0 0 0 0 0 0 0 0 
168.168 0.674646 -0.747836 0 0 2.02066e+06 4.45057e+06 8500 400 -8.53739e-06 0 0 0 0 0 0 0 0 
169.67 0.674646 -0.747836 0 0 2.02066e+06 4.45057e+06 8500 400 -8.48627e-06 0 0 0 0 0 0 0 0 
171.171 0.674646 -0.747836 0 0 2.02066e+06 4.45057e+06 8500 400 -8.43521e-06 0 0 0 0 0 0 0 0 
172.673 0.674646 -0.747836 0 0 2.02066e+06 4.45057e+06 8500 400 -8.38419e-06 0 0 0 0 0 0 0 0 
174.174 0.674646 -0.747836 0 0 2.02066e+06 4.45057e+06 8500 400 -8.3331e-06 0 0 0 0 0 0 0 0 
175.676 0.674646 -0.747836 0 0 2.02066e+06 4.45057e+06 8500 400 -8.28196e-06 0 0 0 0 0 0 0 0 
177.177 0.674646 -0.747836 0 0 2.02066e+06 4.45057e+06 8500 400 -8.23089e-06 0 0 0 0 0 0 0 0 
178.679 0.674646 -0.747836 0 0 2.02066e+06 4.45057e+06 8500 400 -8.17987e-06 0 0 0 0 0 0 0 0 
180.18 0.674646 -0.747836 0 0 2.02066e+06 4.45057e+06 8500 400 -8.12881e-06 0 0 0 0 0 0 0 0 
181.682 0.674646 -0.747836 0 0 2.02066e+06 4.45057e+06 8500 400 -8.07769e-06 0 0 0 0 0 0 0 0 
183.183 0.674646 -0.747836 0 0 2.02066e+06 4.45057e+06 8500 400 -8.02663e-06 0 0 0 0 0 0 0 0 
184.685 0.674646 -0.747836 0 0 2.02066e+06 4.45057e+06 8500 400 -7.97558e-06 0 0 0 0 0 0 0 0 
186.186 0.674646 -0.747836 0 0 2.02066e+06 4.45057e+06 8500 400 -7.92447e-06 0 0 0 0 0 0 0 0 
187.688 0.674646 -0.747836 0 0 2.02066e+06 4.45057e+06 8500 400 -7.87333e-06 0 0 0 0 0 0 0 0 
189.189 0.674646 -0.747836 0 0 2.02066e+06 4.45057e+06 8500 400 -7.82226e-06 0 0 0 0 0 0 0 0 
190.691 0.674646 -0.747836 0 0 2.02066e+06 4.45057e+06 8500 400 -7.77125e-06 0 0 0 0 0 0 0 0 
192.192 0.674646 -0.747836 0 0 2.02066e+06 4.45057e+06 8500 400 -7.72013e-06 0 0 0 0 0 0 0 0 
193.694 0.674646 -0.747836 0 0 2.02066e+06 4.45057e+06 8500 400 -7.66906e-06 0 0 0 0 0 0 0 0 
195.195 0.674646 -0.747836 0 0 2.02066e+06 4.45057e+06 8500 400 -7.61805e-06 0 0 0 0 0 0 0 0 
196.697 0.674646 -0.747836 0 0 2.02066e+06 4.45057e+06 8500 400 -7.56696e-06 0 0 0 0 0 0 0 0 
198.198 0.674646 -0.747836 0 0 2.02066e+06 4.45057e+06 8500 400 -7.51584e-06 0 0 0 0 0 0 0 0 
199.7 0.674646 -0.747836 0 0 2.02066e+06 4.45057e+06 8500 400 -7.46475e-06 0 0 0 0 0 0 0 0 
201.201 0.674646 -0.747836 0 0 2.02066e+06 4.45057e+06 8500 400 -7.41371e-06 0 0 0 0 0 0 0 0 
202.703 0.674646 -0.747836 0 0 2.02066e+06 4.45057e+06 8500 400 -7.36264e-06 0 0 0 0 0 0 0 0 
204.204 0.674646 -0.747836 0 0 2.02066e+06 4.45057e+06 8500 400 -7.31153e-06 0 0 0 0 0 0 0 0 
205.706 0.674646 -0.747836 0 0 2.02066e+06 4.45057e+06 8500 400 -7.26046e-06 0 0 0 0 0 0 0 0 
207.207 0.674646 -0.747836 0 0 2.02066e+06 4.45057e+06 8500 400 -7.20942e-06 0 0 0 0 0 0 0 0 
208.709 0.674646 -0.747836 0 0 2.02066e+06 4.45057e+06 8500 400 -7.15833e-06 0 0 0 0 0 0 0 0 
210.21 0.674646 -0.747836 0 0 2.02066e+06 4.45057e+06 8500 400 -7.10721e-06 0 0 0 0 0 0 0 0 
211.712 0.674646 -0.747836 0 0 2.02066e+06 4.45057e+06 8500 400 -7.05615e-06 0 0 0 0 0 0 0 0 
213.213 0.674646 -0.747836 0 0 2.02066e+06 4.45057e+06 8500 400 -7.00513e-06 0 0 0 0 0 0 0 0 
214.715 0.674646 -0.747836 0 0 2.02066e+06 4.45057e+06 8500 400 -6.95404e-06 0 0 0 0 0 0 0 0 
216.216 0.674646 -0.747836 0 0 2.02066e+06 4.45057e+06 8500 400 -6.90295e-06 0 0 0 0 0 0 0 0 
217.718 0.674646 -0.747836 0 0 2.02066e+06 4.45057e+06 8500 400 -6.85186e-06 0 0 0 0 0 0 0 0 
219.219 0.674646 -0.747836 0 0 2.02066e+06 4.45057e+06 8500 400 -6.80077e-06 0 0 0 0 0 0 0 0 
220.721 0.674646 -0.747836 0 0 2.02066e+06 4.45057e+06 8500 400 -6.74972e-06 0 0 0 0 0 0 0 0 
222.222 0.674646 -0.747836 0 0 2.02066e+06 4.45057e+06 8500 400 -6.69866e-06 0 0 0 0 0 0 0 0 
223.724 0.674646 -0.747836 0 0 2.02066e+06 4.45057e+06 8500 400 -6.64754e-06 0 0 0 0 0 0 0 0 
225.225 0.674646 -0.747836 0 0 2.02066e+06 4.45057e+06 8500 400 -6.59645e-06 0 0 0 0 0 0 0 0 
226.727 0.674646 -0.747836 0 0 2.02066e+06 4.45057e+06 8500 400 -6.54541e-06 0 0 0 0 0 0 0 0 
228.228 0.674646 -0.747836 0 0 2.02066e+06 4.45057e+06 8500 400 -6.49434e-06 0 0 0 0 0 0 0 0 
229.73 0.674646 -0.747836 0 0 2.02066e+06 4.45057e+06 8500 400 -6.44323e-06 0 0 0 0 0 0 0 0 
231.231 0.674646 -0.747836 0 0 2.02066e+06 4.45057e+06 8500 400 -6.39216e-06 0 0 0 0 0 0 0 0 
232.733 0.674646 -0.747836 0 0 2.02066e+06 4.45057e+06 8500 400 -6.34112e-06 0 0 0 0 0 0 0 0 
234.234 0.674646 -0.747836 0 0 2.02066e+06 4.45057e+06 8500 400 -6.29003e-06 0 0 0 0 0 0 0 0 
235.736 0.674646 -0.747836 0 0 2.02066e+06 4.45057e+06 8500 400 -6.23894e-06 0 0 0 0 0 0 0 0 
237.237 0.674646 -0.747836 0 0 2.02066e+06 4.45057e+06 8500 400 -6.18787e-06 0 0 0 0 0 0 0 0 
238.739 0.674646 -0.747836 0 0 2.02066e+06 4.45057e+06 8500 400 -6.13681e-06 0 0 0 0 0 0 0 0 
240.24 0.674646 -0.747836 0 0 2.02066e+06 4.45057e+06 8500 400 -6.08574e-06 0 0 0 0 0 0 0 0 
241.742 0.674646 -0.747836 0 0 2.02066e+06 4.45057e+06 8500 400 -6.03467e-06 0 0 0 0 0 0 0 0 
243.243 0.674646 -0.747836 0 0 2.02066e+06 4.45057e+06 8500 400 -5.98356e-06 0 0 0 0 0 0 0 0 
244.745 0.674646 -0.747836 0 0 2.02066e+06 4.45057e+06 8500 400 -5.93249e-06 0 0 0 0 0 0 0 0 
246.246 0.674646 -0.747836 0 0 2.02066e+06 4.45057e+06 8500 400 -5.88145e-06 0 0 0 0 0 0 0 0 
247.748 0.674646 -0.747836 0 0 2.02066e+06 4.45057e+06 8500 400 -5.83036e-06 0 0 0 0 0 0 0 0 
249.249 0.674646 -0.747836 0 0 2.02066e+06 4.45057e+06 8500 400 -5.77925e-06 0 0 0 0 0 0 0 0 
250.751 0.674646 -0.747836 0 0 2.02066e+06 4.45057e+06 8500 400 -5.72818e-06 0 0 0 0 0 0 0 0 
252.252 0.674646 -0.747836 0 0 2.02066e+06 4.45057e+06 8500 400 -5.67714e-06 0 0 0 0 0 0 0 0 
253.754 0.674646 -0.747836 0 0 2.02066e+06 4.45057e+06 8500 400 -5.62607e-06 0 0 0 0 0 0 0 0 
255.255 0.674646 -0.747836 0 0 2.02066e+06 4.45057e+06 8500 400 -5.575e-06 0 0 0 0 0 0 0 0 
256.757 0.674646 -0.747836 0 0 2.02066e+06 4.45057e+06 8500 400 -5.52389e-06 0 0 0 0 0 0 0 0 
258.258 0.674646 -0.747836 0 0 2.02066e+06 4.45057e+06 8500 400 -5.4728e-06 0 0 0 0 0 0 0 0 
259.76 0.674646 -0.747836 0 0 2.02066e+06 4.45057e+06 8500 400 -5.42176e-06 0 0 0 0 0 0 0 0 
261.261 0.674646 -0.747836 0 0 2.02066e+06 4.45057e+06 8500 400 -5.37069e-06 0 0 0 0 0 0 0 0 
262.763 0.674646 -0.747836 0 0 2.02066e+06 4.45057e+06 8500 400 -5.3196e-06 0 0 0 0 0 0 0 0 
264.264 0.674646 -0.747836 0 0 2.02066e+06 4.45057e+06 8500 400 -5.26848e-06 0 0 0 0 0 0 0 0 
265.766 0.674646 -0.747836 0 0 2.02066e+06 4.45057e+06 8500 400 -5.21742e-06 0 0 0 0 0 0 0 0 
267.267 0.674646 -0.747836 0 0 2.02066e+06 4.45057e+06 8500 400 -5.1664e-06 0 0 0 0 0 0 0 0 
268.769 0.674646 -0.747836 0 0 2.02066e+06 4.45057e+06 8500 400 -5.11533e-06 0 0 0 0 0 0 0 0 
270.27 0.674646 -0.747836 0 0 2.02066e+06 4.45057e+06 8500 400 -5.0642e-06 0 0 0 0 0 0 0 0 
271.772 0.674646 -0.747836 0 0 2.02066e+06 4.45057e+06 8500 400 -5.01313e-06 0 0 0 0 0 0 0 0 
273.273 0.674646 -0.747836 0 0 2.02066e+06 4.45057e+06 8500 400 -4.96209e-06 0 0 0 0 0 0 0 0 
274.775 0.674646 -0.747836 0 0 2.02066e+06 4.45057e+06 8500 400 -4.911e-06 0 0 0 0 0 0 0 0 
276.276 0.674646 -0.747836 0 0 2.02066e+06 4.45057e+06 8500 400 -4.85993e-06 0 0 0 0 0 0 0 0 
277.778 0.674646 -0.747836 0 0 2.02066e+06 4.45057e+06 8500 400 -4.80879e-06 0 0 0 0 0 0 0 0 
279.279 0.674646 -0.747836 0 0 2.02066e+06 4.45057e+06 8500 400 -4.75772e-06 0 0 0 0 0 0 0 0 
280.781 0.674646 -0.747836 0 0 2.02066e+06 4.45057e+06 8500 400 -4.70673e-06 0 0 0 0 0 0 0 0 
282.282 0.674646 -0.747836 0 0 2.02066e+06 4.45057e+06 8500 400 -4.65564e-06 0 0 0 0 0 0 0 0 
283.784 0.674646 -0.747836 0 0 2.02066e+06 4.45057e+06 8500 400 -4.60453e-06 0 0 0 0 0 0 0 0 
285.285 0.674646 -0.747836 0 0 2.02066e+06 4.45057e+06 8500 400 -4.55343e-06 0 0 0 0 0 0 0 0 
286.787 0.674646 -0.747836 0 0 2.02066e+06 4.45057e+06 8500 400 -4.50237e-06 0 0 0 0 0 0 0 0 
288.288 0.674646 -0.747836 0 0 2.02066e+06 4.45057e+06 8500 400 -4.4513e-06 0 0 0 0 0 0 0 0 
289.79 0.674646 -0.747836 0 0 2.02066e+06 4.45057e+06 8500 400 -4.40024e-06 0 0 0 0 0 0 0 0 
291.291 0.674646 -0.747836 0 0 2.02066e+06 4.45057e+06 8500 400 -4.34917e-06 0 0 0 0 0 0 0 0 
292.793 0.674646 -0.747836 0 0 2.02066e+06 4.45057e+06 8500 400 -4.2981e-06 0 0 0 0 0 0 0 0 
294.294 0.674646 -0.747836 0 0 2.02066e+06 4.45057e+06 8500 400 -4.24701e-06 0 0 0 0 0 0 0 0 
295.796 0.674646 -0.747836 0 0 2.02066e+06 4.45057e+06 8500 400 -4.19592e-06 0 0 0 0 0 0 0 0 
297.297 0.674646 -0.747836 0 0 2.02066e+06 4.45057e+06 8500 400 -4.14486e-06 0 0 0 0 0 0 0 0 
298.799 0.674646 -0.747836 0 0 2.02066e+06 4.45057e+06 8500 400 -4.09376e-06 0 0 0 0 0 0 0 0 
300.3 0.674646 -0.747836 0 0 2.02066e+06 4.45057e+06 8500 400 -4.0427e-06 0 0 0 0 0 0 0 0 
301.802 0.674646 -0.747836 0 0 2.02066e+06 4.45057e+06 8500 400 -3.99158e-06 0 0 0 0 0 0 0 0 
303.303 0.674646 -0.747836 0 0 2.02066e+06 4.45057e+06 8500 400 -3.94049e-06 0 0 0 0 0 0 0 0 
304.805 0.674646 -0.747836 0 0 2.02066e+06 4.45057e+06 8500 400 -3.88947e-06 0 0 0 0 0 0 0 0 
306.306 0.674646 -0.747836 0 0 2.02066e+06 4.45057e+06 8500 400 -3.83843e-06 0 0 0 0 0 0 0 0 
307.808 0.674646 -0.747836 0 0 2.02066e+06 4.45057e+06 8500 400 -3.78737e-06 0 0 0 0 0 0 0 0 
309.309 0.674646 -0.747836 0 0 2.02066e+06 4.45057e+06 8500 400 -3.73628e-06 0 0 0 0 0 0 0 0 
310.811 0.674646 -0.747836 0 0 2.02066e+06 4.45057e+06 8500 400 -3.68514e-06 0 0 0 0 0 0 0 0 
312.312 0.674646 -0.747836 0 0 2.02066e+06 4.45057e+06 8500 400 -3.63405e-06 0 0 0 0 0 0 0 0 
313.814 0.674646 -0.747836 0 0 2.02066e+06 4.45057e+06 8500 400 -3.58303e-06 0 0 0 0 0 0 0 0 
315.315 0.674646 -0.747836 0 0 2.02066e+06 4.45057e+06 8500 400 -3.53196e-06 0 0 0 0 0 0 0 0 
316.817 0.674646 -0.747836 0 0 2.02066e+06 4.45057e+06 8500 400 -3.48087e-06 0 0 0 0 0 0 0 0 
318.318 0.674646 -0.747836 0 0 2.02066e+06 4.45057e+06 8500 400 -3.4298e-06 0 0 0 0 0 0 0 0 
319.82 0.674646 -0.747836 0 0 2.02066e+06 4.45057e+06 8500 400 -3.37869e-06 0 0 0 0 0 0 0 0 
321.321 0.674646 -0.747836 0 0 2.02066e+06 4.45057e+06 8500 400 -3.3276e-06 0 0 0 0 0 0 0 0 
322.823 0.674646 -0.747836 0 0 2.02066e+06 4.45057e+06 8500 400 -3.27656e-06 0 0 0 0 0 0 0 0 
324.324 0.674646 -0.747836 0 0 2.02066e+06 4.45057e+06 8500 400 -3.22549e-06 0 0 0 0 0 0 0 0 
325.826 0.674646 -0.747836 0 0 2.02066e+06 4.45057e+06 8500 400 -3.17442e-06 0 0 0 0 0 0 0 0 
327.327 0.674646 -0.747836 0 0 2.02066e+06 4.45057e+06 8500 400 -3.12336e-06 0 0 0 0 0 0 0 0 
328.829 0.674646 -0.747836 0 0 2.02066e+06 4.45057e+06 8500 400 -3.07227e-06 0 0 0 0 0 0 0 0 
330.33 0.674646 -0.747836 0 0 2.02066e+06 4.45057e+06 8500 400 -3.02118e-06 0 0 0 0 0 0 0 0 
331.832 0.674646 -0.747836 0 0 2.02066e+06 4.45057e+06 8500 400 -2.97013e-06 0 0 0 0 0 0 0 0 
333.333 0.674646 -0.747836 0 0 2.02066e+06 4.45057e+06 8500 400 -2.91907e-06 0 0 0 0 0 0 0 0 
334.835 0.674646 -0.747836 0 0 2.02066e+06 4.45057e+06 8500 400 -2.86798e-06 0 0 0 0 0 0 0 0 
336.336 0.674646 -0.747836 0 0 2.02066e+06 4.45057e+06 8500 400 -2.81689e-06 0 0 0 0 0 0 0 0 
337.838 0.674646 -0.747836 0 0 2.02066e+06 4.45057e+06 8500 400 -2.7658e-06 0 0 0 0 0 0 0 0 
339.339 0.674646 -0.747836 0 0 2.02066e+06 4.45057e+06 8500 400 -2.71468e-06 0 0 0 0 0 0 0 0 
340.841 0.674646 -0.747836 0 0 2.02066e+06 4.45057e+06 8500 400 -2.66362e-06 0 0 0 0 0 0 0 0 
342.342 0.674646 -0.747836 0 0 2.02066e+06 4.45057e+06 8500 400 -2.6126e-06 0 0 0 0 0 0 0 0 
343.844 0.674646 -0.747836 0 0 2.02066e+06 4.45057e+06 8500 400 -2.56153e-06 0 0 0 0 0 0 0 0 
345.345 0.674646 -0.747836 0 0 2.02066e+06 4.45057e+06 8500 400 -2.51044e-06 0 0 0 0 0 0 0 0 
346.847 0.674646 -0.747836 0 0 2.02066e+06 4.45057e+06 8500 400 -2.45937e-06 0 0 0 0 0 0 0 0 
348.348 0.674646 -0.747836 0 0 2.02066e+06 4.45057e+06 8500 400 -2.40828e-06 0 0 0 0 0 0 0 0 
349.85 0.674646 -0.747836 0 0 2.02066e+06 4.45057e+06 8500 400 -2.35715e-06 0 0 0 0 0 0 0 0 
351.351 0.674646 -0.747836 0 0 2.02066e+06 4.45057e+06 8500 400 -2.30608e-06 0 0 0 0 0 0 0 0 
352.853 0.674646 -0.747836 0 0 2.02066e+06 4.45057e+06 8500 400 -2.25504e-06 0 0 0 0 0 0 0 0 
354.354 0.674646 -0.747836 0 0 2.02066e+06 4.45057e+06 8500 400 -2.20397e-06 0 0 0 0 0 0 0 0 
355.856 0.674646 -0.747836 0 0 2.02066e+06 4.45057e+06 8500 400 -2.1529e-06 0 0 0 0 0 0 0 0 
357.357 0.674646 -0.747836 0 0 2.02066e+06 4.45057e+06 8500 400 -2.10184e-06 0 0 0 0 0 0 0 0 
358.859 0.674646 -0.747836 0 0 2.02066e+06 4.45057e+06 8500 400 -2.05075e-06 0 0 0 0 0 0 0 0 
360.36 0.674646 -0.747836 0 0 2.02066e+06 4.45057e+06 8500 400 -1.99966e-06 0 0 0 0 0 0 0 0 
361.862 0.674646 -0.747836 0 0 2.02066e+06 4.45057e+06 8500 400 -1.94857e-06 0 0 0 0 0 0 0 0 
363.363 0.674646 -0.747836 0 0 2.02066e+06 4.45057e+06 8500 400 -1.8975e-06 0 0 0 0 0 0 0 0 
364.865 0.674646 -0.747836 0 0 2.02066e+06 4.45057e+06 8500 400 -1.84646e-06 0 0 0 0 0 0 0 0 
366.366 0.674646 -0.747836 0 0 2.02066e+06 4.45057e+06 8500 400 -1.79539e-06 0 0 0 0 0 0 0 0 
367.868 0.674646 -0.747836 0 0 2.02066e+06 4.45057e+06 8500 400 -1.74432e-06 0 0 0 0 0 0 0 0 
369.369 0.674646 -0.747836 0 0 2.02066e+06 4.45057e+06 8500 400 -1.69321e-06 0 0 0 0 0 0 0 0 
370.871 0.674646 -0.747836 0 0 2.02066e+06 4.45057e+06 8500 400 -1.64212e-06 0 0 0 0 0 0 0 0 
372.372 0.674646 -0.747836 0 0 2.02066e+06 4.45057e+06 8500 400 -1.59105e-06 0 0 0 0 0 0 0 0 
373.874 0.674646 -0.747836 0 0 2.02066e+06 4.45057e+06 8500 400 -1.53994e-06 0 0 0 0 0 0 0 0 
375.375 0.674646 -0.747836 0 0 2.02066e+06 4.45057e+06 8500 400 -1.48887e-06 0 0 0 0 0 0 0 0 
376.877 0.674646 -0.747836 0 0 2.02066e+06 4.45057e+06 8500 400 -1.43785e-06 0 0 0 0 0 0 0 0 
378.378 0.674646 -0.747836 0 0 2.02066e+06 4.45057e+06 8500 400 -1.38679e-06 0 0 0 0 0 0 0 0 
379.88 0.674646 -0.747836 0 0 2.02066e+06 4.45057e+06 8500 400 -1.3357e-06 0 0 0 0 0 0 0 0 
381.381 0.674646 -0.747836 0 0 2.02066e+06 4.45057e+06 8500 400 -1.28461e-06 0 0 0 0 0 0 0 0 
382.883 0.674646 -0.747836 0 0 2.02066e+06 4.45057e+06 8500 400 -1.23354e-06 0 0 0 0 0 0 0 0 
384.384 0.674646 -0.747836 0 0 2.02066e+06 4.45057e+06 8500 400 -1.18247e-06 0 0 0 0 0 0 0 0 
385.886 0.674646 -0.747836 0 0 2.02066e+06 4.45057e+06 8500 400 -1.13138e-06 0 0 0 0 0 0 0 0 
387.387 0.674646 -0.747836 0 0 2.02066e+06 4.45057e+06 8500 400 -1.08029e-06 0 0 0 0 0 0 0 0 
388.889 0.674646 -0.747836 0 0 2.02066e+06 4.45057e+06 8500 400 -1.0292e-06 0 0 0 0 0 0 0 0 
390.39 0.674646 -0.747836 0 0 2.02066e+06 4.45057e+06 8500 400 -9.78135e-07 0 0 0 0 0 0 0 0 
391.892 0.674646 -0.747836 0 0 2.02066e+06 4.45057e+06 8500 400 -9.27069e-07 0 0 0 0 0 0 0 0 
393.393 0.674646 -0.747836 0 0 2.02066e+06 4.45057e+06 8500 400 -8.76002e-07 0 0 0 0 0 0 0 0 
394.895 0.674646 -0.747836 0 0 2.02066e+06 4.45057e+06 8500 400 -8.24936e-07 0 0 0 0 0 0 0 0 
396.396 0.674646 -0.747836 0 0 2.02066e+06 4.45057e+06 8500 400 -7.73869e-07 0 0 0 0 0 0 0 0 
397.898 0.674646 -0.747836 0 0 2.02066e+06 4.45057e+06 8500 400 -7.22779e-07 0 0 0 0 0 0 0 0 
399.399 0.674646 -0.747836 0 0 2.02066e+06 4.45057e+06 8500 400 -6.71688e-07 0 0 0 0 0 0 0 0 
400.901 0.674646 -0.747836 0 0 2.02066e+06 4.45057e+06 8500 400 -6.20622e-07 0 0 0 0 0 0 0 0 
402.402 0.674646 -0.747836 0 0 2.02066e+06 4.45057e+06 8500 400 -5.69556e-07 0 0 0 0 0 0 0 0 
403.904 0.674646 -0.747836 0 0 2.02066e+06 4.45057e+06 8500 400 -5.18489e-07 0 0 0 0 0 0 0 0 
405.405 0.674646 -0.747836 0 0 2.02066e+06 4.45057e+06 8500 400 -4.67399e-07 0 0 0 0 0 0 0 0 
406.907 0.674646 -0.747836 0 0 2.02066e+06 4.45057e+06 8500 400 -4.16284e-07 0 0 0 0 0 0 0 0 
408.408 0.674646 -0.747836 0 0 2.02066e+06 4.45057e+06 8500 400 -3.65218e-07 0 0 0 0 0 0 0 0 
409.91 0.674646 -0.747836 0 0 2.02066e+06 4.45057e+06 8500 400 -3.14175e-07 0 0 0 0 0 0 0 0 
411.411 0.674646 -0.747836 0 0 2.02066e+06 4.45057e+06 8500 400 -2.63085e-07 0 0 0 0 0 0 0 0 
412.913 0.674646 -0.747836 0 0 2.02066e+06 4.45057e+06 8500 400 -2.12018e-07 0 0 0 0 0 0 0 0 
414.414 0.674646 -0.747836 0 0 2.02066e+06 4.45057e+06 8500 400 -1.60952e-07 0 0 0 0 0 0 0 0 
415.916 0.674646 -0.747836 0 0 2.02066e+06 4.45057e+06 8500 400 -1.09886e-07 0 0 0 0 0 0 0 0 
417.417 0.674646 -0.747836 0 0 2.02066e+06 4.45057e+06 8500 400 -5.88191e-08 0 0 0 0 0 0 0 0 
418.919 0.674646 -0.747836 0 0 2.02066e+06 4.45057e+06 8500 400 -7.72858e-09 0 0 0 0 0 0 0 0 
420.42 0.674646 -0.747836 0 0 2.02066e+06 4.45057e+06 8500 400 4.33619e-08 0 0 0 0 0 0 0 0 
421.922 0.674646 -0.747836 0 0 2.02066e+06 4.45057e+06 8500 400 9.44524e-08 0 0 0 0 0 0 0 0 
423.423 0.674646 -0.747836 0 0 2.02066e+06 4.45057e+06 8500 400 1.45519e-07 0 0 0 0 0 0 0 0 
424.925 0.674646 -0.747836 0 0 2.02066e+06 4.45057e+06 8500 400 1.96585e-07 0 0 0 0 0 0 0 0 
426.426 0.674646 -0.747836 0 0 2.02066e+06 4.45057e+06 8500 400 2.47676e-07 0 0 0 0 0 0 0 0 
427.928 0.674646 -0.747836 0 0 2.02066e+06 4.45057e+06 8500 400 2.98742e-07 0 0 0 0 0 0 0 0 
429.429 0.674646 -0.747836 0 0 2.02066e+06 4.45057e+06 8500 400 3.49785e-07 0 0 0 0 0 0 0 0 
430.931 0.674646 -0.747836 0 0 2.02066e+06 4.45057e+06 8500 400 4.00851e-07 0 0 0 0 0 0 0 0 
432.432 0.674646 -0.747836 0 0 2.02066e+06 4.45057e+06 8500 400 4.51941e-07 0 0 0 0 0 0 0 0 
433.934 0.674646 -0.747836 0 0 2.02066e+06 4.45057e+06 8500 400 5.03056e-07 0 0 0 0 0 0 0 0 
435.435 0.674646 -0.747836 0 0 2.02066e+06 4.45057e+06 8500 400 5.54147e-07 0 0 0 0 0 0 0 0 
436.937 0.674646 -0.747836 0 0 2.02066e+06 4.45057e+06 8500 400 6.05213e-07 0 0 0 0 0 0 0 0 
438.438 0.674646 -0.747836 0 0 2.02066e+06 4.45057e+06 8500 400 6.56279e-07 0 0 0 0 0 0 0 0 
439.94 0.674646 -0.747836 0 0 2.02066e+06 4.45057e+06 8500 400 7.07346e-07 0 0 0 0 0 0 0 0 
441.441 0.674646 -0.747836 0 0 2.02066e+06 4.45057e+06 8500 400 7.58412e-07 0 0 0 0 0 0 0 0 
442.943 0.674646 -0.747836 0 0 2.02066e+06 4.45057e+06 8500 400 8.09479e-07 0 0 0 0 0 0 0 0 
444.444 0.674646 -0.747836 0 0 2.02066e+06 4.45057e+06 8500 400 8.60569e-07 0 0 0 0 0 0 0 0 
445.946 0.674646 -0.747836 0 0 2.02066e+06 4.45057e+06 8500 400 9.1166e-07 0 0 0 0 0 0 0 0 
447.447 0.674646 -0.747836 0 0 2.02066e+06 4.45057e+06 8500 400 9.6275e-07 0 0 0 0 0 0 0 0 
448.949 0.674646 -0.747836 0 0 2.02066e+06 4.45057e+06 8500 400 1.01382e-06 0 0 0 0 0 0 0 0 
450.45 0.674646 -0.747836 0 0 2.02066e+06 4.45057e+06 8500 400 1.06488e-06 0 0 0 0 0 0 0 0 
451.952 0.674646 -0.747836 0 0 2.02066e+06 4.45057e+06 8500 400 1.11595e-06 0 0 0 0 0 0 0 0 
453.453 0.674646 -0.747836 0 0 2.02066e+06 4.45057e+06 8500 400 1.16702e-06 0 0 0 0 0 0 0 0 
454.955 0.674646 -0.747836 0 0 2.02066e+06 4.45057e+06 8500 400 1.21811e-06 0 0 0 0 0 0 0 0 
456.456 0.674646 -0.747836 0 0 2.02066e+06 4.45057e+06 8500 400 1.26917e-06 0 0 0 0 0 0 0 0 
457.958 0.674646 -0.747836 0 0 2.02066e+06 4.45057e+06 8500 400 1.32026e-06 0 0 0 0 0 0 0 0 
459.459 0.674646 -0.747836 0 0 2.02066e+06 4.45057e+06 8500 400 1.37135e-06 0 0 0 0 0 0 0 0 
460.961 0.674646 -0.747836 0 0 2.02066e+06 4.45057e+06 8500 400 1.42242e-06 0 0 0 0 0 0 0 0 
462.462 0.674646 -0.747836 0 0 2.02066e+06 4.45057e+06 8500 400 1.47349e-06 0 0 0 0 0 0 0 0 
463.964 0.674646 -0.747836 0 0 2.02066e+06 4.45057e+06 8500 400 1.52455e-06 0 0 0 0 0 0 0 0 
465.465 0.674646 -0.747836 0 0 2.02066e+06 4.45057e+06 8500 400 1.57562e-06 0 0 0 0 0 0 0 0 
466.967 0.674646 -0.747836 0 0 2.02066e+06 4.45057e+06 8500 400 1.62669e-06 0 0 0 0 0 0 0 0 
468.468 0.674646 -0.747836 0 0 2.02066e+06 4.45057e+06 8500 400 1.67775e-06 0 0 0 0 0 0 0 0 
469.97 0.674646 -0.747836 0 0 2.02066e+06 4.45057e+06 8500 400 1.72884e-06 0 0 0 0 0 0 0 0 
471.471 0.674646 -0.747836 0 0 2.02066e+06 4.45057e+06 8500 400 1.77993e-06 0 0 0 0 0 0 0 0 
472.973 0.674646 -0.747836 0 0 2.02066e+06 4.45057e+06 8500 400 1.831e-06 0 0 0 0 0 0 0 0 
474.474 0.674646 -0.747836 0 0 2.02066e+06 4.45057e+06 8500 400 1.88209e-06 0 0 0 0 0 0 0 0 
475.976 0.674646 -0.747836 0 0 2.02066e+06 4.45057e+06 8500 400 1.93318e-06 0 0 0 0 0 0 0 0 
477.477 0.674646 -0.747836 0 0 2.02066e+06 4.45057e+06 8500 400 1.98425e-06 0 0 0 0 0 0 0 0 
478.979 0.674646 -0.747836 0 0 2.02066e+06 4.45057e+06 8500 400 2.03529e-06 0 0 0 0 0 0 0 0 
480.48 0.674646 -0.747836 0 0 2.02066e+06 4.45057e+06 8500 400 2.08638e-06 0 0 0 0 0 0 0 0 
481.982 0.674646 -0.747836 0 0 2.02066e+06 4.45057e+06 8500 400 2.13747e-06 0 0 0 0 0 0 0 0 
483.483 0.674646 -0.747836 0 0 2.02066e+06 4.45057e+06 8500 400 2.18854e-06 0 0 0 0 0 0 0 0 
484.985 0.674646 -0.747836 0 0 2.02066e+06 4.45057e+06 8500 400 2.2396e-06 0 0 0 0 0 0 0 0 
486.486 0.674646 -0.747836 0 0 2.02066e+06 4.45057e+06 8500 400 2.29067e-06 0 0 0 0 0 0 0 0 
487.988 0.674646 -0.747836 0 0 2.02066e+06 4.45057e+06 8500 400 2.34176e-06 0 0 0 0 0 0 0 0 
489.489 0.674646 -0.747836 0 0 2.02066e+06 4.45057e+06 8500 400 2.39285e-06 0 0 0 0 0 0 0 0 
490.991 0.674646 -0.747836 0 0 2.02066e+06 4.45057e+06 8500 400 2.44394e-06 0 0 0 0 0 0 0 0 
492.492 0.674646 -0.747836 0 0 2.02066e+06 4.45057e+06 8500 400 2.49501e-06 0 0 0 0 0 0 0 0 
493.994 0.674646 -0.747836 0 0 2.02066e+06 4.45057e+06 8500 400 2.54607e-06 0 0 0 0 0 0 0 0 
495.495 0.674646 -0.747836 0 0 2.02066e+06 4.45057e+06 8500 400 2.59716e-06 0 0 0 0 0 0 0 0 
496.997 0.674646 -0.747836 0 0 2.02066e+06 4.45057e+06 8500 400 2.64823e-06 0 0 0 0 0 0 0 0 
498.498 0.674646 -0.747836 0 0 2.02066e+06 4.45057e+06 8500 400 2.69925e-06 0 0 0 0 0 0 0 0 
500 0.674646 -0.747836 0 0 2.02066e+06 4.45057e+06 8500 400 2.72475e-06 0 0 0 0 0 0 0 0 
500 0.674646 -0.747836 0 0 2.02066e+06 4.45057e+06 8500 400 2.77569e-06 0 0 0 0 0 0 0 0 
501.492 0.674646 -0.747836 0 0 2.02066e+06 4.45057e+06 8500 400 2.80105e-06 0 0 0 0 0 0 0 0 
502.964 0.674646 -0.747836 0 0 2.02066e+06 4.45057e+06 8500 400 2.85115e-06 0 0 0 0 0 0 0 0 
504.416 0.674646 -0.747836 0 0 2.02066e+06 4.45057e+06 8500 400 2.90055e-06 0 0 0 0 0 0 0 0 
505.848 0.674646 -0.747836 0 0 2.02066e+06 4.45057e+06 8500 400 2.94928e-06 0 0 0 0 0 0 0 0 
507.261 0.674646 -0.747836 0 0 2.02066e+06 4.45057e+06 8500 400 2.99741e-06 0 0 0 0 0 0 0 0 
508.654 0.674646 -0.747836 0 0 2.02066e+06 4.45057e+06 8500 400 3.04486e-06 0 0 0 0 0 0 0 0 
510.029 0.674646 -0.747836 0 0 2.02066e+06 4.45057e+06 8500 400 3.09169e-06 0 0 0 0 0 0 0 0 
511.384 0.674646 -0.747836 0 0 2.02066e+06 4.45057e+06 8500 400 3.13782e-06 0 0 0 0 0 0 0 0 
512.722 0.674646 -0.747836 0 0 2.02066e+06 4.45057e+06 8500 400 3.18327e-06 0 0 0 0 0 0 0 0 
514.041 0.674646 -0.747836 0 0 2.02066e+06 4.45057e+06 8500 400 3.22812e-06 0 0 0 0 0 0 0 0 
515.342 0.674646 -0.747836 0 0 2.02066e+06 4.45057e+06 8500 400 3.27245e-06 0 0 0 0 0 0 0 0 
516.625 0.674646 -0.747836 0 0 2.02066e+06 4.45057e+06 8500 400 3.31614e-06 0 0 0 0 0 0 0 0 
517.891 0.674646 -0.747836 0 0 2.02066e+06 4.45057e+06 8500 400 3.35912e-06 0 0 0 0 0 0 0 0 
519.14 0.674646 -0.747836 0 0 2.02066e+06 4.45057e+06 8500 400 3.40144e-06 0 0 0 0 0 0 0 0 
520.371 0.674646 -0.747836 0 0 2.02066e+06 4.45057e+06 8500 400 3.44324e-06 0 0 0 0 0 0 0 0 
521.586 0.674646 -0.747836 0 0 2.02066e+06 4.45057e+06 8500 400 3.48458e-06 0 0 0 0 0 0 0 0 
522.785 0.674646 -0.747836 0 0 2.02066e+06 4.45057e+06 8500 400 3.52529e-06 0 0 0 0 0 0 0 0 
523.967 0.674646 -0.747836 0 0 2.02066e+06 4.45057e+06 8500 400 3.56549e-06 0 0 0 0 0 0 0 0 
525.133 0.674646 -0.747836 0 0 2.02066e+06 4.45057e+06 8500 400 3.60522e-06 0 0 0 0 0 0 0 0 
526.283 0.674646 -0.747836 0 0 2.02066e+06 4.45057e+06 8500 400 3.64436e-06 0 0 0 0 0 0 0 0 
527.417 0.674646 -0.747836 0 0 2.02066e+06 4.45057e+06 8500 400 3.68293e-06 0 0 0 0 0 0 0 0 
528.536 0.674646 -0.747836 0 0 2.02066e+06 4.45057e+06 8500 400 3.72092e-06 0 0 0 0 0 0 0 0 
529.64 0.674646 -0.747836 0 0 2.02066e+06 4.45057e+06 8500 400 3.75843e-06 0 0 0 0 0 0 0 0 
530.729 0.674646 -0.747836 0 0 2.02066e+06 4.45057e+06 8500 400 3.79546e-06 0 0 0 0 0 0 0 0 
531.802 0.674646 -0.747836 0 0 2.02066e+06 4.45057e+06 8500 400 3.83196e-06 0 0 0 0 0 0 0 0 
532.862 0.674646 -0.747836 0 0 2.02066e+06 4.45057e+06 8500 400 3.86803e-06 0 0 0 0 0 0 0 0 
533.907 0.674646 -0.747836 0 0 2.02066e+06 4.45057e+06 8500 400 3.90371e-06 0 0 0 0 0 0 0 0 
534.937 0.674646 -0.747836 0 0 2.02066e+06 4.45057e+06 8500 400 3.93871e-06 0 0 0 0 0 0 0 0 
535.954 0.674646 -0.747836 0 0 2.02066e+06 4.45057e+06 8500 400 3.97314e-06 0 0 0 0 0 0 0 0 
536.957 0.674646 -0.747836 0 0 2.02066e+06 4.45057e+06 8500 400 4.00733e-06 0 0 0 0 0 0 0 0 
537.946 0.674646 -0.747836 0 0 2.02066e+06 4.45057e+06 8500 400 4.04103e-06 0 0 0 0 0 0 0 0 
538.921 0.674646 -0.747836 0 0 2.02066e+06 4.45057e+06 8500 400 4.07416e-06 0 0 0 0 0 0 0 0 
539.884 0.674646 -0.747836 0 0 2.02066e+06 4.45057e+06 8500 400 4.1068e-06 0 0 0 0 0 0 0 0 
540.833 0.674646 -0.747836 0 0 2.02066e+06 4.45057e+06 8500 400 4.13907e-06 0 0 0 0 0 0 0 0 
541.769 0.674646 -0.747836 0 0 2.02066e+06 4.45057e+06 8500 400 4.17104e-06 0 0 0 0 0 0 0 0 
542.693 0.674646 -0.747836 0 0 2.02066e+06 4.45057e+06 8500 400 4.20253e-06 0 0 0 0 0 0 0 0 
543.604 0.674646 -0.747836 0 0 2.02066e+06 4.45057e+06 8500 400 4.23349e-06 0 0 0 0 0 0 0 0 
544.503 0.674646 -0.747836 0 0 2.02066e+06 4.45057e+06 8500 400 4.26392e-06 0 0 0 0 0 0 0 0 
545.389 0.674646 -0.747836 0 0 2.02066e+06 4.45057e+06 8500 400 4.29397e-06 0 0 0 0 0 0 0 0 
546.263 0.674646 -0.747836 0 0 2.02066e+06 4.45057e+06 8500 400 4.32368e-06 0 0 0 0 0 0 0 0 
547.126 0.674646 -0.747836 0 0 2.02066e+06 4.45057e+06 8500 400 4.35286e-06 0 0 0 0 0 0 0 0 
547.977 0.674646 -0.747836 0 0 2.02066e+06 4.45057e+06 8500 400 4.3817e-06 0 0 0 0 0 0 0 0 
548.816 0.674646 -0.747836 0 0 2.02066e+06 4.45057e+06 8500 400 4.41035e-06 0 0 0 0 0 0 0 0 
549.643 0.674646 -0.747836 0 0 2.02066e+06 4.45057e+06 8500 400 4.43852e-06 0 0 0 0 0 0 0 0 
550.46 0.674646 -0.747836 0 0 2.02066e+06 4.45057e+06 8500 400 4.4664e-06 0 0 0 0 0 0 0 0 
551.265 0.674646 -0.747836 0 0 2.02066e+06 4.45057e+06 8500 400 4.49389e-06 0 0 0 0 0 0 0 0 
552.059 0.674646 -0.747836 0 0 2.02066e+06 4.45057e+06 8500 400 4.521e-06 0 0 0 0 0 0 0 0 
552.843 0.674646 -0.747836 0 0 2.02066e+06 4.45057e+06 8500 400 4.54777e-06 0 0 0 0 0 0 0 0 
553.616 0.674646 -0.747836 0 0 2.02066e+06 4.45057e+06 8500 400 4.57406e-06 0 0 0 0 0 0 0 0 
554.378 0.674646 -0.747836 0 0 2.02066e+06 4.45057e+06 8500 400 4.59997e-06 0 0 0 0 0 0 0 0 
555.13 0.674646 -0.747836 0 0 2.02066e+06 4.45057e+06 8500 400 4.62539e-06 0 0 0 0 0 0 0 0 
555.872 0.674646 -0.747836 0 0 2.02066e+06 4.45057e+06 8500 400 4.65048e-06 0 0 0 0 0 0 0 0 
556.603 0.674646 -0.747836 0 0 2.02066e+06 4.45057e+06 8500 400 4.67537e-06 0 0 0 0 0 0 0 0 
557.325 0.674646 -0.747836 0 0 2.02066e+06 4.45057e+06 8500 400 4.70002e-06 0 0 0 0 0 0 0 0 
558.037 0.674646 -0.747836 0 0 2.02066e+06 4.45057e+06 8500 400 4.72434e-06 0 0 0 0 0 0 0 0 
558.739 0.674646 -0.747836 0 0 2.02066e+06 4.45057e+06 8500 400 4.74832e-06 0 0 0 0 0 0 0 0 
559.432 0.674646 -0.747836 0 0 2.02066e+06 4.45057e+06 8500 400 4.77201e-06 0 0 0 0 0 0 0 0 
560.115 0.674646 -0.747836 0 0 2.02066e+06 4.45057e+06 8500 400 4.79536e-06 0 0 0 0 0 0 0 0 
560.789 0.674646 -0.747836 0 0 2.02066e+06 4.45057e+06 8500 400 4.81838e-06 0 0 0 0 0 0 0 0 
561.453 0.674646 -0.747836 0 0 2.02066e+06 4.45057e+06 8500 400 4.84111e-06 0 0 0 0 0 0 0 0 
562.109 0.674646 -0.747836 0 0 2.02066e+06 4.45057e+06 8500 400 4.86335e-06 0 0 0 0 0 0 0 0 
562.756 0.674646 -0.747836 0 0 2.02066e+06 4.45057e+06 8500 400 4.88521e-06 0 0 0 0 0 0 0 0 
563.394 0.674646 -0.747836 0 0 2.02066e+06 4.45057e+06 8500 400 4.90698e-06 0 0 0 0 0 0 0 0 
564.023 0.674646 -0.747836 0 0 2.02066e+06 4.45057e+06 8500 400 4.92835e-06 0 0 0 0 0 0 0 0 
564.644 0.674646 -0.747836 0 0 2.02066e+06 4.45057e+06 8500 400 4.9492e-06 0 0 0 0 0 0 0 0 
565.256 0.674646 -0.747836 0 0 2.02066e+06 4.45057e+06 8500 400 4.96981e-06 0 0 0 0 0 0 0 0 
565.86 0.674646 -0.747836 0 0 2.02066e+06 4.45057e+06 8500 400 4.99037e-06 0 0 0 0 0 0 0 0 
566.455 0.674646 -0.747836 0 0 2.02066e+06 4.45057e+06 8500 400 5.01069e-06 0 0 0 0 0 0 0 0 
567.043 0.674646 -0.747836 0 0 2.02066e+06 4.45057e+06 8500 400 5.03063e-06 0 0 0 0 0 0 0 0 
567.622 0.674646 -0.747836 0 0 2.02066e+06 4.45057e+06 8500 400 5.05037e-06 0 0 0 0 0 0 0 0 
568.194 0.674646 -0.747836 0 0 2.02066e+06 4.45057e+06 8500 400 5.06973e-06 0 0 0 0 0 0 0 0 
568.758 0.674646 -0.747836 0 0 2.02066e+06 4.45057e+06 8500 400 5.08889e-06 0 0 0 0 0 0 0 0 
569.314 0.674646 -0.747836 0 0 2.02066e+06 4.45057e+06 8500 400 5.10796e-06 0 0 0 0 0 0 0 0 
569.863 0.674646 -0.747836 0 0 2.02066e+06 4.45057e+06 8500 400 5.12674e-06 0 0 0 0 0 0 0 0 
570.404 0.674646 -0.747836 0 0 2.02066e+06 4.45057e+06 8500 400 5.14523e-06 0 0 0 0 0 0 0 0 
570.938 0.674646 -0.747836 0 0 2.02066e+06 4.45057e+06 8500 400 5.16343e-06 0 0 0 0 0 0 0 0 
571.464 0.674646 -0.747836 0 0 2.02066e+06 4.45057e+06 8500 400 5.18144e-06 0 0 0 0 0 0 0 0 
571.984 0.674646 -0.747836 0 0 2.02066e+06 4.45057e+06 8500 400 5.19916e-06 0 0 0 0 0 0 0 0 
572.496 0.674646 -0.747836 0 0 2.02066e+06 4.45057e+06 8500 400 5.21649e-06 0 0 0 0 0 0 0 0 
573.001 0.674646 -0.747836 0 0 2.02066e+06 4.45057e+06 8500 400 5.23373e-06 0 0 0 0 0 0 0 0 
573.5 0.674646 -0.747836 0 0 2.02066e+06 4.45057e+06 8500 400 5.25087e-06 0 0 0 0 0 0 0 0 
573.991 0.674646 -0.747836 0 0 2.02066e+06 4.45057e+06 8500 400 5.26763e-06 0 0 0 0 0 0 0 0 
574.476 0.674646 -0.747836 0 0 2.02066e+06 4.45057e+06 8500 400 5.28429e-06 0 0 0 0 0 0 0 0 
574.955 0.674646 -0.747836 0 0 2.02066e+06 4.45057e+06 8500 400 5.30066e-06 0 0 0 0 0 0 0 0 
575.427 0.674646 -0.747836 0 0 2.02066e+06 4.45057e+06 8500 400 5.31655e-06 0 0 0 0 0 0 0 0 
575.892 0.674646 -0.747836 0 0 2.02066e+06 4.45057e+06 8500 400 5.33234e-06 0 0 0 0 0 0 0 0 
576.351 0.674646 -0.747836 0 0 2.02066e+06 4.45057e+06 8500 400 5.34794e-06 0 0 0 0 0 0 0 0 
576.804 0.674646 -0.747836 0 0 2.02066e+06 4.45057e+06 8500 400 5.36325e-06 0 0 0 0 0 0 0 0 
577.251 0.674646 -0.747836 0 0 2.02066e+06 4.45057e+06 8500 400 5.37837e-06 0 0 0 0 0 0 0 0 
577.691 0.674646 -0.747836 0 0 2.02066e+06 4.45057e+06 8500 400 5.3934e-06 0 0 0 0 0 0 0 0 
578.126 0.674646 -0.747836 0 0 2.02066e+06 4.45057e+06 8500 400 5.40823e-06 0 0 0 0 0 0 0 0 
578.554 0.674646 -0.747836 0 0 2.02066e+06 4.45057e+06 8500 400 5.42277e-06 0 0 0 0 0 0 0 0 
578.977 0.674646 -0.747836 0 0 2.02066e+06 4.45057e+06 8500 400 5.43712e-06 0 0 0 0 0 0 0 0 
579.394 0.674646 -0.747836 0 0 2.02066e+06 4.45057e+06 8500 400 5.45147e-06 0 0 0 0 0 0 0 0 
579.806 0.674646 -0.747836 0 0 2.02066e+06 4.45057e+06 8500 400 5.46553e-06 0 0 0 0 0 0 0 0 
580.212 0.674646 -0.747836 0 0 2.02066e+06 4.45057e+06 8500 400 5.47901e-06 0 0 0 0 0 0 0 0 
580.612 0.674646 -0.747836 0 0 2.02066e+06 4.45057e+06 8500 400 5.4924e-06 0 0 0 0 0 0 0 0 
581.007 0.674646 -0.747836 0 0 2.02066e+06 4.45057e+06 8500 400 5.50598e-06 0 0 0 0 0 0 0 0 
581.396 0.674646 -0.747836 0 0 2.02066e+06 4.45057e+06 8500 400 5.51917e-06 0 0 0 0 0 0 0 0 
581.78 0.674646 -0.747836 0 0 2.02066e+06 4.45057e+06 8500 400 5.53198e-06 0 0 0 0 0 0 0 0 
582.159 0.674646 -0.747836 0 0 2.02066e+06 4.45057e+06 8500 400 5.54478e-06 0 0 0 0 0 0 0 0 
582.533 0.674646 -0.747836 0 0 2.02066e+06 4.45057e+06 8500 400 5.5573e-06 0 0 0 0 0 0 0 0 
582.902 0.674646 -0.747836 0 0 2.02066e+06 4.45057e+06 8500 400 5.56982e-06 0 0 0 0 0 0 0 0 
583.265 0.674646 -0.747836 0 0 2.02066e+06 4.45057e+06 8500 400 5.58234e-06 0 0 0 0 0 0 0 0 
583.624 0.674646 -0.747836 0 0 2.02066e+06 4.45057e+06 8500 400 5.59418e-06 0 0 0 0 0 0 0 0 
583.978 0.674646 -0.747836 0 0 2.02066e+06 4.45057e+06 8500 400 5.60603e-06 0 0 0 0 0 0 0 0 
584.327 0.674646 -0.747836 0 0 2.02066e+06 4.45057e+06 8500 400 5.61797e-06 0 0 0 0 0 0 0 0 
584.671 0.674646 -0.747836 0 0 2.02066e+06 4.45057e+06 8500 400 5.62953e-06 0 0 0 0 0 0 0 0 
585.011 0.674646 -0.747836 0 0 2.02066e+06 4.45057e+06 8500 400 5.64089e-06 0 0 0 0 0 0 0 0 
585.346 0.674646 -0.747836 0 0 2.02066e+06 4.45057e+06 8500 400 5.65226e-06 0 0 0 0 0 0 0 0 
585.676 0.674646 -0.747836 0 0 2.02066e+06 4.45057e+06 8500 400 5.66391e-06 0 0 0 0 0 0 0 0 
586.002 0.674646 -0.747836 0 0 2.02066e+06 4.45057e+06 8500 400 5.67508e-06 0 0 0 0 0 0 0 0 
586.323 0.674646 -0.747836 0 0 2.02066e+06 4.45057e+06 8500 400 5.68558e-06 0 0 0 0 0 0 0 0 
586.641 0.674646 -0.747836 0 0 2.02066e+06 4.45057e+06 8500 400 5.69646e-06 0 0 0 0 0 0 0 0 
586.953 0.674646 -0.747836 0 0 2.02066e+06 4.45057e+06 8500 400 5.70724e-06 0 0 0 0 0 0 0 0 
587.262 0.674646 -0.747836 0 0 2.02066e+06 4.45057e+06 8500 400 5.71755e-06 0 0 0 0 0 0 0 0 
587.566 0.674646 -0.747836 0 0 2.02066e+06 4.45057e+06 8500 400 5.72785e-06 0 0 0 0 0 0 0 0 
587.866 0.674646 -0.747836 0 0 2.02066e+06 4.45057e+06 8500 400 5.73796e-06 0 0 0 0 0 0 0 0 
588.162 0.674646 -0.747836 0 0 2.02066e+06 4.45057e+06 8500 400 5.74798e-06 0 0 0 0 0 0 0 0 
588.454 0.674646 -0.747836 0 0 2.02066e+06 4.45057e+06 8500 400 5.7578e-06 0 0 0 0 0 0 0 0 
588.742 0.674646 -0.747836 0 0 2.02066e+06 4.45057e+06 8500 400 5.76763e-06 0 0 0 0 0 0 0 0 
589.027 0.674646 -0.747836 0 0 2.02066e+06 4.45057e+06 8500 400 5.77725e-06 0 0 0 0 0 0 0 0 
589.307 0.674646 -0.747836 0 0 2.02066e+06 4.45057e+06 8500 400 5.78669e-06 0 0 0 0 0 0 0 0 
589.583 0.674646 -0.747836 0 0 2.02066e+06 4.45057e+06 8500 400 5.79594e-06 0 0 0 0 0 0 0 0 
589.856 0.674646 -0.747836 0 0 2.02066e+06 4.45057e+06 8500 400 5.80518e-06 0 0 0 0 0 0 0 0 
590.125 0.674646 -0.747836 0 0 2.02066e+06 4.45057e+06 8500 400 5.81443e-06 0 0 0 0 0 0 0 0 
590.39 0.674646 -0.747836 0 0 2.02066e+06 4.45057e+06 8500 400 5.82329e-06 0 0 0 0 0 0 0 0 
590.652 0.674646 -0.747836 0 0 2.02066e+06 4.45057e+06 8500 400 5.83195e-06 0 0 0 0 0 0 0 0 
590.91 0.674646 -0.747836 0 0 2.02066e+06 4.45057e+06 8500 400 5.84101e-06 0 0 0 0 0 0 0 0 
591.165 0.674646 -0.747836 0 0 2.02066e+06 4.45057e+06 8500 400 5.85025e-06 0 0 0 0 0 0 0 0 
591.416 0.674646 -0.747836 0 0 2.02066e+06 4.45057e+06 8500 400 5.85911e-06 0 0 0 0 0 0 0 0 
591.664 0.674646 -0.747836 0 0 2.02066e+06 4.45057e+06 8500 400 5.86778e-06 0 0 0 0 0 0 0 0 
591.908 0.674646 -0.747836 0 0 2.02066e+06 4.45057e+06 8500 400 5.87664e-06 0 0 0 0 0 0 0 0 
592.149 0.674646 -0.747836 0 0 2.02066e+06 4.45057e+06 8500 400 5.88531e-06 0 0 0 0 0 0 0 0 
592.387 0.674646 -0.747836 0 0 2.02066e+06 4.45057e+06 8500 400 5.89301e-06 0 0 0 0 0 0 0 0 
592.622 0.674646 -0.747836 0 0 2.02066e+06 4.45057e+06 8500 400 5.90091e-06 0 0 0 0 0 0 0 0 
592.853 0.674646 -0.747836 0 0 2.02066e+06 4.45057e+06 8500 400 5.90861e-06 0 0 0 0 0 0 0 0 
593.081 0.674646 -0.747836 0 0 2.02066e+06 4.45057e+06 8500 400 5.91612e-06 0 0 0 0 0 0 0 0 
593.306 0.674646 -0.747836 0 0 2.02066e+06 4.45057e+06 8500 400 5.92421e-06 0 0 0 0 0 0 0 0 
593.528 0.674646 -0.747836 0 0 2.02066e+06 4.45057e+06 8500 400 5.93153e-06 0 0 0 0 0 0 0 0 
593.747 0.674646 -0.747836 0 0 2.02066e+06 4.45057e+06 8500 400 5.93885e-06 0 0 0 0 0 0 0 0 
593.963 0.674646 -0.747836 0 0 2.02066e+06 4.45057e+06 8500 400 5.94675e-06 0 0 0 0 0 0 0 0 
594.176 0.674646 -0.747836 0 0 2.02066e+06 4.45057e+06 8500 400 5.95426e-06 0 0 0 0 0 0 0 0 
594.386 0.674646 -0.747836 0 0 2.02066e+06 4.45057e+06 8500 400 5.96119e-06 0 0 0 0 0 0 0 0 
594.594 0.674646 -0.747836 0 0 2.02066e+06 4.45057e+06 8500 400 5.96793e-06 0 0 0 0 0 0 0 0 
594.798 0.674646 -0.747836 0 0 2.02066e+06 4.45057e+06 8500 400 5.97467e-06 0 0 0 0 0 0 0 0 
595 0.674646 -0.747836 0 0 2.02066e+06 4.45057e+06 8500 400 5.97793e-06 0 0 0 0 0 0 0 0 
595 0.674646 -0.747836 0 0 2.02066e+06 4.45057e+06 8500 400 5.98486e-06 0 0 0 0 0 0 0 0 
595.208 0.674646 -0.747836 0 0 2.02066e+06 4.45057e+06 8500 400 5.98833e-06 0 0 0 0 0 0 0 0 
595.417 0.674646 -0.747836 0 0 2.02066e+06 4.45057e+06 8500 400 5.99488e-06 0 0 0 0 0 0 0 0 
595.625 0.674646 -0.747836 0 0 2.02066e+06 4.45057e+06 8500 400 6.00123e-06 0 0 0 0 0 0 0 0 
595.833 0.674646 -0.747836 0 0 2.02066e+06 4.45057e+06 8500 400 6.00817e-06 0 0 0 0 0 0 0 0 
596.042 0.674646 -0.747836 0 0 2.02066e+06 4.45057e+06 8500 400 6.01491e-06 0 0 0 0 0 0 0 0 
596.25 0.674646 -0.747836 0 0 2.02066e+06 4.45057e+06 8500 400 6.02126e-06 0 0 0 0 0 0 0 0 
596.458 0.674646 -0.747836 0 0 2.02066e+06 4.45057e+06 8500 400 6.02762e-06 0 0 0 0 0 0 0 0 
596.667 0.674646 -0.747836 0 0 2.02066e+06 4.45057e+06 8500 400 6.03417e-06 0 0 0 0 0 0 0 0 
596.875 0.674646 -0.747836 0 0 2.02066e+06 4.45057e+06 8500 400 6.0411e-06 0 0 0 0 0 0 0 0 
597.083 0.674646 -0.747836 0 0 2.02066e+06 4.45057e+06 8500 400 6.04765e-06 0 0 0 0 0 0 0 0 
597.292 0.674646 -0.747836 0 0 2.02066e+06 4.45057e+06 8500 400 6.05439e-06 0 0 0 0 0 0 0 0 
597.5 0.674646 -0.747836 0 0 2.02066e+06 4.45057e+06 8500 400 6.06094e-06 0 0 0 0 0 0 0 0 
597.708 0.674646 -0.747836 0 0 2.02066e+06 4.45057e+06 8500 400 6.0673e-06 0 0 0 0 0 0 0 0 
597.917 0.674646 -0.747836 0 0 2.02066e+06 4.45057e+06 8500 400 6.07423e-06 0 0 0 0 0 0 0 0 
598.125 0.674646 -0.747836 0 0 2.02066e+06 4.45057e+06 8500 400 6.08078e-06 0 0 0 0 0 0 0 0 
598.333 0.674646 -0.747836 0 0 2.02066e+06 4.45057e+06 8500 400 6.08733e-06 0 0 0 0 0 0 0 0 
598.542 0.674646 -0.747836 0 0 2.02066e+06 4.45057e+06 8500 400 6.09388e-06 0 0 0 0 0 0 0 0 
598.75 0.674646 -0.747836 0 0 2.02066e+06 4.45057e+06 8500 400 6.10023e-06 0 0 0 0 0 0 0 0 
598.958 0.674646 -0.747836 0 0 2.02066e+06 4.45057e+06 8500 400 6.10698e-06 0 0 0 0 0 0 0 0 
599.167 0.674646 -0.747836 0 0 2.02066e+06 4.45057e+06 8500 400 6.11372e-06 0 0 0 0 0 0 0 0 
599.375 0.674646 -0.747836 0 0 2.02066e+06 4.45057e+06 8500 400 6.12046e-06 0 0 0 0 0 0 0 0 
599.583 0.674646 -0.747836 0 0 2.02066e+06 4.45057e+06 8500 400 6.12701e-06 0 0 0 0 0 0 0 0 
599.792 0.674646 -0.747836 0 0 2.02066e+06 4.45057e+06 8500 400 6.13336e-06 0 0 0 0 0 0 0 0 
600 0.674646 -0.747836 0 0 2.02066e+06 4.45057e+06 8500 400 6.13664e-06 0 0 0 0 0 0 0 0 
600 0.506469 -0.498116 0 0 2.24759e+09 3.75732e+09 14140 340 7.72377e-06 0 0 0 0 0 0 0 0 
600.2 0.506469 -0.498116 0 0 2.24759e+09 3.75732e+09 14140 340 9.70036e-06 0 0 0 0 0 0 0 0 
600.4 0.506469 -0.498116 0 0 2.24759e+09 3.75732e+09 14140 340 1.36539e-05 0 0 0 0 0 0 0 0 
600.6 0.506469 -0.498116 0 0 2.24759e+09 3.75732e+09 14140 340 1.76079e-05 0 0 0 0 0 0 0 0 
600.8 0.506469 -0.498116 0 0 2.24759e+09 3.75732e+09 14140 340 2.15618e-05 0 0 0 0 0 0 0 0 
601 0.506469 -0.498116 0 0 2.24759e+09 3.75732e+09 14140 340 2.55158e-05 0 0 0 0 0 0 0 0 
601.2 0.506469 -0.498116 0 0 2.24759e+09 3.75732e+09 14140 340 2.94695e-05 0 0 0 0 0 0 0 0 
601.4 0.506469 -0.498116 0 0 2.24759e+09 3.75732e+09 14140 340 3.34235e-05 0 0 0 0 0 0 0 0 
601.6 0.506469 -0.498116 0 0 2.24759e+09 3.75732e+09 14140 340 3.73771e-05 0 0 0 0 0 0 0 0 
601.8 0.506469 -0.498116 0 0 2.24759e+09 3.75732e+09 14140 340 4.13308e-05 0 0 0 0 0 0 0 0 
602 0.506469 -0.498116 0 0 2.24759e+09 3.75732e+09 14140 340 4.52852e-05 0 0 0 0 0 0 0 0 
602.2 0.506469 -0.498116 0 0 2.24759e+09 3.75732e+09 14140 340 4.92391e-05 0 0 0 0 0 0 0 0 
602.4 0.506469 -0.498116 0 0 2.24759e+09 3.75732e+09 14140 340 5.31929e-05 0 0 0 0 0 0 0 0 
602.6 0.506469 -0.498116 0 0 2.24759e+09 3.75732e+09 14140 340 5.71468e-05 0 0 0 0 0 0 0 0 
602.8 0.506469 -0.498116 0 0 2.24759e+09 3.75732e+09 14140 340 6.1101e-05 0 0 0 0 0 0 0 0 
603 0.506469 -0.498116 0 0 2.24759e+09 3.75732e+09 14140 340 6.50545e-05 0 0 0 0 0 0 0 0 
603.2 0.506469 -0.498116 0 0 2.24759e+09 3.75732e+09 14140 340 6.90085e-05 0 0 0 0 0 0 0 0 
603.4 0.506469 -0.498116 0 0 2.24759e+09 3.75732e+09 14140 340 7.29624e-05 0 0 0 0 0 0 0 0 
603.6 0.506469 -0.498116 0 0 2.24759e+09 3.75732e+09 14140 340 7.69162e-05 0 0 0 0 0 0 0 0 
603.8 0.506469 -0.498116 0 0 2.24759e+09 3.75732e+09 14140 340 8.08701e-05 0 0 0 0 0 0 0 0 
604 0.506469 -0.498116 0 0 2.24759e+09 3.75732e+09 14140 340 8.48243e-05 0 0 0 0 0 0 0 0 
604.2 0.506469 -0.498116 0 0 2.24759e+09 3.75732e+09 14140 340 8.87782e-05 0 0 0 0 0 0 0 0 
604.4 0.506469 -0.498116 0 0 2.24759e+09 3.75732e+09 14140 340 9.27318e-05 0 0 0 0 0 0 0 0 
604.6 0.506469 -0.498116 0 0 2.24759e+09 3.75732e+09 14140 340 9.66861e-05 0 0 0 0 0 0 0 0 
604.8 0.506469 -0.498116 0 0 2.24759e+09 3.75732e+09 14140 340 0.00010064 0 0 0 0 0 0 0 0 
605 0.506469 -0.498116 0 0 2.24759e+09 3.75732e+09 14140 340 0.000104593 0 0 0 0 0 0 0 0 
605.2 0.506469 -0.498116 0 0 2.24759e+09 3.75732e+09 14140 340 0.000108547 0 0 0 0 0 0 0 0 
605.4 0.506469 -0.498116 0 0 2.24759e+09 3.75732e+09 14140 340 0.000112501 0 0 0 0 0 0 0 0 
605.6 0.506469 -0.498116 0 0 2.24759e+09 3.75732e+09 14140 340 0.000116456 0 0 0 0 0 0 0 0 
605.8 0.506469 -0.498116 0 0 2.24759e+09 3.75732e+09 14140 340 0.000120409 0 0 0 0 0 0 0 0 
606 0.506469 -0.498116 0 0 2.24759e+09 3.75732e+09 14140 340 0.000124363 0 0 0 0 0 0 0 0 
606.2 0.506469 -0.498116 0 0 2.24759e+09 3.75732e+09 14140 340 0.000128317 0 0 0 0 0 0 0 0 
606.4 0.506469 -0.498116 0 0 2.24759e+09 3.75732e+09 14140 340 0.000132271 0 0 0 0 0 0 0 0 
606.6 0.506469 -0.498116 0 0 2.24759e+09 3.75732e+09 14140 340 0.000136225 0 0 0 0 0 0 0 0 
606.8 0.506469 -0.498116 0 0 2.24759e+09 3.75732e+09 14140 340 0.000140179 0 0 0 0 0 0 0 0 
607 0.506469 -0.498116 0 0 2.24759e+09 3.75732e+09 14140 340 0.000144132 0 0 0 0 0 0 0 0 
607.2 0.506469 -0.498116 0 0 2.24759e+09 3.75732e+09 14140 340 0.000148086 0 0 0 0 0 0 0 0 
607.4 0.506469 -0.498116 0 0 2.24759e+09 3.75732e+09 14140 340 0.000152041 0 0 0 0 0 0 0 0 
607.6 0.506469 -0.498116 0 0 2.24759e+09 3.75732e+09 14140 340 0.000155994 0 0 0 0 0 0 0 0 
607.8 0.506469 -0.498116 0 0 2.24759e+09 3.75732e+09 14140 340 0.000159948 0 0 0 0 0 0 0 0 
608 0.506469 -0.498116 0 0 2.24759e+09 3.75732e+09 14140 340 0.000161926 0 0 0 0 0 0 0 0 
608 0.674646 -0.747836 0 0 2.02066e+06 4.45057e+06 8500 400 0.000175162 0 0 0 0 0 0 0 0 
608.208 0.674646 -0.747836 0 0 2.02066e+06 4.45057e+06 8500 400 0.000175166 0 0 0 0 0 0 0 0 
608.417 0.674646 -0.747836 0 0 2.02066e+06 4.45057e+06 8500 400 0.000175173 0 0 0 0 0 0 0 0 
608.625 0.674646 -0.747836 0 0 2.02066e+06 4.45057e+06 8500 400 0.000175179 0 0 0 0 0 0 0 0 
608.833 0.674646 -0.747836 0 0 2.02066e+06 4.45057e+06 8500 400 0.000175186 0 0 0 0 0 0 0 0 
609.042 0.674646 -0.747836 0 0 2.02066e+06 4.45057e+06 8500 400 0.000175193 0 0 0 0 0 0 0 0 
609.25 0.674646 -0.747836 0 0 2.02066e+06 4.45057e+06 8500 400 0.000175199 0 0 0 0 0 0 0 0 
609.458 0.674646 -0.747836 0 0 2.02066e+06 4.45057e+06 8500 400 0.000175205 0 0 0 0 0 0 0 0 
609.667 0.674646 -0.747836 0 0 2.02066e+06 4.45057e+06 8500 400 0.000175212 0 0 0 0 0 0 0 0 
609.875 0.674646 -0.747836 0 0 2.02066e+06 4.45057e+06 8500 400 0.000175219 0 0 0 0 0 0 0 0 
610.083 0.674646 -0.747836 0 0 2.02066e+06 4.45057e+06 8500 400 0.000175225 0 0 0 0 0 0 0 0 
610.292 0.674646 -0.747836 0 0 2.02066e+06 4.45057e+06 8500 400 0.000175232 0 0 0 0 0 0 0 0 
610.5 0.674646 -0.747836 0 0 2.02066e+06 4.45057e+06 8500 400 0.000175239 0 0 0 0 0 0 0 0 
610.708 0.674646 -0.747836 0 0 2.02066e+06 4.45057e+06 8500 400 0.000175245 0 0 0 0 0 0 0 0 
610.917 0.674646 -0.747836 0 0 2.02066e+06 4.45057e+06 8500 400 0.000175252 0 0 0 0 0 0 0 0 
611.125 0.674646 -0.747836 0 0 2.02066e+06 4.45057e+06 8500 400 0.000175258 0 0 0 0 0 0 0 0 
611.333 0.674646 -0.747836 0 0 2.02066e+06 4.45057e+06 8500 400 0.000175265 0 0 0 0 0 0 0 0 
611.542 0.674646 -0.747836 0 0 2.02066e+06 4.45057e+06 8500 400 0.000175272 0 0 0 0 0 0 0 0 
611.75 0.674646 -0.747836 0 0 2.02066e+06 4.45057e+06 8500 400 0.000175278 0 0 0 0 0 0 0 0 
611.958 0.674646 -0.747836 0 0 2.02066e+06 4.45057e+06 8500 400 0.000175285 0 0 0 0 0 0 0 0 
612.167 0.674646 -0.747836 0 0 2.02066e+06 4.45057e+06 8500 400 0.000175292 0 0 0 0 0 0 0 0 
612.375 0.674646 -0.747836 0 0 2.02066e+06 4.45057e+06 8500 400 0.000175298 0 0 0 0 0 0 0 0 
612.583 0.674646 -0.747836 0 0 2.02066e+06 4.45057e+06 8500 400 0.000175305 0 0 0 0 0 0 0 0 
612.792 0.674646 -0.747836 0 0 2.02066e+06 4.45057e+06 8500 400 0.000175311 0 0 0 0 0 0 0 0 
613 0.674646 -0.747836 0 0 2.02066e+06 4.45057e+06 8500 400 0.000175314 0 0 0 0 0 0 0 0 
613 0.674646 -0.747836 0 0 2.02066e+06 4.45057e+06 8500 400 0.000175322 0 0 0 0 0 0 0 0 
613.257 0.674646 -0.747836 0 0 2.02066e+06 4.45057e+06 8500 400 0.000175327 0 0 0 0 0 0 0 0 
613.599 0.674646 -0.747836 0 0 2.02066e+06 4.45057e+06 8500 400 0.000175338 0 0 0 0 0 0 0 0 
614.055 0.674646 -0.747836 0 0 2.02066e+06 4.45057e+06 8500 400 0.000175353 0 0 0 0 0 0 0 0 
614.663 0.674646 -0.747836 0 0 2.02066e+06 4.45057e+06 8500 400 0.000175374 0 0 0 0 0 0 0 0 
615.475 0.674646 -0.747836 0 0 2.02066e+06 4.45057e+06 8500 400 0.000175402 0 0 0 0 0 0 0 0 
616.557 0.674646 -0.747836 0 0 2.02066e+06 4.45057e+06 8500 400 0.000175438 0 0 0 0 0 0 0 0 
618 0.674646 -0.747836 0 0 2.02066e+06 4.45057e+06 8500 400 0.000175463 0 0 0 0 0 0 0 0 
