# ASCII 1D datafile generated by TiberCAD
# 1 x
# 2 Strain_11
# 3 Strain_22
# 4 Strain_33
# 5 Strain_12
# 6 Strain_23
# 7 Strain_13
# x Strain_11 Strain_22 Strain_33 Strain_12 Strain_23 Strain_13 
0 -5.89409e-15 0 0 0 0 0 
1.5015 -5.89409e-15 0 0 0 0 0 
3.003 -5.89409e-15 0 0 0 0 0 
4.5045 -5.89409e-15 0 0 0 0 0 
6.00601 -5.89409e-15 0 0 0 0 0 
7.50751 -5.89409e-15 0 0 0 0 0 
9.00901 -5.89409e-15 0 0 0 0 0 
10.5105 -5.89409e-15 0 0 0 0 0 
12.012 -5.89409e-15 0 0 0 0 0 
13.5135 -5.89409e-15 0 0 0 0 0 
15.015 -5.89409e-15 0 0 0 0 0 
16.5165 -5.89409e-15 0 0 0 0 0 
18.018 -5.89409e-15 0 0 0 0 0 
19.5195 -5.89409e-15 0 0 0 0 0 
21.021 -5.89409e-15 0 0 0 0 0 
22.5225 -5.89409e-15 0 0 0 0 0 
24.024 -5.89409e-15 0 0 0 0 0 
25.5255 -5.89409e-15 0 0 0 0 0 
27.027 -5.89409e-15 0 0 0 0 0 
28.5285 -5.89409e-15 0 0 0 0 0 
30.03 -5.89409e-15 0 0 0 0 0 
31.5315 -5.89409e-15 0 0 0 0 0 
33.033 -5.89409e-15 0 0 0 0 0 
34.5345 -5.89409e-15 0 0 0 0 0 
36.036 -5.89409e-15 0 0 0 0 0 
37.5375 -5.89409e-15 0 0 0 0 0 
39.039 -5.89409e-15 0 0 0 0 0 
40.5405 -5.89409e-15 0 0 0 0 0 
42.042 -5.89409e-15 0 0 0 0 0 
43.5435 -5.89409e-15 0 0 0 0 0 
45.045 -5.89409e-15 0 0 0 0 0 
46.5465 -5.89409e-15 0 0 0 0 0 
48.048 -5.89409e-15 0 0 0 0 0 
49.5495 -5.89409e-15 0 0 0 0 0 
51.0511 -5.89409e-15 0 0 0 0 0 
52.5526 -5.89409e-15 0 0 0 0 0 
54.0541 -5.89409e-15 0 0 0 0 0 
55.5556 -5.89409e-15 0 0 0 0 0 
57.0571 -5.89409e-15 0 0 0 0 0 
58.5586 -5.89409e-15 0 0 0 0 0 
60.0601 -5.89409e-15 0 0 0 0 0 
61.5616 -5.89409e-15 0 0 0 0 0 
63.0631 -5.89409e-15 0 0 0 0 0 
64.5646 -5.89409e-15 0 0 0 0 0 
66.0661 -5.89409e-15 0 0 0 0 0 
67.5676 -5.89409e-15 0 0 0 0 0 
69.0691 -5.89409e-15 0 0 0 0 0 
70.5706 -5.89409e-15 0 0 0 0 0 
72.0721 -5.89409e-15 0 0 0 0 0 
73.5736 -5.89409e-15 0 0 0 0 0 
75.0751 -5.89409e-15 0 0 0 0 0 
76.5766 -5.89409e-15 0 0 0 0 0 
78.0781 -5.89409e-15 0 0 0 0 0 
79.5796 -5.89409e-15 0 0 0 0 0 
81.0811 -5.89409e-15 0 0 0 0 0 
82.5826 -5.89409e-15 0 0 0 0 0 
84.0841 -5.89409e-15 0 0 0 0 0 
85.5856 -5.89409e-15 0 0 0 0 0 
87.0871 -5.89409e-15 0 0 0 0 0 
88.5886 -5.89409e-15 0 0 0 0 0 
90.0901 -5.89409e-15 0 0 0 0 0 
91.5916 -5.89409e-15 0 0 0 0 0 
93.0931 -5.89409e-15 0 0 0 0 0 
94.5946 -5.89409e-15 0 0 0 0 0 
96.0961 -5.89409e-15 0 0 0 0 0 
97.5976 -5.89409e-15 0 0 0 0 0 
99.0991 -5.89409e-15 0 0 0 0 0 
100.601 -5.89409e-15 0 0 0 0 0 
102.102 -5.89409e-15 0 0 0 0 0 
103.604 -5.89409e-15 0 0 0 0 0 
105.105 -5.89409e-15 0 0 0 0 0 
106.607 -5.89409e-15 0 0 0 0 0 
108.108 -5.89409e-15 0 0 0 0 0 
109.61 -5.89409e-15 0 0 0 0 0 
111.111 -5.89409e-15 0 0 0 0 0 
112.613 -5.89409e-15 0 0 0 0 0 
114.114 -5.89409e-15 0 0 0 0 0 
115.616 -5.89409e-15 0 0 0 0 0 
117.117 -5.89409e-15 0 0 0 0 0 
118.619 -5.89409e-15 0 0 0 0 0 
120.12 -5.89409e-15 0 0 0 0 0 
121.622 -5.89409e-15 0 0 0 0 0 
123.123 -5.89409e-15 0 0 0 0 0 
124.625 -5.89409e-15 0 0 0 0 0 
126.126 -5.89409e-15 0 0 0 0 0 
127.628 -5.89409e-15 0 0 0 0 0 
129.129 -5.89409e-15 0 0 0 0 0 
130.631 -5.89409e-15 0 0 0 0 0 
132.132 -5.89409e-15 0 0 0 0 0 
133.634 -5.89409e-15 0 0 0 0 0 
135.135 -5.89409e-15 0 0 0 0 0 
136.637 -5.89409e-15 0 0 0 0 0 
138.138 -5.89409e-15 0 0 0 0 0 
139.64 -5.89409e-15 0 0 0 0 0 
141.141 -5.89409e-15 0 0 0 0 0 
142.643 -5.89409e-15 0 0 0 0 0 
144.144 -5.89409e-15 0 0 0 0 0 
145.646 -5.89409e-15 0 0 0 0 0 
147.147 -5.89409e-15 0 0 0 0 0 
148.649 -5.89409e-15 0 0 0 0 0 
150.15 -5.89409e-15 0 0 0 0 0 
151.652 -5.89409e-15 0 0 0 0 0 
153.153 -5.89409e-15 0 0 0 0 0 
154.655 -5.89409e-15 0 0 0 0 0 
156.156 -5.89409e-15 0 0 0 0 0 
157.658 -5.89409e-15 0 0 0 0 0 
159.159 -5.89409e-15 0 0 0 0 0 
160.661 -5.89409e-15 0 0 0 0 0 
162.162 -5.89409e-15 0 0 0 0 0 
163.664 -5.89409e-15 0 0 0 0 0 
165.165 -5.89409e-15 0 0 0 0 0 
166.667 -5.89409e-15 0 0 0 0 0 
168.168 -5.89409e-15 0 0 0 0 0 
169.67 -5.89409e-15 0 0 0 0 0 
171.171 -5.89409e-15 0 0 0 0 0 
172.673 -5.89409e-15 0 0 0 0 0 
174.174 -5.89409e-15 0 0 0 0 0 
175.676 -5.89409e-15 0 0 0 0 0 
177.177 -5.89409e-15 0 0 0 0 0 
178.679 -5.89409e-15 0 0 0 0 0 
180.18 -5.89409e-15 0 0 0 0 0 
181.682 -5.89409e-15 0 0 0 0 0 
183.183 -5.89409e-15 0 0 0 0 0 
184.685 -5.89409e-15 0 0 0 0 0 
186.186 -5.89409e-15 0 0 0 0 0 
187.688 -5.89409e-15 0 0 0 0 0 
189.189 -5.89409e-15 0 0 0 0 0 
190.691 -5.89409e-15 0 0 0 0 0 
192.192 -5.89409e-15 0 0 0 0 0 
193.694 -5.89409e-15 0 0 0 0 0 
195.195 -5.89409e-15 0 0 0 0 0 
196.697 -5.89409e-15 0 0 0 0 0 
198.198 -5.89409e-15 0 0 0 0 0 
199.7 -5.89409e-15 0 0 0 0 0 
201.201 -5.89409e-15 0 0 0 0 0 
202.703 -5.89409e-15 0 0 0 0 0 
204.204 -5.89409e-15 0 0 0 0 0 
205.706 -5.89409e-15 0 0 0 0 0 
207.207 -5.89409e-15 0 0 0 0 0 
208.709 -5.89409e-15 0 0 0 0 0 
210.21 -5.89409e-15 0 0 0 0 0 
211.712 -5.89409e-15 0 0 0 0 0 
213.213 -5.89409e-15 0 0 0 0 0 
214.715 -5.89409e-15 0 0 0 0 0 
216.216 -5.89409e-15 0 0 0 0 0 
217.718 -5.89409e-15 0 0 0 0 0 
219.219 -5.89409e-15 0 0 0 0 0 
220.721 -5.89409e-15 0 0 0 0 0 
222.222 -5.89409e-15 0 0 0 0 0 
223.724 -5.89409e-15 0 0 0 0 0 
225.225 -5.89409e-15 0 0 0 0 0 
226.727 -5.89409e-15 0 0 0 0 0 
228.228 -5.89409e-15 0 0 0 0 0 
229.73 -5.89409e-15 0 0 0 0 0 
231.231 -5.89409e-15 0 0 0 0 0 
232.733 -5.89409e-15 0 0 0 0 0 
234.234 -5.89409e-15 0 0 0 0 0 
235.736 -5.89409e-15 0 0 0 0 0 
237.237 -5.89409e-15 0 0 0 0 0 
238.739 -5.89409e-15 0 0 0 0 0 
240.24 -5.89409e-15 0 0 0 0 0 
241.742 -5.89409e-15 0 0 0 0 0 
243.243 -5.89409e-15 0 0 0 0 0 
244.745 -5.89409e-15 0 0 0 0 0 
246.246 -5.89409e-15 0 0 0 0 0 
247.748 -5.89409e-15 0 0 0 0 0 
249.249 -5.89409e-15 0 0 0 0 0 
250.751 -5.89409e-15 0 0 0 0 0 
252.252 -5.89409e-15 0 0 0 0 0 
253.754 -5.89409e-15 0 0 0 0 0 
255.255 -5.89409e-15 0 0 0 0 0 
256.757 -5.89409e-15 0 0 0 0 0 
258.258 -5.89409e-15 0 0 0 0 0 
259.76 -5.89409e-15 0 0 0 0 0 
261.261 -5.89409e-15 0 0 0 0 0 
262.763 -5.89409e-15 0 0 0 0 0 
264.264 -5.89409e-15 0 0 0 0 0 
265.766 -5.89409e-15 0 0 0 0 0 
267.267 -5.89409e-15 0 0 0 0 0 
268.769 -5.89409e-15 0 0 0 0 0 
270.27 -5.89409e-15 0 0 0 0 0 
271.772 -5.89409e-15 0 0 0 0 0 
273.273 -5.89409e-15 0 0 0 0 0 
274.775 -5.89409e-15 0 0 0 0 0 
276.276 -5.89409e-15 0 0 0 0 0 
277.778 -5.89409e-15 0 0 0 0 0 
279.279 -5.89409e-15 0 0 0 0 0 
280.781 -5.89409e-15 0 0 0 0 0 
282.282 -5.89409e-15 0 0 0 0 0 
283.784 -5.89409e-15 0 0 0 0 0 
285.285 -5.89409e-15 0 0 0 0 0 
286.787 -5.89409e-15 0 0 0 0 0 
288.288 -5.89409e-15 0 0 0 0 0 
289.79 -5.89409e-15 0 0 0 0 0 
291.291 -5.89409e-15 0 0 0 0 0 
292.793 -5.89409e-15 0 0 0 0 0 
294.294 -5.89409e-15 0 0 0 0 0 
295.796 -5.89409e-15 0 0 0 0 0 
297.297 -5.89409e-15 0 0 0 0 0 
298.799 -5.89409e-15 0 0 0 0 0 
300.3 -5.89409e-15 0 0 0 0 0 
301.802 -5.89409e-15 0 0 0 0 0 
303.303 -5.89409e-15 0 0 0 0 0 
304.805 -5.89409e-15 0 0 0 0 0 
306.306 -5.89409e-15 0 0 0 0 0 
307.808 -5.89409e-15 0 0 0 0 0 
309.309 -5.89409e-15 0 0 0 0 0 
310.811 -5.89409e-15 0 0 0 0 0 
312.312 -5.89409e-15 0 0 0 0 0 
313.814 -5.89409e-15 0 0 0 0 0 
315.315 -5.89409e-15 0 0 0 0 0 
316.817 -5.89409e-15 0 0 0 0 0 
318.318 -5.89409e-15 0 0 0 0 0 
319.82 -5.89409e-15 0 0 0 0 0 
321.321 -5.89409e-15 0 0 0 0 0 
322.823 -5.89409e-15 0 0 0 0 0 
324.324 -5.89409e-15 0 0 0 0 0 
325.826 -5.89409e-15 0 0 0 0 0 
327.327 -5.89409e-15 0 0 0 0 0 
328.829 -5.89409e-15 0 0 0 0 0 
330.33 -5.89409e-15 0 0 0 0 0 
331.832 -5.89409e-15 0 0 0 0 0 
333.333 -5.89409e-15 0 0 0 0 0 
334.835 -5.89409e-15 0 0 0 0 0 
336.336 -5.89409e-15 0 0 0 0 0 
337.838 -5.89409e-15 0 0 0 0 0 
339.339 -5.89409e-15 0 0 0 0 0 
340.841 -5.89409e-15 0 0 0 0 0 
342.342 -5.89409e-15 0 0 0 0 0 
343.844 -5.89409e-15 0 0 0 0 0 
345.345 -5.89409e-15 0 0 0 0 0 
346.847 -5.89409e-15 0 0 0 0 0 
348.348 -5.89409e-15 0 0 0 0 0 
349.85 -5.89409e-15 0 0 0 0 0 
351.351 -5.89409e-15 0 0 0 0 0 
352.853 -5.89409e-15 0 0 0 0 0 
354.354 -5.89409e-15 0 0 0 0 0 
355.856 -5.89409e-15 0 0 0 0 0 
357.357 -5.89409e-15 0 0 0 0 0 
358.859 -5.89409e-15 0 0 0 0 0 
360.36 -5.89409e-15 0 0 0 0 0 
361.862 -5.89409e-15 0 0 0 0 0 
363.363 -5.89409e-15 0 0 0 0 0 
364.865 -5.89409e-15 0 0 0 0 0 
366.366 -5.89409e-15 0 0 0 0 0 
367.868 -5.89409e-15 0 0 0 0 0 
369.369 -5.89409e-15 0 0 0 0 0 
370.871 -5.89409e-15 0 0 0 0 0 
372.372 -5.89409e-15 0 0 0 0 0 
373.874 -5.89409e-15 0 0 0 0 0 
375.375 -5.89409e-15 0 0 0 0 0 
376.877 -5.89409e-15 0 0 0 0 0 
378.378 -5.89409e-15 0 0 0 0 0 
379.88 -5.89409e-15 0 0 0 0 0 
381.381 -5.89409e-15 0 0 0 0 0 
382.883 -5.89409e-15 0 0 0 0 0 
384.384 -5.89409e-15 0 0 0 0 0 
385.886 -5.89409e-15 0 0 0 0 0 
387.387 -5.89409e-15 0 0 0 0 0 
388.889 -5.89409e-15 0 0 0 0 0 
390.39 -5.89409e-15 0 0 0 0 0 
391.892 -5.89409e-15 0 0 0 0 0 
393.393 -5.89409e-15 0 0 0 0 0 
394.895 -5.89409e-15 0 0 0 0 0 
396.396 -5.89409e-15 0 0 0 0 0 
397.898 -5.89409e-15 0 0 0 0 0 
399.399 -5.89409e-15 0 0 0 0 0 
400.901 -5.89409e-15 0 0 0 0 0 
402.402 -5.89409e-15 0 0 0 0 0 
403.904 -5.89409e-15 0 0 0 0 0 
405.405 -5.89409e-15 0 0 0 0 0 
406.907 -5.89409e-15 0 0 0 0 0 
408.408 -5.89409e-15 0 0 0 0 0 
409.91 -5.89409e-15 0 0 0 0 0 
411.411 -5.89409e-15 0 0 0 0 0 
412.913 -5.89409e-15 0 0 0 0 0 
414.414 -5.89409e-15 0 0 0 0 0 
415.916 -5.89409e-15 0 0 0 0 0 
417.417 -5.89409e-15 0 0 0 0 0 
418.919 -5.89409e-15 0 0 0 0 0 
420.42 -5.89409e-15 0 0 0 0 0 
421.922 -5.89409e-15 0 0 0 0 0 
423.423 -5.89409e-15 0 0 0 0 0 
424.925 -5.89409e-15 0 0 0 0 0 
426.426 -5.89409e-15 0 0 0 0 0 
427.928 -5.89409e-15 0 0 0 0 0 
429.429 -5.89409e-15 0 0 0 0 0 
430.931 -5.89409e-15 0 0 0 0 0 
432.432 -5.89409e-15 0 0 0 0 0 
433.934 -5.89409e-15 0 0 0 0 0 
435.435 -5.89409e-15 0 0 0 0 0 
436.937 -5.89409e-15 0 0 0 0 0 
438.438 -5.89409e-15 0 0 0 0 0 
439.94 -5.89409e-15 0 0 0 0 0 
441.441 -5.89409e-15 0 0 0 0 0 
442.943 -5.89409e-15 0 0 0 0 0 
444.444 -5.89409e-15 0 0 0 0 0 
445.946 -5.89409e-15 0 0 0 0 0 
447.447 -5.89409e-15 0 0 0 0 0 
448.949 -5.89409e-15 0 0 0 0 0 
450.45 -5.89409e-15 0 0 0 0 0 
451.952 -5.89409e-15 0 0 0 0 0 
453.453 -5.89409e-15 0 0 0 0 0 
454.955 -5.89409e-15 0 0 0 0 0 
456.456 -5.89409e-15 0 0 0 0 0 
457.958 -5.89409e-15 0 0 0 0 0 
459.459 -5.89409e-15 0 0 0 0 0 
460.961 -5.89409e-15 0 0 0 0 0 
462.462 -5.89409e-15 0 0 0 0 0 
463.964 -5.89409e-15 0 0 0 0 0 
465.465 -5.89409e-15 0 0 0 0 0 
466.967 -5.89409e-15 0 0 0 0 0 
468.468 -5.89409e-15 0 0 0 0 0 
469.97 -5.89409e-15 0 0 0 0 0 
471.471 -5.89409e-15 0 0 0 0 0 
472.973 -5.89409e-15 0 0 0 0 0 
474.474 -5.89409e-15 0 0 0 0 0 
475.976 -5.89409e-15 0 0 0 0 0 
477.477 -5.89409e-15 0 0 0 0 0 
478.979 -5.89409e-15 0 0 0 0 0 
480.48 -5.89409e-15 0 0 0 0 0 
481.982 -5.89409e-15 0 0 0 0 0 
483.483 -5.89409e-15 0 0 0 0 0 
484.985 -5.89409e-15 0 0 0 0 0 
486.486 -5.89409e-15 0 0 0 0 0 
487.988 -5.89409e-15 0 0 0 0 0 
489.489 -5.89409e-15 0 0 0 0 0 
490.991 -5.89409e-15 0 0 0 0 0 
492.492 -5.89409e-15 0 0 0 0 0 
493.994 -5.89409e-15 0 0 0 0 0 
495.495 -5.89409e-15 0 0 0 0 0 
496.997 -5.89409e-15 0 0 0 0 0 
498.498 -5.89409e-15 0 0 0 0 0 
500 -5.89409e-15 0 0 0 0 0 
500 -5.89409e-15 0 0 0 0 0 
501.492 -5.89409e-15 0 0 0 0 0 
502.964 -5.89409e-15 0 0 0 0 0 
504.416 -5.89409e-15 0 0 0 0 0 
505.848 -5.89409e-15 0 0 0 0 0 
507.261 -5.89409e-15 0 0 0 0 0 
508.654 -5.89409e-15 0 0 0 0 0 
510.029 -5.89409e-15 0 0 0 0 0 
511.384 -5.89409e-15 0 0 0 0 0 
512.722 -5.89409e-15 0 0 0 0 0 
514.041 -5.89409e-15 0 0 0 0 0 
515.342 -5.89409e-15 0 0 0 0 0 
516.625 -5.89409e-15 0 0 0 0 0 
517.891 -5.89409e-15 0 0 0 0 0 
519.14 -5.89409e-15 0 0 0 0 0 
520.371 -5.89409e-15 0 0 0 0 0 
521.586 -5.89409e-15 0 0 0 0 0 
522.785 -5.89409e-15 0 0 0 0 0 
523.967 -5.89409e-15 0 0 0 0 0 
525.133 -5.89409e-15 0 0 0 0 0 
526.283 -5.89409e-15 0 0 0 0 0 
527.417 -5.89409e-15 0 0 0 0 0 
528.536 -5.89409e-15 0 0 0 0 0 
529.64 -5.89409e-15 0 0 0 0 0 
530.729 -5.89409e-15 0 0 0 0 0 
531.802 -5.89409e-15 0 0 0 0 0 
532.862 -5.89409e-15 0 0 0 0 0 
533.907 -5.89409e-15 0 0 0 0 0 
534.937 -5.89409e-15 0 0 0 0 0 
535.954 -5.89409e-15 0 0 0 0 0 
536.957 -5.89409e-15 0 0 0 0 0 
537.946 -5.89409e-15 0 0 0 0 0 
538.921 -5.89409e-15 0 0 0 0 0 
539.884 -5.89409e-15 0 0 0 0 0 
540.833 -5.89409e-15 0 0 0 0 0 
541.769 -5.89409e-15 0 0 0 0 0 
542.693 -5.89409e-15 0 0 0 0 0 
543.604 -5.89409e-15 0 0 0 0 0 
544.503 -5.89409e-15 0 0 0 0 0 
545.389 -5.89409e-15 0 0 0 0 0 
546.263 -5.89409e-15 0 0 0 0 0 
547.126 -5.89409e-15 0 0 0 0 0 
547.977 -5.89409e-15 0 0 0 0 0 
548.816 -5.89409e-15 0 0 0 0 0 
549.643 -5.89409e-15 0 0 0 0 0 
550.46 -5.89409e-15 0 0 0 0 0 
551.265 -5.89409e-15 0 0 0 0 0 
552.059 -5.89409e-15 0 0 0 0 0 
552.843 -5.89409e-15 0 0 0 0 0 
553.616 -5.89409e-15 0 0 0 0 0 
554.378 -5.89409e-15 0 0 0 0 0 
555.13 -5.89409e-15 0 0 0 0 0 
555.872 -5.89409e-15 0 0 0 0 0 
556.603 -5.89409e-15 0 0 0 0 0 
557.325 -5.89409e-15 0 0 0 0 0 
558.037 -5.89409e-15 0 0 0 0 0 
558.739 -5.89409e-15 0 0 0 0 0 
559.432 -5.89409e-15 0 0 0 0 0 
560.115 -5.89409e-15 0 0 0 0 0 
560.789 -5.89409e-15 0 0 0 0 0 
561.453 -5.89409e-15 0 0 0 0 0 
562.109 -5.89409e-15 0 0 0 0 0 
562.756 -5.89409e-15 0 0 0 0 0 
563.394 -5.89409e-15 0 0 0 0 0 
564.023 -5.89409e-15 0 0 0 0 0 
564.644 -5.89409e-15 0 0 0 0 0 
565.256 -5.89409e-15 0 0 0 0 0 
565.86 -5.89409e-15 0 0 0 0 0 
566.455 -5.89409e-15 0 0 0 0 0 
567.043 -5.89409e-15 0 0 0 0 0 
567.622 -5.89409e-15 0 0 0 0 0 
568.194 -5.89409e-15 0 0 0 0 0 
568.758 -5.89409e-15 0 0 0 0 0 
569.314 -5.89409e-15 0 0 0 0 0 
569.863 -5.89409e-15 0 0 0 0 0 
570.404 -5.89409e-15 0 0 0 0 0 
570.938 -5.89409e-15 0 0 0 0 0 
571.464 -5.89409e-15 0 0 0 0 0 
571.984 -5.89409e-15 0 0 0 0 0 
572.496 -5.89409e-15 0 0 0 0 0 
573.001 -5.89409e-15 0 0 0 0 0 
573.5 -5.89409e-15 0 0 0 0 0 
573.991 -5.89409e-15 0 0 0 0 0 
574.476 -5.89409e-15 0 0 0 0 0 
574.955 -5.89409e-15 0 0 0 0 0 
575.427 -5.89409e-15 0 0 0 0 0 
575.892 -5.89409e-15 0 0 0 0 0 
576.351 -5.89409e-15 0 0 0 0 0 
576.804 -5.89409e-15 0 0 0 0 0 
577.251 -5.89409e-15 0 0 0 0 0 
577.691 -5.89409e-15 0 0 0 0 0 
578.126 -5.89409e-15 0 0 0 0 0 
578.554 -5.89409e-15 0 0 0 0 0 
578.977 -5.89409e-15 0 0 0 0 0 
579.394 -5.89409e-15 0 0 0 0 0 
579.806 -5.89409e-15 0 0 0 0 0 
580.212 -5.89409e-15 0 0 0 0 0 
580.612 -5.89409e-15 0 0 0 0 0 
581.007 -5.89409e-15 0 0 0 0 0 
581.396 -5.89409e-15 0 0 0 0 0 
581.78 -5.89409e-15 0 0 0 0 0 
582.159 -5.89409e-15 0 0 0 0 0 
582.533 -5.89409e-15 0 0 0 0 0 
582.902 -5.89409e-15 0 0 0 0 0 
583.265 -5.89409e-15 0 0 0 0 0 
583.624 -5.89409e-15 0 0 0 0 0 
583.978 -5.89409e-15 0 0 0 0 0 
584.327 -5.89409e-15 0 0 0 0 0 
584.671 -5.89409e-15 0 0 0 0 0 
585.011 -5.89409e-15 0 0 0 0 0 
585.346 -5.89409e-15 0 0 0 0 0 
585.676 -5.89409e-15 0 0 0 0 0 
586.002 -5.89409e-15 0 0 0 0 0 
586.323 -5.89409e-15 0 0 0 0 0 
586.641 -5.89409e-15 0 0 0 0 0 
586.953 -5.89409e-15 0 0 0 0 0 
587.262 -5.89409e-15 0 0 0 0 0 
587.566 -5.89409e-15 0 0 0 0 0 
587.866 -5.89409e-15 0 0 0 0 0 
588.162 -5.89409e-15 0 0 0 0 0 
588.454 -5.89409e-15 0 0 0 0 0 
588.742 -5.89409e-15 0 0 0 0 0 
589.027 -5.89409e-15 0 0 0 0 0 
589.307 -5.89409e-15 0 0 0 0 0 
589.583 -5.89409e-15 0 0 0 0 0 
589.856 -5.89409e-15 0 0 0 0 0 
590.125 -5.89409e-15 0 0 0 0 0 
590.39 -5.89409e-15 0 0 0 0 0 
590.652 -5.89409e-15 0 0 0 0 0 
590.91 -5.89409e-15 0 0 0 0 0 
591.165 -5.89409e-15 0 0 0 0 0 
591.416 -5.89409e-15 0 0 0 0 0 
591.664 -5.89409e-15 0 0 0 0 0 
591.908 -5.89409e-15 0 0 0 0 0 
592.149 -5.89409e-15 0 0 0 0 0 
592.387 -5.89409e-15 0 0 0 0 0 
592.622 -5.89409e-15 0 0 0 0 0 
592.853 -5.89409e-15 0 0 0 0 0 
593.081 -5.89409e-15 0 0 0 0 0 
593.306 -5.89409e-15 0 0 0 0 0 
593.528 -5.89409e-15 0 0 0 0 0 
593.747 -5.89409e-15 0 0 0 0 0 
593.963 -5.89409e-15 0 0 0 0 0 
594.176 -5.89409e-15 0 0 0 0 0 
594.386 -5.89409e-15 0 0 0 0 0 
594.594 -5.89409e-15 0 0 0 0 0 
594.798 -5.89409e-15 0 0 0 0 0 
595 -5.89409e-15 0 0 0 0 0 
595 -5.89409e-15 0 0 0 0 0 
595.208 -5.89409e-15 0 0 0 0 0 
595.417 -5.89409e-15 0 0 0 0 0 
595.625 -5.89409e-15 0 0 0 0 0 
595.833 -5.89409e-15 0 0 0 0 0 
596.042 -5.89409e-15 0 0 0 0 0 
596.25 -5.89409e-15 0 0 0 0 0 
596.458 -5.89409e-15 0 0 0 0 0 
596.667 -5.89409e-15 0 0 0 0 0 
596.875 -5.89409e-15 0 0 0 0 0 
597.083 -5.89409e-15 0 0 0 0 0 
597.292 -5.89409e-15 0 0 0 0 0 
597.5 -5.89409e-15 0 0 0 0 0 
597.708 -5.89409e-15 0 0 0 0 0 
597.917 -5.89409e-15 0 0 0 0 0 
598.125 -5.89409e-15 0 0 0 0 0 
598.333 -5.89409e-15 0 0 0 0 0 
598.542 -5.89409e-15 0 0 0 0 0 
598.75 -5.89409e-15 0 0 0 0 0 
598.958 -5.89409e-15 0 0 0 0 0 
599.167 -5.89409e-15 0 0 0 0 0 
599.375 -5.89409e-15 0 0 0 0 0 
599.583 -5.89409e-15 0 0 0 0 0 
599.792 -5.89409e-15 0 0 0 0 0 
600 -5.89409e-15 0 0 0 0 0 
600 0.0272212 -0.0278611 -0.0278611 0 0 0 
600.2 0.0272212 -0.0278611 -0.0278611 0 0 0 
600.4 0.0272212 -0.0278611 -0.0278611 0 0 0 
600.6 0.0272212 -0.0278611 -0.0278611 0 0 0 
600.8 0.0272212 -0.0278611 -0.0278611 0 0 0 
601 0.0272212 -0.0278611 -0.0278611 0 0 0 
601.2 0.0272212 -0.0278611 -0.0278611 0 0 0 
601.4 0.0272212 -0.0278611 -0.0278611 0 0 0 
601.6 0.0272212 -0.0278611 -0.0278611 0 0 0 
601.8 0.0272212 -0.0278611 -0.0278611 0 0 0 
602 0.0272212 -0.0278611 -0.0278611 0 0 0 
602.2 0.0272212 -0.0278611 -0.0278611 0 0 0 
602.4 0.0272212 -0.0278611 -0.0278611 0 0 0 
602.6 0.0272212 -0.0278611 -0.0278611 0 0 0 
602.8 0.0272212 -0.0278611 -0.0278611 0 0 0 
603 0.0272212 -0.0278611 -0.0278611 0 0 0 
603.2 0.0272212 -0.0278611 -0.0278611 0 0 0 
603.4 0.0272212 -0.0278611 -0.0278611 0 0 0 
603.6 0.0272212 -0.0278611 -0.0278611 0 0 0 
603.8 0.0272212 -0.0278611 -0.0278611 0 0 0 
604 0.0272212 -0.0278611 -0.0278611 0 0 0 
604.2 0.0272212 -0.0278611 -0.0278611 0 0 0 
604.4 0.0272212 -0.0278611 -0.0278611 0 0 0 
604.6 0.0272212 -0.0278611 -0.0278611 0 0 0 
604.8 0.0272212 -0.0278611 -0.0278611 0 0 0 
605 0.0272212 -0.0278611 -0.0278611 0 0 0 
605.2 0.0272212 -0.0278611 -0.0278611 0 0 0 
605.4 0.0272212 -0.0278611 -0.0278611 0 0 0 
605.6 0.0272212 -0.0278611 -0.0278611 0 0 0 
605.8 0.0272212 -0.0278611 -0.0278611 0 0 0 
606 0.0272212 -0.0278611 -0.0278611 0 0 0 
606.2 0.0272212 -0.0278611 -0.0278611 0 0 0 
606.4 0.0272212 -0.0278611 -0.0278611 0 0 0 
606.6 0.0272212 -0.0278611 -0.0278611 0 0 0 
606.8 0.0272212 -0.0278611 -0.0278611 0 0 0 
607 0.0272212 -0.0278611 -0.0278611 0 0 0 
607.2 0.0272212 -0.0278611 -0.0278611 0 0 0 
607.4 0.0272212 -0.0278611 -0.0278611 0 0 0 
607.6 0.0272212 -0.0278611 -0.0278611 0 0 0 
607.8 0.0272212 -0.0278611 -0.0278611 0 0 0 
608 0.0272212 -0.0278611 -0.0278611 0 0 0 
608 -6.21725e-15 0 0 0 0 0 
608.208 -5.77316e-15 0 0 0 0 0 
608.417 -5.32907e-15 0 0 0 0 0 
608.625 -5.77316e-15 0 0 0 0 0 
608.833 -5.77316e-15 0 0 0 0 0 
609.042 -4.66294e-15 0 0 0 0 0 
609.25 -4.21885e-15 0 0 0 0 0 
609.458 -4.44089e-15 0 0 0 0 0 
609.667 -4.44089e-15 0 0 0 0 0 
609.875 -4.21885e-15 0 0 0 0 0 
610.083 -3.33067e-15 0 0 0 0 0 
610.292 -2.44249e-15 0 0 0 0 0 
610.5 -2.66454e-15 0 0 0 0 0 
610.708 -2.66454e-15 0 0 0 0 0 
610.917 -1.9984e-15 0 0 0 0 0 
611.125 -1.55431e-15 0 0 0 0 0 
611.333 -1.55431e-15 0 0 0 0 0 
611.542 -1.77636e-15 0 0 0 0 0 
611.75 -1.55431e-15 0 0 0 0 0 
611.958 -1.11022e-15 0 0 0 0 0 
612.167 -1.11022e-15 0 0 0 0 0 
612.375 -1.33227e-15 0 0 0 0 0 
612.583 -8.88178e-16 0 0 0 0 0 
612.792 0 0 0 0 0 0 
613 4.44089e-16 0 0 0 0 0 
613 0 0 0 0 0 0 
613.257 0 0 0 0 0 0 
613.599 0 0 0 0 0 0 
614.055 2.22045e-16 0 0 0 0 0 
614.663 2.77556e-16 0 0 0 0 0 
615.475 8.32667e-17 0 0 0 0 0 
616.557 8.32667e-17 0 0 0 0 0 
618 1.11022e-16 0 0 0 0 0 
