# ASCII 1D datafile generated by TiberCAD
# x LatticeTemp ThermalFlux_x ThermalFlux_y ThermalFlux_z HeatSource ThermCond_x ThermCond_y ThermCond_z 
-1000 300 -1.20496e+06 0 0 5.05061e+08 150 150 150 
-990.043 300.08 -1.20246e+06 0 0 5.05061e+08 150 150 150 
-980.185 300.159 -1.19748e+06 0 0 5.05061e+08 150 150 150 
-970.425 300.237 -1.19255e+06 0 0 5.05061e+08 150 150 150 
-960.761 300.313 -1.18767e+06 0 0 5.05061e+08 150 150 150 
-951.193 300.389 -1.18283e+06 0 0 5.05061e+08 150 150 150 
-941.721 300.464 -1.17805e+06 0 0 5.05061e+08 150 150 150 
-932.342 300.537 -1.17331e+06 0 0 5.05061e+08 150 150 150 
-923.056 300.61 -1.16862e+06 0 0 5.05061e+08 150 150 150 
-913.862 300.681 -1.16398e+06 0 0 5.05061e+08 150 150 150 
-904.759 300.752 -1.15938e+06 0 0 5.05061e+08 150 150 150 
-895.747 300.821 -1.15483e+06 0 0 5.05061e+08 150 150 150 
-886.824 300.89 -1.15032e+06 0 0 5.05061e+08 150 150 150 
-877.989 300.957 -1.14586e+06 0 0 5.05061e+08 150 150 150 
-869.243 301.024 -1.14144e+06 0 0 5.05061e+08 150 150 150 
-860.582 301.09 -1.13707e+06 0 0 5.05061e+08 150 150 150 
-852.008 301.155 -1.13274e+06 0 0 5.05061e+08 150 150 150 
-843.519 301.219 -1.12845e+06 0 0 5.05061e+08 150 150 150 
-835.114 301.282 -1.12421e+06 0 0 5.05061e+08 150 150 150 
-826.792 301.344 -1.12e+06 0 0 5.05061e+08 150 150 150 
-818.553 301.405 -1.11584e+06 0 0 5.05061e+08 150 150 150 
-810.396 301.466 -1.11172e+06 0 0 5.05061e+08 150 150 150 
-802.319 301.526 -1.10764e+06 0 0 5.05061e+08 150 150 150 
-794.323 301.585 -1.1036e+06 0 0 5.05061e+08 150 150 150 
-786.406 301.643 -1.0996e+06 0 0 5.05061e+08 150 150 150 
-778.567 301.7 -1.09565e+06 0 0 5.05061e+08 150 150 150 
-770.806 301.757 -1.09173e+06 0 0 5.05061e+08 150 150 150 
-763.122 301.812 -1.08784e+06 0 0 5.05061e+08 150 150 150 
-755.514 301.868 -1.084e+06 0 0 5.05061e+08 150 150 150 
-747.982 301.922 -1.0802e+06 0 0 5.05061e+08 150 150 150 
-740.524 301.976 -1.07643e+06 0 0 5.05061e+08 150 150 150 
-733.141 302.028 -1.0727e+06 0 0 5.05061e+08 150 150 150 
-725.83 302.081 -1.06901e+06 0 0 5.05061e+08 150 150 150 
-718.592 302.132 -1.06535e+06 0 0 5.05061e+08 150 150 150 
-711.426 302.183 -1.06173e+06 0 0 5.05061e+08 150 150 150 
-704.331 302.233 -1.05815e+06 0 0 5.05061e+08 150 150 150 
-697.307 302.282 -1.0546e+06 0 0 5.05061e+08 150 150 150 
-690.352 302.331 -1.05109e+06 0 0 5.05061e+08 150 150 150 
-683.465 302.379 -1.04761e+06 0 0 5.05061e+08 150 150 150 
-676.648 302.427 -1.04417e+06 0 0 5.05061e+08 150 150 150 
-669.898 302.474 -1.04076e+06 0 0 5.05061e+08 150 150 150 
-663.214 302.52 -1.03738e+06 0 0 5.05061e+08 150 150 150 
-656.597 302.566 -1.03404e+06 0 0 5.05061e+08 150 150 150 
-650.046 302.611 -1.03073e+06 0 0 5.05061e+08 150 150 150 
-643.56 302.656 -1.02746e+06 0 0 5.05061e+08 150 150 150 
-637.138 302.699 -1.02421e+06 0 0 5.05061e+08 150 150 150 
-630.779 302.743 -1.021e+06 0 0 5.05061e+08 150 150 150 
-624.484 302.786 -1.01782e+06 0 0 5.05061e+08 150 150 150 
-618.251 302.828 -1.01467e+06 0 0 5.05061e+08 150 150 150 
-612.08 302.869 -1.01156e+06 0 0 5.05061e+08 150 150 150 
-605.97 302.911 -1.00847e+06 0 0 5.05061e+08 150 150 150 
-599.921 302.951 -1.00542e+06 0 0 5.05061e+08 150 150 150 
-593.932 302.991 -1.00239e+06 0 0 5.05061e+08 150 150 150 
-588.002 303.031 -999396 0 0 5.05061e+08 150 150 150 
-582.131 303.07 -996431 0 0 5.05061e+08 150 150 150 
-576.318 303.108 -993495 0 0 5.05061e+08 150 150 150 
-570.563 303.147 -990588 0 0 5.05061e+08 150 150 150 
-564.865 303.184 -987710 0 0 5.05061e+08 150 150 150 
-559.223 303.221 -984860 0 0 5.05061e+08 150 150 150 
-553.637 303.258 -982039 0 0 5.05061e+08 150 150 150 
-548.107 303.294 -979246 0 0 5.05061e+08 150 150 150 
-542.632 303.33 -976481 0 0 5.05061e+08 150 150 150 
-537.211 303.365 -973743 0 0 5.05061e+08 150 150 150 
-531.843 303.4 -971032 0 0 5.05061e+08 150 150 150 
-526.529 303.434 -968348 0 0 5.05061e+08 150 150 150 
-521.268 303.468 -965690 0 0 5.05061e+08 150 150 150 
-516.058 303.501 -963059 0 0 5.05061e+08 150 150 150 
-510.901 303.535 -960454 0 0 5.05061e+08 150 150 150 
-505.794 303.567 -957875 0 0 5.05061e+08 150 150 150 
-500.739 303.599 -955321 0 0 5.05061e+08 150 150 150 
-495.733 303.631 -952793 0 0 5.05061e+08 150 150 150 
-490.777 303.663 -950290 0 0 5.05061e+08 150 150 150 
-485.87 303.694 -947812 0 0 5.05061e+08 150 150 150 
-481.012 303.724 -945358 0 0 5.05061e+08 150 150 150 
-476.202 303.755 -942929 0 0 5.05061e+08 150 150 150 
-471.439 303.785 -940523 0 0 5.05061e+08 150 150 150 
-466.724 303.814 -938142 0 0 5.05061e+08 150 150 150 
-462.056 303.843 -935784 0 0 5.05061e+08 150 150 150 
-457.434 303.872 -933449 0 0 5.05061e+08 150 150 150 
-452.858 303.901 -931138 0 0 5.05061e+08 150 150 150 
-448.327 303.929 -928850 0 0 5.05061e+08 150 150 150 
-443.841 303.956 -926584 0 0 5.05061e+08 150 150 150 
-439.399 303.984 -924341 0 0 5.05061e+08 150 150 150 
-435.002 304.011 -922120 0 0 5.05061e+08 150 150 150 
-430.648 304.038 -919921 0 0 5.05061e+08 150 150 150 
-426.338 304.064 -917744 0 0 5.05061e+08 150 150 150 
-422.07 304.09 -915588 0 0 5.05061e+08 150 150 150 
-417.844 304.116 -913454 0 0 5.05061e+08 150 150 150 
-413.661 304.141 -911341 0 0 5.05061e+08 150 150 150 
-409.519 304.166 -909249 0 0 5.05061e+08 150 150 150 
-405.418 304.191 -907177 0 0 5.05061e+08 150 150 150 
-401.357 304.216 -905127 0 0 5.05061e+08 150 150 150 
-397.337 304.24 -903096 0 0 5.05061e+08 150 150 150 
-393.357 304.264 -901086 0 0 5.05061e+08 150 150 150 
-389.416 304.288 -899096 0 0 5.05061e+08 150 150 150 
-385.515 304.311 -897125 0 0 5.05061e+08 150 150 150 
-381.652 304.334 -895174 0 0 5.05061e+08 150 150 150 
-377.827 304.357 -893242 0 0 5.05061e+08 150 150 150 
-374.04 304.379 -891329 0 0 5.05061e+08 150 150 150 
-370.291 304.402 -889436 0 0 5.05061e+08 150 150 150 
-366.579 304.424 -887561 0 0 5.05061e+08 150 150 150 
-362.904 304.445 -885705 0 0 5.05061e+08 150 150 150 
-359.265 304.467 -883867 0 0 5.05062e+08 150 150 150 
-355.662 304.488 -882047 0 0 5.05062e+08 150 150 150 
-352.095 304.509 -880246 0 0 5.05062e+08 150 150 150 
-348.564 304.53 -878462 0 0 5.05062e+08 150 150 150 
-345.067 304.55 -876696 0 0 5.05062e+08 150 150 150 
-341.605 304.57 -874947 0 0 5.05063e+08 150 150 150 
-338.178 304.59 -873216 0 0 5.05063e+08 150 150 150 
-334.784 304.61 -871502 0 0 5.05063e+08 150 150 150 
-331.424 304.63 -869805 0 0 5.05064e+08 150 150 150 
-328.098 304.649 -868125 0 0 5.05064e+08 150 150 150 
-324.804 304.668 -866462 0 0 5.05065e+08 150 150 150 
-321.543 304.687 -864815 0 0 5.05065e+08 150 150 150 
-318.315 304.705 -863184 0 0 5.05066e+08 150 150 150 
-315.118 304.724 -861569 0 0 5.05067e+08 150 150 150 
-311.953 304.742 -859971 0 0 5.05068e+08 150 150 150 
-308.82 304.76 -858388 0 0 5.0507e+08 150 150 150 
-305.717 304.777 -856821 0 0 5.05071e+08 150 150 150 
-302.646 304.795 -855270 0 0 5.05073e+08 150 150 150 
-299.605 304.812 -853734 0 0 5.05075e+08 150 150 150 
-296.594 304.829 -852213 0 0 5.05077e+08 150 150 150 
-293.612 304.846 -850707 0 0 5.05079e+08 150 150 150 
-290.661 304.863 -849216 0 0 5.05082e+08 150 150 150 
-287.739 304.88 -847740 0 0 5.05086e+08 150 150 150 
-284.845 304.896 -846279 0 0 5.0509e+08 150 150 150 
-281.98 304.912 -844832 0 0 5.05094e+08 150 150 150 
-279.144 304.928 -843399 0 0 5.05099e+08 150 150 150 
-276.336 304.944 -841981 0 0 5.05105e+08 150 150 150 
-273.556 304.959 -840577 0 0 5.05111e+08 150 150 150 
-270.803 304.975 -839186 0 0 5.05119e+08 150 150 150 
-268.078 304.99 -837809 0 0 5.05127e+08 150 150 150 
-265.379 305.005 -836446 0 0 5.05137e+08 150 150 150 
-262.708 305.02 -835097 0 0 5.05147e+08 150 150 150 
-260.063 305.035 -833761 0 0 5.05159e+08 150 150 150 
-257.444 305.049 -832438 0 0 5.05173e+08 150 150 150 
-254.851 305.064 -831128 0 0 5.05189e+08 150 150 150 
-252.284 305.078 -829831 0 0 5.05206e+08 150 150 150 
-249.742 305.092 -828546 0 0 5.05226e+08 150 150 150 
-247.226 305.106 -827275 0 0 5.05248e+08 150 150 150 
-244.734 305.12 -826016 0 0 5.05272e+08 150 150 150 
-242.267 305.133 -824770 0 0 5.053e+08 150 150 150 
-239.825 305.147 -823535 0 0 5.05331e+08 150 150 150 
-237.406 305.16 -822313 0 0 5.05365e+08 150 150 150 
-235.012 305.173 -821103 0 0 5.05403e+08 150 150 150 
-232.642 305.186 -819905 0 0 5.05446e+08 150 150 150 
-230.295 305.199 -818719 0 0 5.05494e+08 150 150 150 
-227.971 305.211 -817544 0 0 5.05547e+08 150 150 150 
-225.671 305.224 -816381 0 0 5.05605e+08 150 150 150 
-223.393 305.236 -815229 0 0 5.05671e+08 150 150 150 
-221.138 305.249 -814089 0 0 5.05743e+08 150 150 150 
-218.905 305.261 -812959 0 0 5.05823e+08 150 150 150 
-216.694 305.273 -811841 0 0 5.05911e+08 150 150 150 
-214.505 305.284 -810734 0 0 5.06008e+08 150 150 150 
-212.338 305.296 -809637 0 0 5.06116e+08 150 150 150 
-210.193 305.308 -808551 0 0 5.06234e+08 150 150 150 
-208.068 305.319 -807475 0 0 5.06364e+08 150 150 150 
-205.965 305.33 -806410 0 0 5.06508e+08 150 150 150 
-203.883 305.342 -805355 0 0 5.06665e+08 150 150 150 
-201.821 305.353 -804310 0 0 5.06837e+08 150 150 150 
-199.78 305.364 -803275 0 0 5.07026e+08 150 150 150 
-197.758 305.375 -802250 0 0 5.07233e+08 150 150 150 
-195.757 305.385 -801235 0 0 5.07459e+08 150 150 150 
-193.776 305.396 -800230 0 0 5.07706e+08 150 150 150 
-191.815 305.406 -799233 0 0 5.07976e+08 150 150 150 
-189.873 305.417 -798247 0 0 5.0827e+08 150 150 150 
-187.95 305.427 -797269 0 0 5.08591e+08 150 150 150 
-186.046 305.437 -796300 0 0 5.08939e+08 150 150 150 
-184.161 305.447 -795341 0 0 5.09318e+08 150 150 150 
-182.295 305.457 -794390 0 0 5.0973e+08 150 150 150 
-180.448 305.467 -793448 0 0 5.10177e+08 150 150 150 
-178.618 305.476 -792514 0 0 5.10661e+08 150 150 150 
-176.807 305.486 -791588 0 0 5.11186e+08 150 150 150 
-175.014 305.495 -790671 0 0 5.11753e+08 150 150 150 
-173.238 305.505 -789762 0 0 5.12367e+08 150 150 150 
-171.481 305.514 -788861 0 0 5.13031e+08 150 150 150 
-169.74 305.523 -787967 0 0 5.13746e+08 150 150 150 
-168.017 305.532 -787081 0 0 5.14518e+08 150 150 150 
-166.311 305.541 -786203 0 0 5.1535e+08 150 150 150 
-164.622 305.55 -785332 0 0 5.16246e+08 150 150 150 
-162.949 305.559 -784467 0 0 5.17209e+08 150 150 150 
-161.294 305.567 -783610 0 0 5.18244e+08 150 150 150 
-159.654 305.576 -782760 0 0 5.19356e+08 150 150 150 
-158.031 305.584 -781916 0 0 5.20549e+08 150 150 150 
-156.424 305.593 -781078 0 0 5.21828e+08 150 150 150 
-154.833 305.601 -780247 0 0 5.23198e+08 150 150 150 
-153.258 305.609 -779421 0 0 5.24665e+08 150 150 150 
-151.698 305.617 -778602 0 0 5.26234e+08 150 150 150 
-150.154 305.625 -777788 0 0 5.27911e+08 150 150 150 
-148.625 305.633 -776979 0 0 5.29702e+08 150 150 150 
-147.111 305.641 -776176 0 0 5.31613e+08 150 150 150 
-145.612 305.649 -775378 0 0 5.33651e+08 150 150 150 
-144.128 305.656 -774584 0 0 5.35823e+08 150 150 150 
-142.659 305.664 -773795 0 0 5.38136e+08 150 150 150 
-141.205 305.672 -773011 0 0 5.40596e+08 150 150 150 
-139.765 305.679 -772230 0 0 5.43213e+08 150 150 150 
-138.339 305.686 -771454 0 0 5.45992e+08 150 150 150 
-136.927 305.694 -770681 0 0 5.48944e+08 150 150 150 
-135.529 305.701 -769911 0 0 5.52075e+08 150 150 150 
-134.145 305.708 -769145 0 0 5.55396e+08 150 150 150 
-132.775 305.715 -768381 0 0 5.58914e+08 150 150 150 
-131.419 305.722 -767621 0 0 5.62639e+08 150 150 150 
-130.076 305.729 -766862 0 0 5.6658e+08 150 150 150 
-128.746 305.735 -766106 0 0 5.70748e+08 150 150 150 
-127.429 305.742 -765352 0 0 5.75153e+08 150 150 150 
-126.126 305.749 -764599 0 0 5.79804e+08 150 150 150 
-124.835 305.755 -763848 0 0 5.84713e+08 150 150 150 
-123.557 305.762 -763097 0 0 5.89891e+08 150 150 150 
-122.292 305.768 -762347 0 0 5.95348e+08 150 150 150 
-121.039 305.775 -761598 0 0 6.01096e+08 150 150 150 
-119.799 305.781 -760849 0 0 6.07148e+08 150 150 150 
-118.571 305.787 -760099 0 0 6.13514e+08 150 150 150 
-117.356 305.793 -759349 0 0 6.20209e+08 150 150 150 
-116.152 305.799 -758599 0 0 6.27243e+08 150 150 150 
-114.96 305.805 -757847 0 0 6.34631e+08 150 150 150 
-113.78 305.811 -757093 0 0 6.42385e+08 150 150 150 
-112.612 305.817 -756338 0 0 6.50518e+08 150 150 150 
-111.456 305.823 -755581 0 0 6.59045e+08 150 150 150 
-110.31 305.829 -754821 0 0 6.67979e+08 150 150 150 
-109.177 305.835 -754058 0 0 6.77335e+08 150 150 150 
-108.054 305.84 -753292 0 0 6.87126e+08 150 150 150 
-106.943 305.846 -752523 0 0 6.97368e+08 150 150 150 
-105.842 305.851 -751750 0 0 7.08076e+08 150 150 150 
-104.753 305.857 -750972 0 0 7.19264e+08 150 150 150 
-103.674 305.862 -750190 0 0 7.30948e+08 150 150 150 
-102.606 305.868 -749403 0 0 7.43143e+08 150 150 150 
-101.549 305.873 -748610 0 0 7.55865e+08 150 150 150 
-100.502 305.878 -747812 0 0 7.69131e+08 150 150 150 
-99.4655 305.883 -747008 0 0 7.82955e+08 150 150 150 
-98.4392 305.888 -746197 0 0 7.97354e+08 150 150 150 
-97.4232 305.893 -745379 0 0 8.12346e+08 150 150 150 
-96.4172 305.898 -744554 0 0 8.27945e+08 150 150 150 
-95.4212 305.903 -743721 0 0 8.44169e+08 150 150 150 
-94.4351 305.908 -742881 0 0 8.61034e+08 150 150 150 
-93.4587 305.913 -742031 0 0 8.78558e+08 150 150 150 
-92.4921 305.918 -741173 0 0 8.96758e+08 150 150 150 
-91.535 305.923 -740306 0 0 9.1565e+08 150 150 150 
-90.5874 305.927 -739429 0 0 9.35251e+08 150 150 150 
-89.6492 305.932 -738542 0 0 9.5558e+08 150 150 150 
-88.7204 305.936 -737645 0 0 9.76653e+08 150 150 150 
-87.8007 305.941 -736737 0 0 9.98487e+08 150 150 150 
-86.8901 305.945 -735817 0 0 1.0211e+09 150 150 150 
-85.9886 305.95 -734886 0 0 1.04451e+09 150 150 150 
-85.096 305.954 -733943 0 0 1.06873e+09 150 150 150 
-84.2123 305.959 -732988 0 0 1.09379e+09 150 150 150 
-83.3373 305.963 -732019 0 0 1.11969e+09 150 150 150 
-82.4711 305.967 -731038 0 0 1.14645e+09 150 150 150 
-81.6134 305.971 -730043 0 0 1.1741e+09 150 150 150 
-80.7642 305.975 -729033 0 0 1.20265e+09 150 150 150 
-79.9234 305.979 -728010 0 0 1.23212e+09 150 150 150 
-79.091 305.983 -726972 0 0 1.26252e+09 150 150 150 
-78.2668 305.987 -725918 0 0 1.29387e+09 150 150 150 
-77.4508 305.991 -724849 0 0 1.32619e+09 150 150 150 
-76.6429 305.995 -723764 0 0 1.35949e+09 150 150 150 
-75.843 305.999 -722663 0 0 1.39379e+09 150 150 150 
-75.051 306.003 -721545 0 0 1.42911e+09 150 150 150 
-74.2669 306.007 -720411 0 0 1.46546e+09 150 150 150 
-73.4906 306.01 -719259 0 0 1.50286e+09 150 150 150 
-72.7219 306.014 -718089 0 0 1.54132e+09 150 150 150 
-71.9609 306.018 -716901 0 0 1.58086e+09 150 150 150 
-71.2075 306.021 -715694 0 0 1.6215e+09 150 150 150 
-70.4615 306.025 -714469 0 0 1.66324e+09 150 150 150 
-69.7229 306.028 -713225 0 0 1.70611e+09 150 150 150 
-68.9916 306.032 -711961 0 0 1.75012e+09 150 150 150 
-68.2676 306.035 -710678 0 0 1.79529e+09 150 150 150 
-67.5507 306.039 -709374 0 0 1.84162e+09 150 150 150 
-66.841 306.042 -708051 0 0 1.88913e+09 150 150 150 
-66.1383 306.045 -706706 0 0 1.93783e+09 150 150 150 
-65.4426 306.049 -705341 0 0 1.98774e+09 150 150 150 
-64.7538 306.052 -703954 0 0 2.03887e+09 150 150 150 
-64.0718 306.055 -702545 0 0 2.09124e+09 150 150 150 
-63.3965 306.058 -701115 0 0 2.14484e+09 150 150 150 
-62.728 306.061 -699663 0 0 2.1997e+09 150 150 150 
-62.0661 306.064 -698189 0 0 2.25583e+09 150 150 150 
-61.4108 306.068 -696692 0 0 2.31323e+09 150 150 150 
-60.7619 306.071 -695172 0 0 2.37192e+09 150 150 150 
-60.1195 306.073 -693629 0 0 2.43191e+09 150 150 150 
-59.4835 306.076 -692063 0 0 2.4932e+09 150 150 150 
-58.8538 306.079 -690473 0 0 2.55581e+09 150 150 150 
-58.2303 306.082 -688860 0 0 2.61974e+09 150 150 150 
-57.613 306.085 -687222 0 0 2.68501e+09 150 150 150 
-57.0018 306.088 -685561 0 0 2.75162e+09 150 150 150 
-56.3967 306.091 -683876 0 0 2.81957e+09 150 150 150 
-55.7976 306.093 -682166 0 0 2.88889e+09 150 150 150 
-55.2044 306.096 -680431 0 0 2.95956e+09 150 150 150 
-54.6171 306.099 -678672 0 0 3.0316e+09 150 150 150 
-54.0356 306.101 -676888 0 0 3.10501e+09 150 150 150 
-53.4599 306.104 -675079 0 0 3.1798e+09 150 150 150 
-52.8899 306.106 -673245 0 0 3.25597e+09 150 150 150 
-52.3256 306.109 -671386 0 0 3.33353e+09 150 150 150 
-51.7669 306.111 -669501 0 0 3.41248e+09 150 150 150 
-51.2137 306.114 -667591 0 0 3.49283e+09 150 150 150 
-50.6659 306.116 -665656 0 0 3.57457e+09 150 150 150 
-50.1237 306.119 -663695 0 0 3.65771e+09 150 150 150 
-49.5868 306.121 -661709 0 0 3.74225e+09 150 150 150 
-49.0552 306.124 -659697 0 0 3.82819e+09 150 150 150 
-48.5289 306.126 -657659 0 0 3.91553e+09 150 150 150 
-48.0078 306.128 -655596 0 0 4.00428e+09 150 150 150 
-47.4919 306.13 -653507 0 0 4.09442e+09 150 150 150 
-46.9811 306.133 -651392 0 0 4.18597e+09 150 150 150 
-46.4753 306.135 -649252 0 0 4.27893e+09 150 150 150 
-45.9746 306.137 -647085 0 0 4.37328e+09 150 150 150 
-45.4788 306.139 -644894 0 0 4.46902e+09 150 150 150 
-44.988 306.141 -642676 0 0 4.56616e+09 150 150 150 
-44.502 306.143 -640434 0 0 4.6647e+09 150 150 150 
-44.0209 306.145 -638165 0 0 4.76462e+09 150 150 150 
-43.5445 306.147 -635871 0 0 4.86592e+09 150 150 150 
-43.0728 306.149 -633552 0 0 4.9686e+09 150 150 150 
-42.6058 306.151 -631208 0 0 5.07266e+09 150 150 150 
-42.1435 306.153 -628838 0 0 5.17809e+09 150 150 150 
-41.6857 306.155 -626444 0 0 5.28488e+09 150 150 150 
-41.2325 306.157 -624024 0 0 5.39302e+09 150 150 150 
-40.7838 306.159 -621580 0 0 5.50252e+09 150 150 150 
-40.3395 306.161 -619110 0 0 5.61336e+09 150 150 150 
-39.8996 306.163 -616617 0 0 5.72553e+09 150 150 150 
-39.4641 306.164 -614099 0 0 5.83903e+09 150 150 150 
-39.0329 306.166 -611556 0 0 5.95385e+09 150 150 150 
-38.606 306.168 -608990 0 0 6.06998e+09 150 150 150 
-38.1833 306.17 -606399 0 0 6.18741e+09 150 150 150 
-37.7648 306.171 -603785 0 0 6.30613e+09 150 150 150 
-37.3505 306.173 -601148 0 0 6.42613e+09 150 150 150 
-36.9402 306.175 -598487 0 0 6.54741e+09 150 150 150 
-36.5341 306.176 -595803 0 0 6.66994e+09 150 150 150 
-36.1319 306.178 -593096 0 0 6.79372e+09 150 150 150 
-35.7338 306.179 -590366 0 0 6.91874e+09 150 150 150 
-35.3396 306.181 -587614 0 0 7.04498e+09 150 150 150 
-34.9493 306.182 -584840 0 0 7.17243e+09 150 150 150 
-34.5629 306.184 -582043 0 0 7.30109e+09 150 150 150 
-34.1803 306.185 -579225 0 0 7.43093e+09 150 150 150 
-33.8015 306.187 -576386 0 0 7.56195e+09 150 150 150 
-33.4264 306.188 -573525 0 0 7.69413e+09 150 150 150 
-33.0551 306.19 -570644 0 0 7.82745e+09 150 150 150 
-32.6875 306.191 -567741 0 0 7.96191e+09 150 150 150 
-32.3235 306.192 -564819 0 0 8.09748e+09 150 150 150 
-31.9631 306.194 -561876 0 0 8.23416e+09 150 150 150 
-31.6063 306.195 -558914 0 0 8.37192e+09 150 150 150 
-31.253 306.196 -555932 0 0 8.51076e+09 150 150 150 
-30.9033 306.198 -552931 0 0 8.65065e+09 150 150 150 
-30.557 306.199 -549911 0 0 8.79159e+09 150 150 150 
-30.2141 306.2 -546872 0 0 8.93355e+09 150 150 150 
-29.8747 306.202 -543815 0 0 9.07653e+09 150 150 150 
-29.5386 306.203 -540741 0 0 9.22049e+09 150 150 150 
-29.2058 306.204 -537649 0 0 9.36543e+09 150 150 150 
-28.8763 306.205 -534539 0 0 9.51133e+09 150 150 150 
-28.5501 306.206 -531413 0 0 9.65818e+09 150 150 150 
-28.2272 306.207 -528270 0 0 9.80595e+09 150 150 150 
-27.9074 306.209 -525111 0 0 9.95462e+09 150 150 150 
-27.5908 306.21 -521936 0 0 1.01042e+10 150 150 150 
-27.2774 306.211 -518745 0 0 1.02546e+10 150 150 150 
-26.9671 306.212 -515539 0 0 1.04059e+10 150 150 150 
-26.6598 306.213 -512319 0 0 1.05581e+10 150 150 150 
-26.3556 306.214 -509084 0 0 1.0711e+10 150 150 150 
-26.0544 306.215 -505835 0 0 1.08648e+10 150 150 150 
-25.7562 306.216 -502572 0 0 1.10193e+10 150 150 150 
-25.4609 306.217 -499295 0 0 1.11746e+10 150 150 150 
-25.1686 306.218 -496006 0 0 1.13306e+10 150 150 150 
-24.8792 306.219 -492704 0 0 1.14874e+10 150 150 150 
-24.5926 306.22 -489390 0 0 1.16449e+10 150 150 150 
-24.3089 306.221 -486064 0 0 1.1803e+10 150 150 150 
-24.028 306.222 -482726 0 0 1.19619e+10 150 150 150 
-23.7499 306.222 -479377 0 0 1.21213e+10 150 150 150 
-23.4745 306.223 -476018 0 0 1.22815e+10 150 150 150 
-23.2019 306.224 -472648 0 0 1.24422e+10 150 150 150 
-22.932 306.225 -469268 0 0 1.26035e+10 150 150 150 
-22.6647 306.226 -465878 0 0 1.27654e+10 150 150 150 
-22.4001 306.227 -462479 0 0 1.29279e+10 150 150 150 
-22.1382 306.227 -459071 0 0 1.30909e+10 150 150 150 
-21.8788 306.228 -455654 0 0 1.32544e+10 150 150 150 
-21.622 306.229 -452230 0 0 1.34184e+10 150 150 150 
-21.3677 306.23 -448797 0 0 1.35829e+10 150 150 150 
-21.116 306.231 -445357 0 0 1.37478e+10 150 150 150 
-20.8668 306.231 -441910 0 0 1.39132e+10 150 150 150 
-20.62 306.232 -438457 0 0 1.4079e+10 150 150 150 
-20.3757 306.233 -434997 0 0 1.42453e+10 150 150 150 
-20.1338 306.233 -431531 0 0 1.44119e+10 150 150 150 
-19.8943 306.234 -428060 0 0 1.45789e+10 150 150 150 
-19.6572 306.235 -424583 0 0 1.47462e+10 150 150 150 
-19.4224 306.235 -421101 0 0 1.49138e+10 150 150 150 
-19.19 306.236 -417615 0 0 1.50818e+10 150 150 150 
-18.9598 306.237 -414125 0 0 1.52501e+10 150 150 150 
-18.732 306.237 -410631 0 0 1.54186e+10 150 150 150 
-18.5064 306.238 -407134 0 0 1.55874e+10 150 150 150 
-18.283 306.239 -403634 0 0 1.57564e+10 150 150 150 
-18.0619 306.239 -400131 0 0 1.59256e+10 150 150 150 
-17.843 306.24 -396625 0 0 1.60951e+10 150 150 150 
-17.6262 306.24 -393118 0 0 1.62647e+10 150 150 150 
-17.4115 306.241 -389609 0 0 1.64345e+10 150 150 150 
-17.1991 306.241 -386099 0 0 1.66044e+10 150 150 150 
-16.9887 306.242 -382588 0 0 1.67745e+10 150 150 150 
-16.7804 306.243 -379076 0 0 1.69447e+10 150 150 150 
-16.5741 306.243 -375564 0 0 1.7115e+10 150 150 150 
-16.3699 306.244 -372052 0 0 1.72854e+10 150 150 150 
-16.1678 306.244 -368540 0 0 1.74558e+10 150 150 150 
-15.9676 306.245 -365029 0 0 1.76262e+10 150 150 150 
-15.7694 306.245 -361519 0 0 1.77967e+10 150 150 150 
-15.5732 306.245 -358010 0 0 1.79672e+10 150 150 150 
-15.3789 306.246 -354503 0 0 1.81377e+10 150 150 150 
-15.1866 306.246 -350998 0 0 1.83082e+10 150 150 150 
-14.9962 306.247 -347496 0 0 1.84787e+10 150 150 150 
-14.8076 306.247 -343996 0 0 1.86491e+10 150 150 150 
-14.6209 306.248 -340499 0 0 1.88194e+10 150 150 150 
-14.4361 306.248 -337005 0 0 1.89896e+10 150 150 150 
-14.2531 306.249 -333514 0 0 1.91598e+10 150 150 150 
-14.0719 306.249 -330028 0 0 1.93298e+10 150 150 150 
-13.8926 306.249 -326545 0 0 1.94997e+10 150 150 150 
-13.715 306.25 -323067 0 0 1.96694e+10 150 150 150 
-13.5391 306.25 -319593 0 0 1.9839e+10 150 150 150 
-13.365 306.25 -316125 0 0 2.00084e+10 150 150 150 
-13.1927 306.251 -312661 0 0 2.01777e+10 150 150 150 
-13.022 306.251 -309204 0 0 2.03467e+10 150 150 150 
-12.853 306.252 -305751 0 0 2.05155e+10 150 150 150 
-12.6857 306.252 -302305 0 0 2.06841e+10 150 150 150 
-12.5201 306.252 -298866 0 0 2.08524e+10 150 150 150 
-12.3561 306.253 -295432 0 0 2.10205e+10 150 150 150 
-12.1938 306.253 -292006 0 0 2.11883e+10 150 150 150 
-12.033 306.253 -288586 0 0 2.13558e+10 150 150 150 
-11.8738 306.253 -285174 0 0 2.1523e+10 150 150 150 
-11.7163 306.254 -281769 0 0 2.16899e+10 150 150 150 
-11.5602 306.254 -278372 0 0 2.18565e+10 150 150 150 
-11.4058 306.254 -274983 0 0 2.20228e+10 150 150 150 
-11.2528 306.255 -271603 0 0 2.21887e+10 150 150 150 
-11.1014 306.255 -268230 0 0 2.23542e+10 150 150 150 
-10.9515 306.255 -264866 0 0 2.25194e+10 150 150 150 
-10.8031 306.255 -261512 0 0 2.26842e+10 150 150 150 
-10.6561 306.256 -258166 0 0 2.28486e+10 150 150 150 
-10.5106 306.256 -254829 0 0 2.30127e+10 150 150 150 
-10.3665 306.256 -251502 0 0 2.31763e+10 150 150 150 
-10.2239 306.256 -248185 0 0 2.33394e+10 150 150 150 
-10.0827 306.257 -244878 0 0 2.35022e+10 150 150 150 
-9.94287 306.257 -241580 0 0 2.36645e+10 150 150 150 
-9.80443 306.257 -238293 0 0 2.38263e+10 150 150 150 
-9.66738 306.257 -235017 0 0 2.39877e+10 150 150 150 
-9.53168 306.257 -231751 0 0 2.41486e+10 150 150 150 
-9.39732 306.258 -228496 0 0 2.4309e+10 150 150 150 
-9.2643 306.258 -225251 0 0 2.44689e+10 150 150 150 
-9.1326 306.258 -222018 0 0 2.46283e+10 150 150 150 
-9.0022 306.258 -218797 0 0 2.47872e+10 150 150 150 
-8.8731 306.258 -215586 0 0 2.49456e+10 150 150 150 
-8.74528 306.259 -212388 0 0 2.51035e+10 150 150 150 
-8.61872 306.259 -209201 0 0 2.52608e+10 150 150 150 
-8.49343 306.259 -206026 0 0 2.54176e+10 150 150 150 
-8.36937 306.259 -202863 0 0 2.55738e+10 150 150 150 
-8.24654 306.259 -199712 0 0 2.57295e+10 150 150 150 
-8.12493 306.26 -196574 0 0 2.58846e+10 150 150 150 
-8.00453 306.26 -193448 0 0 2.60391e+10 150 150 150 
-7.88532 306.26 -190335 0 0 2.6193e+10 150 150 150 
-7.76729 306.26 -187234 0 0 2.63464e+10 150 150 150 
-7.65044 306.26 -184147 0 0 2.64991e+10 150 150 150 
-7.53474 306.26 -181072 0 0 2.66513e+10 150 150 150 
-7.42019 306.26 -178010 0 0 2.68028e+10 150 150 150 
-7.30678 306.261 -174962 0 0 2.69538e+10 150 150 150 
-7.19449 306.261 -171927 0 0 2.71041e+10 150 150 150 
-7.08331 306.261 -168905 0 0 2.72537e+10 150 150 150 
-6.97324 306.261 -165897 0 0 2.74028e+10 150 150 150 
-6.86426 306.261 -162903 0 0 2.75512e+10 150 150 150 
-6.75636 306.261 -159922 0 0 2.7699e+10 150 150 150 
-6.64953 306.261 -156955 0 0 2.78461e+10 150 150 150 
-6.54376 306.261 -154002 0 0 2.79925e+10 150 150 150 
-6.43904 306.261 -151063 0 0 2.81383e+10 150 150 150 
-6.33535 306.262 -148138 0 0 2.82835e+10 150 150 150 
-6.2327 306.262 -145227 0 0 2.84279e+10 150 150 150 
-6.13106 306.262 -142331 0 0 2.85717e+10 150 150 150 
-6.03043 306.262 -139448 0 0 2.87149e+10 150 150 150 
-5.9308 306.262 -136580 0 0 2.88573e+10 150 150 150 
-5.83216 306.262 -133727 0 0 2.89991e+10 150 150 150 
-5.73449 306.262 -130888 0 0 2.91401e+10 150 150 150 
-5.63779 306.262 -128063 0 0 2.92805e+10 150 150 150 
-5.54206 306.262 -125253 0 0 2.94202e+10 150 150 150 
-5.44727 306.262 -122458 0 0 2.95592e+10 150 150 150 
-5.35342 306.262 -119677 0 0 2.96975e+10 150 150 150 
-5.2605 306.263 -116911 0 0 2.9835e+10 150 150 150 
-5.16851 306.263 -114160 0 0 2.99719e+10 150 150 150 
-5.07742 306.263 -111424 0 0 3.01081e+10 150 150 150 
-4.98724 306.263 -108703 0 0 3.02435e+10 150 150 150 
-4.89796 306.263 -105997 0 0 3.03782e+10 150 150 150 
-4.80956 306.263 -103305 0 0 3.05123e+10 150 150 150 
-4.72203 306.263 -100629 0 0 3.06455e+10 150 150 150 
-4.63538 306.263 -97967.5 0 0 3.07781e+10 150 150 150 
-4.54958 306.263 -95321.2 0 0 3.091e+10 150 150 150 
-4.46463 306.263 -92689.9 0 0 3.10411e+10 150 150 150 
-4.38053 306.263 -90073.8 0 0 3.11715e+10 150 150 150 
-4.29726 306.263 -87472.8 0 0 3.13012e+10 150 150 150 
-4.21482 306.263 -84886.9 0 0 3.14301e+10 150 150 150 
-4.13319 306.263 -82316.1 0 0 3.15583e+10 150 150 150 
-4.05237 306.263 -79760.5 0 0 3.16858e+10 150 150 150 
-3.97236 306.263 -77220.1 0 0 3.18125e+10 150 150 150 
-3.89314 306.263 -74694.9 0 0 3.19385e+10 150 150 150 
-3.8147 306.263 -72184.8 0 0 3.20638e+10 150 150 150 
-3.73704 306.263 -69690 0 0 3.21883e+10 150 150 150 
-3.66016 306.264 -67210.3 0 0 3.23121e+10 150 150 150 
-3.58403 306.264 -64745.8 0 0 3.24352e+10 150 150 150 
-3.50866 306.264 -62296.6 0 0 3.25575e+10 150 150 150 
-3.43404 306.264 -59862.5 0 0 3.26791e+10 150 150 150 
-3.36015 306.264 -57443.6 0 0 3.27999e+10 150 150 150 
-3.287 306.264 -55039.9 0 0 3.29201e+10 150 150 150 
-3.21458 306.264 -52651.3 0 0 3.30394e+10 150 150 150 
-3.14287 306.264 -50277.9 0 0 3.31581e+10 150 150 150 
-3.07188 306.264 -47919.6 0 0 3.3276e+10 150 150 150 
-3.00159 306.264 -45576.5 0 0 3.33931e+10 150 150 150 
-2.93199 306.264 -43248.4 0 0 3.35096e+10 150 150 150 
-2.86309 306.264 -40935.5 0 0 3.36253e+10 150 150 150 
-2.79487 306.264 -38637.6 0 0 3.37402e+10 150 150 150 
-2.72732 306.264 -36354.8 0 0 3.38544e+10 150 150 150 
-2.66045 306.264 -34087 0 0 3.39679e+10 150 150 150 
-2.59424 306.264 -31834.2 0 0 3.40807e+10 150 150 150 
-2.52868 306.264 -29596.3 0 0 3.41927e+10 150 150 150 
-2.46378 306.264 -27373.4 0 0 3.4304e+10 150 150 150 
-2.39952 306.264 -25165.5 0 0 3.44146e+10 150 150 150 
-2.33589 306.264 -22972.4 0 0 3.45244e+10 150 150 150 
-2.2729 306.264 -20794.2 0 0 3.46335e+10 150 150 150 
-2.21053 306.264 -18630.7 0 0 3.47419e+10 150 150 150 
-2.14878 306.264 -16482.1 0 0 3.48495e+10 150 150 150 
-2.08765 306.264 -14348.2 0 0 3.49565e+10 150 150 150 
-2.02712 306.264 -12229.1 0 0 3.50627e+10 150 150 150 
-1.96719 306.264 -10124.6 0 0 3.51682e+10 150 150 150 
-1.90785 306.264 -8034.7 0 0 3.52729e+10 150 150 150 
-1.8491 306.264 -5959.43 0 0 3.5377e+10 150 150 150 
-1.79094 306.264 -3898.7 0 0 3.54803e+10 150 150 150 
-1.73335 306.264 -1852.48 0 0 3.55829e+10 150 150 150 
-1.67633 306.264 179.282 0 0 3.56849e+10 150 150 150 
-1.61988 306.264 2196.63 0 0 3.57861e+10 150 150 150 
-1.56399 306.264 4199.61 0 0 3.58866e+10 150 150 150 
-1.50865 306.264 6188.26 0 0 3.59864e+10 150 150 150 
-1.45386 306.264 8162.64 0 0 3.60854e+10 150 150 150 
-1.39962 306.264 10122.8 0 0 3.61838e+10 150 150 150 
-1.34591 306.264 12068.8 0 0 3.62815e+10 150 150 150 
-1.29273 306.264 14000.7 0 0 3.63785e+10 150 150 150 
-1.24009 306.264 15918.4 0 0 3.64748e+10 150 150 150 
-1.18796 306.264 17822.2 0 0 3.65704e+10 150 150 150 
-1.13635 306.264 19712 0 0 3.66653e+10 150 150 150 
-1.08526 306.264 21587.9 0 0 3.67596e+10 150 150 150 
-1.03467 306.264 23450 0 0 3.68531e+10 150 150 150 
-0.984577 306.264 25298.2 0 0 3.6946e+10 150 150 150 
-0.934986 306.264 27132.8 0 0 3.70381e+10 150 150 150 
-0.885886 306.264 28953.6 0 0 3.71297e+10 150 150 150 
-0.837273 306.264 30760.8 0 0 3.72205e+10 150 150 150 
-0.789142 306.264 32554.4 0 0 3.73107e+10 150 150 150 
-0.741489 306.264 34334.6 0 0 3.74001e+10 150 150 150 
-0.694308 306.264 36101.2 0 0 3.7489e+10 150 150 150 
-0.647595 306.264 37854.5 0 0 3.75771e+10 150 150 150 
-0.601346 306.264 39594.5 0 0 3.76646e+10 150 150 150 
-0.555555 306.264 41321.2 0 0 3.77515e+10 150 150 150 
-0.510218 306.264 43034.7 0 0 3.78377e+10 150 150 150 
-0.46533 306.264 44735.1 0 0 3.79232e+10 150 150 150 
-0.420888 306.264 46422.4 0 0 3.80081e+10 150 150 150 
-0.376887 306.264 48096.7 0 0 3.80924e+10 150 150 150 
-0.333322 306.264 49758 0 0 3.8176e+10 150 150 150 
-0.290189 306.264 51406.5 0 0 3.82589e+10 150 150 150 
-0.247484 306.264 53042.1 0 0 3.83413e+10 150 150 150 
-0.205202 306.264 54665 0 0 3.8423e+10 150 150 150 
-0.163339 306.264 56275.2 0 0 3.8504e+10 150 150 150 
-0.121892 306.264 57872.8 0 0 3.85844e+10 150 150 150 
-0.0808559 306.264 59459.9 0 0 3.86599e+10 150 150 150 
-0.0402268 306.264 61359.3 0 0 3.88826e+10 150 150 150 
0 306.264 62467.3 0 0 1.6754e+11 150 150 150 
0 306.264 68531.3 0 0 1.68849e+11 150 150 150 
0.0402268 306.264 71482.4 0 0 1.23378e+11 150 150 150 
0.0808559 306.264 76945.1 0 0 1.22749e+11 150 150 150 
0.121892 306.264 81973.1 0 0 1.22029e+11 150 150 150 
0.163339 306.264 87015.5 0 0 1.21289e+11 150 150 150 
0.205202 306.264 92077.4 0 0 1.20545e+11 150 150 150 
0.247484 306.263 97158.4 0 0 1.19798e+11 150 150 150 
0.290189 306.263 102258 0 0 1.19047e+11 150 150 150 
0.333322 306.263 107377 0 0 1.18293e+11 150 150 150 
0.376887 306.263 112514 0 0 1.17535e+11 150 150 150 
0.420888 306.263 117669 0 0 1.16774e+11 150 150 150 
0.46533 306.263 122841 0 0 1.1601e+11 150 150 150 
0.510218 306.263 128031 0 0 1.15243e+11 150 150 150 
0.555555 306.263 133239 0 0 1.14473e+11 150 150 150 
0.601346 306.263 138463 0 0 1.13699e+11 150 150 150 
0.647595 306.263 143703 0 0 1.12922e+11 150 150 150 
0.694308 306.263 148960 0 0 1.12142e+11 150 150 150 
0.741489 306.263 154232 0 0 1.1136e+11 150 150 150 
0.789142 306.263 159520 0 0 1.10574e+11 150 150 150 
0.837273 306.263 164823 0 0 1.09785e+11 150 150 150 
0.885886 306.263 170141 0 0 1.08993e+11 150 150 150 
0.934986 306.263 175473 0 0 1.08199e+11 150 150 150 
0.984577 306.263 180819 0 0 1.07401e+11 150 150 150 
1.03467 306.263 186178 0 0 1.06601e+11 150 150 150 
1.08526 306.263 191551 0 0 1.05799e+11 150 150 150 
1.13635 306.263 196936 0 0 1.04993e+11 150 150 150 
1.18796 306.263 202334 0 0 1.04185e+11 150 150 150 
1.24009 306.262 207743 0 0 1.03375e+11 150 150 150 
1.29273 306.262 213164 0 0 1.02562e+11 150 150 150 
1.34591 306.262 218596 0 0 1.01747e+11 150 150 150 
1.39962 306.262 224038 0 0 1.00929e+11 150 150 150 
1.45386 306.262 229491 0 0 1.00109e+11 150 150 150 
1.50865 306.262 234953 0 0 9.92869e+10 150 150 150 
1.56399 306.262 240425 0 0 9.84626e+10 150 150 150 
1.61988 306.262 245905 0 0 9.76362e+10 150 150 150 
1.67633 306.262 251393 0 0 9.68078e+10 150 150 150 
1.73335 306.262 256889 0 0 9.59775e+10 150 150 150 
1.79094 306.262 262392 0 0 9.51453e+10 150 150 150 
1.8491 306.261 267902 0 0 9.43113e+10 150 150 150 
1.90785 306.261 273418 0 0 9.34756e+10 150 150 150 
1.96719 306.261 278939 0 0 9.26383e+10 150 150 150 
2.02712 306.261 284466 0 0 9.17994e+10 150 150 150 
2.08765 306.261 289997 0 0 9.0959e+10 150 150 150 
2.14878 306.261 295532 0 0 9.01172e+10 150 150 150 
2.21053 306.261 301071 0 0 8.92741e+10 150 150 150 
2.2729 306.261 306612 0 0 8.84297e+10 150 150 150 
2.33589 306.261 312156 0 0 8.75842e+10 150 150 150 
2.39952 306.26 317701 0 0 8.67376e+10 150 150 150 
2.46378 306.26 323247 0 0 8.589e+10 150 150 150 
2.52868 306.26 328794 0 0 8.50415e+10 150 150 150 
2.59424 306.26 334341 0 0 8.41923e+10 150 150 150 
2.66045 306.26 339887 0 0 8.33423e+10 150 150 150 
2.72732 306.26 345432 0 0 8.24917e+10 150 150 150 
2.79487 306.26 350975 0 0 8.16406e+10 150 150 150 
2.86309 306.259 356516 0 0 8.0789e+10 150 150 150 
2.93199 306.259 362053 0 0 7.99372e+10 150 150 150 
3.00159 306.259 367586 0 0 7.90851e+10 150 150 150 
3.07188 306.259 373115 0 0 7.82328e+10 150 150 150 
3.14287 306.259 378639 0 0 7.73805e+10 150 150 150 
3.21458 306.259 384157 0 0 7.65283e+10 150 150 150 
3.287 306.258 389668 0 0 7.56763e+10 150 150 150 
3.36015 306.258 395173 0 0 7.48246e+10 150 150 150 
3.43404 306.258 400669 0 0 7.39732e+10 150 150 150 
3.50866 306.258 406157 0 0 7.31223e+10 150 150 150 
3.58403 306.258 411637 0 0 7.22721e+10 150 150 150 
3.66016 306.257 417106 0 0 7.14225e+10 150 150 150 
3.73704 306.257 422564 0 0 7.05737e+10 150 150 150 
3.8147 306.257 428012 0 0 6.97259e+10 150 150 150 
3.89314 306.257 433448 0 0 6.88791e+10 150 150 150 
3.97236 306.256 438871 0 0 6.80335e+10 150 150 150 
4.05237 306.256 444280 0 0 6.71892e+10 150 150 150 
4.13319 306.256 449676 0 0 6.63462e+10 150 150 150 
4.21482 306.256 455057 0 0 6.55047e+10 150 150 150 
4.29726 306.255 460423 0 0 6.46648e+10 150 150 150 
4.38053 306.255 465772 0 0 6.38267e+10 150 150 150 
4.46463 306.255 471105 0 0 6.29904e+10 150 150 150 
4.54958 306.255 476420 0 0 6.21561e+10 150 150 150 
4.63538 306.254 481717 0 0 6.13239e+10 150 150 150 
4.72203 306.254 486995 0 0 6.04938e+10 150 150 150 
4.80956 306.254 492253 0 0 5.96661e+10 150 150 150 
4.89796 306.254 497491 0 0 5.88409e+10 150 150 150 
4.98724 306.253 502707 0 0 5.80181e+10 150 150 150 
5.07742 306.253 507902 0 0 5.71981e+10 150 150 150 
5.16851 306.253 513075 0 0 5.63809e+10 150 150 150 
5.2605 306.252 518224 0 0 5.55666e+10 150 150 150 
5.35342 306.252 523349 0 0 5.47554e+10 150 150 150 
5.44727 306.252 528450 0 0 5.39473e+10 150 150 150 
5.54206 306.251 533525 0 0 5.31426e+10 150 150 150 
5.63779 306.251 538574 0 0 5.23412e+10 150 150 150 
5.73449 306.251 543596 0 0 5.15434e+10 150 150 150 
5.83216 306.25 548591 0 0 5.07492e+10 150 150 150 
5.9308 306.25 553558 0 0 4.99588e+10 150 150 150 
6.03043 306.25 558496 0 0 4.91723e+10 150 150 150 
6.13106 306.249 563405 0 0 4.83898e+10 150 150 150 
6.2327 306.249 568283 0 0 4.76114e+10 150 150 150 
6.33535 306.248 573131 0 0 4.68373e+10 150 150 150 
6.43904 306.248 577947 0 0 4.60676e+10 150 150 150 
6.54376 306.248 582731 0 0 4.53023e+10 150 150 150 
6.64953 306.247 587482 0 0 4.45417e+10 150 150 150 
6.75636 306.247 592200 0 0 4.37857e+10 150 150 150 
6.86426 306.246 596884 0 0 4.30346e+10 150 150 150 
6.97324 306.246 601533 0 0 4.22885e+10 150 150 150 
7.08331 306.245 606147 0 0 4.15474e+10 150 150 150 
7.19449 306.245 610724 0 0 4.08115e+10 150 150 150 
7.30678 306.245 615266 0 0 4.00809e+10 150 150 150 
7.42019 306.244 619770 0 0 3.93556e+10 150 150 150 
7.53474 306.244 624237 0 0 3.86359e+10 150 150 150 
7.65044 306.243 628665 0 0 3.79218e+10 150 150 150 
7.76729 306.243 633055 0 0 3.72133e+10 150 150 150 
7.88532 306.242 637406 0 0 3.65107e+10 150 150 150 
8.00453 306.242 641716 0 0 3.5814e+10 150 150 150 
8.12493 306.241 645986 0 0 3.51233e+10 150 150 150 
8.24654 306.241 650216 0 0 3.44388e+10 150 150 150 
8.36937 306.24 654404 0 0 3.37604e+10 150 150 150 
8.49343 306.239 658550 0 0 3.30883e+10 150 150 150 
8.61872 306.239 662654 0 0 3.24226e+10 150 150 150 
8.74528 306.238 666716 0 0 3.17634e+10 150 150 150 
8.8731 306.238 670734 0 0 3.11108e+10 150 150 150 
9.0022 306.237 674708 0 0 3.04648e+10 150 150 150 
9.1326 306.237 678639 0 0 2.98255e+10 150 150 150 
9.2643 306.236 682525 0 0 2.9193e+10 150 150 150 
9.39732 306.235 686366 0 0 2.85675e+10 150 150 150 
9.53168 306.235 690163 0 0 2.79489e+10 150 150 150 
9.66738 306.234 693914 0 0 2.73373e+10 150 150 150 
9.80443 306.234 697619 0 0 2.67328e+10 150 150 150 
9.94287 306.233 701278 0 0 2.61355e+10 150 150 150 
10.0827 306.232 704891 0 0 2.55454e+10 150 150 150 
10.2239 306.232 708457 0 0 2.49626e+10 150 150 150 
10.3665 306.231 711976 0 0 2.43872e+10 150 150 150 
10.5106 306.23 715448 0 0 2.38192e+10 150 150 150 
10.6561 306.23 718873 0 0 2.32586e+10 150 150 150 
10.8031 306.229 722250 0 0 2.27055e+10 150 150 150 
10.9515 306.228 725580 0 0 2.216e+10 150 150 150 
11.1014 306.227 728861 0 0 2.16221e+10 150 150 150 
11.2528 306.227 732095 0 0 2.10917e+10 150 150 150 
11.4058 306.226 735280 0 0 2.05691e+10 150 150 150 
11.5602 306.225 738418 0 0 2.00541e+10 150 150 150 
11.7163 306.224 741507 0 0 1.95469e+10 150 150 150 
11.8738 306.224 744547 0 0 1.90474e+10 150 150 150 
12.033 306.223 747540 0 0 1.85557e+10 150 150 150 
12.1938 306.222 750483 0 0 1.80718e+10 150 150 150 
12.3561 306.221 753379 0 0 1.75957e+10 150 150 150 
12.5201 306.22 756226 0 0 1.71274e+10 150 150 150 
12.6857 306.22 759024 0 0 1.66669e+10 150 150 150 
12.853 306.219 761774 0 0 1.62143e+10 150 150 150 
13.022 306.218 764476 0 0 1.57695e+10 150 150 150 
13.1927 306.217 767130 0 0 1.53325e+10 150 150 150 
13.365 306.216 769736 0 0 1.49033e+10 150 150 150 
13.5391 306.215 772293 0 0 1.4482e+10 150 150 150 
13.715 306.214 774803 0 0 1.40685e+10 150 150 150 
13.8926 306.213 777266 0 0 1.36627e+10 150 150 150 
14.0719 306.212 779681 0 0 1.32647e+10 150 150 150 
14.2531 306.211 782048 0 0 1.28744e+10 150 150 150 
14.4361 306.211 784369 0 0 1.24919e+10 150 150 150 
14.6209 306.21 786643 0 0 1.21171e+10 150 150 150 
14.8076 306.209 788871 0 0 1.17499e+10 150 150 150 
14.9962 306.208 791052 0 0 1.13903e+10 150 150 150 
15.1866 306.207 793187 0 0 1.10383e+10 150 150 150 
15.3789 306.206 795277 0 0 1.06938e+10 150 150 150 
15.5732 306.205 797322 0 0 1.03569e+10 150 150 150 
15.7694 306.203 799321 0 0 1.00273e+10 150 150 150 
15.9676 306.202 801277 0 0 9.70521e+09 150 150 150 
16.1678 306.201 803188 0 0 9.39041e+09 150 150 150 
16.3699 306.2 805055 0 0 9.0829e+09 150 150 150 
16.5741 306.199 806879 0 0 8.7826e+09 150 150 150 
16.7804 306.198 808660 0 0 8.48947e+09 150 150 150 
16.9887 306.197 810398 0 0 8.20342e+09 150 150 150 
17.1991 306.196 812095 0 0 7.9244e+09 150 150 150 
17.4115 306.195 813749 0 0 7.65233e+09 150 150 150 
17.6262 306.193 815363 0 0 7.38714e+09 150 150 150 
17.843 306.192 816936 0 0 7.12876e+09 150 150 150 
18.0619 306.191 818470 0 0 6.8771e+09 150 150 150 
18.283 306.19 819963 0 0 6.63209e+09 150 150 150 
18.5064 306.189 821418 0 0 6.39364e+09 150 150 150 
18.732 306.187 822834 0 0 6.16167e+09 150 150 150 
18.9598 306.186 824212 0 0 5.93609e+09 150 150 150 
19.19 306.185 825553 0 0 5.71682e+09 150 150 150 
19.4224 306.184 826857 0 0 5.50377e+09 150 150 150 
19.6572 306.182 828125 0 0 5.29684e+09 150 150 150 
19.8943 306.181 829357 0 0 5.09594e+09 150 150 150 
20.1338 306.18 830554 0 0 4.90098e+09 150 150 150 
20.3757 306.178 831716 0 0 4.71186e+09 150 150 150 
20.62 306.177 832845 0 0 4.52849e+09 150 150 150 
20.8668 306.176 833940 0 0 4.35076e+09 150 150 150 
21.116 306.174 835003 0 0 4.17858e+09 150 150 150 
21.3677 306.173 836034 0 0 4.01184e+09 150 150 150 
21.622 306.171 837033 0 0 3.85045e+09 150 150 150 
21.8788 306.17 838002 0 0 3.69431e+09 150 150 150 
22.1382 306.169 838941 0 0 3.5433e+09 150 150 150 
22.4001 306.167 839850 0 0 3.39734e+09 150 150 150 
22.6647 306.166 840730 0 0 3.2563e+09 150 150 150 
22.932 306.164 841582 0 0 3.1201e+09 150 150 150 
23.2019 306.163 842406 0 0 2.98863e+09 150 150 150 
23.4745 306.161 843204 0 0 2.86177e+09 150 150 150 
23.7499 306.16 843975 0 0 2.73944e+09 150 150 150 
24.028 306.158 844720 0 0 2.62152e+09 150 150 150 
24.3089 306.156 845441 0 0 2.50791e+09 150 150 150 
24.5926 306.155 846137 0 0 2.3985e+09 150 150 150 
24.8792 306.153 846809 0 0 2.29319e+09 150 150 150 
25.1686 306.152 847458 0 0 2.19189e+09 150 150 150 
25.4609 306.15 848084 0 0 2.09448e+09 150 150 150 
25.7562 306.148 848689 0 0 2.00086e+09 150 150 150 
26.0544 306.146 849272 0 0 1.91093e+09 150 150 150 
26.3556 306.145 849835 0 0 1.82459e+09 150 150 150 
26.6598 306.143 850377 0 0 1.74175e+09 150 150 150 
26.9671 306.141 850900 0 0 1.66229e+09 150 150 150 
27.2774 306.14 851404 0 0 1.58613e+09 150 150 150 
27.5908 306.138 851890 0 0 1.51316e+09 150 150 150 
27.9074 306.136 852358 0 0 1.4433e+09 150 150 150 
28.2272 306.134 852809 0 0 1.37644e+09 150 150 150 
28.5501 306.132 853243 0 0 1.31248e+09 150 150 150 
28.8763 306.13 853661 0 0 1.25135e+09 150 150 150 
29.2058 306.129 854064 0 0 1.19294e+09 150 150 150 
29.5386 306.127 854451 0 0 1.13717e+09 150 150 150 
29.8747 306.125 854824 0 0 1.08395e+09 150 150 150 
30.2141 306.123 855184 0 0 1.03318e+09 150 150 150 
30.557 306.121 855530 0 0 9.84799e+08 150 150 150 
30.9033 306.119 855863 0 0 9.38704e+08 150 150 150 
31.253 306.117 856183 0 0 8.9482e+08 150 150 150 
31.6063 306.115 856492 0 0 8.53063e+08 150 150 150 
31.9631 306.113 856789 0 0 8.13357e+08 150 150 150 
32.3235 306.111 857076 0 0 7.75623e+08 150 150 150 
32.6875 306.109 857352 0 0 7.39785e+08 150 150 150 
33.0551 306.107 857617 0 0 7.05769e+08 150 150 150 
33.4264 306.105 857873 0 0 6.73504e+08 150 150 150 
33.8015 306.102 858120 0 0 6.42918e+08 150 150 150 
34.1803 306.1 858358 0 0 6.13943e+08 150 150 150 
34.5629 306.098 858588 0 0 5.86512e+08 150 150 150 
34.9493 306.096 858810 0 0 5.6056e+08 150 150 150 
35.3396 306.094 859024 0 0 5.36023e+08 150 150 150 
35.7338 306.091 859230 0 0 5.12839e+08 150 150 150 
36.1319 306.089 859430 0 0 4.9095e+08 150 150 150 
36.5341 306.087 859623 0 0 4.70296e+08 150 150 150 
36.9402 306.084 859810 0 0 4.50822e+08 150 150 150 
37.3505 306.082 859992 0 0 4.32473e+08 150 150 150 
37.7648 306.08 860167 0 0 4.15195e+08 150 150 150 
38.1833 306.077 860338 0 0 3.98939e+08 150 150 150 
38.606 306.075 860503 0 0 3.83654e+08 150 150 150 
39.0329 306.072 860664 0 0 3.69294e+08 150 150 150 
39.4641 306.07 860820 0 0 3.55811e+08 150 150 150 
39.8996 306.067 860972 0 0 3.43162e+08 150 150 150 
40.3395 306.065 861121 0 0 3.31305e+08 150 150 150 
40.7838 306.062 861265 0 0 3.20197e+08 150 150 150 
41.2325 306.06 861407 0 0 3.098e+08 150 150 150 
41.6857 306.057 861545 0 0 3.00075e+08 150 150 150 
42.1435 306.055 861680 0 0 2.90986e+08 150 150 150 
42.6058 306.052 861813 0 0 2.82499e+08 150 150 150 
43.0728 306.049 861943 0 0 2.74579e+08 150 150 150 
43.5445 306.046 862071 0 0 2.67195e+08 150 150 150 
44.0209 306.044 862196 0 0 2.60315e+08 150 150 150 
44.502 306.041 862320 0 0 2.53912e+08 150 150 150 
44.988 306.038 862442 0 0 2.47956e+08 150 150 150 
45.4788 306.035 862562 0 0 2.42422e+08 150 150 150 
45.9746 306.033 862681 0 0 2.37283e+08 150 150 150 
46.4753 306.03 862799 0 0 2.32515e+08 150 150 150 
46.9811 306.027 862915 0 0 2.28096e+08 150 150 150 
47.4919 306.024 863031 0 0 2.24003e+08 150 150 150 
48.0078 306.021 863145 0 0 2.20216e+08 150 150 150 
48.5289 306.018 863259 0 0 2.16715e+08 150 150 150 
49.0552 306.015 863372 0 0 2.13481e+08 150 150 150 
49.5868 306.012 863485 0 0 2.10497e+08 150 150 150 
50.1237 306.009 863597 0 0 2.07746e+08 150 150 150 
50.6659 306.006 863709 0 0 2.05211e+08 150 150 150 
51.2137 306.002 863821 0 0 2.02879e+08 150 150 150 
51.7669 305.999 863933 0 0 2.00735e+08 150 150 150 
52.3256 305.996 864044 0 0 1.98765e+08 150 150 150 
52.8899 305.993 864156 0 0 1.96958e+08 150 150 150 
53.4599 305.989 864268 0 0 1.95301e+08 150 150 150 
54.0356 305.986 864380 0 0 1.93784e+08 150 150 150 
54.6171 305.983 864492 0 0 1.92395e+08 150 150 150 
55.2044 305.979 864605 0 0 1.91126e+08 150 150 150 
55.7976 305.976 864718 0 0 1.89968e+08 150 150 150 
56.3967 305.972 864831 0 0 1.88911e+08 150 150 150 
57.0018 305.969 864945 0 0 1.87948e+08 150 150 150 
57.613 305.965 865060 0 0 1.87071e+08 150 150 150 
58.2303 305.962 865175 0 0 1.86274e+08 150 150 150 
58.8538 305.958 865291 0 0 1.8555e+08 150 150 150 
59.4835 305.955 865408 0 0 1.84893e+08 150 150 150 
60.1195 305.951 865525 0 0 1.84297e+08 150 150 150 
60.7619 305.947 865643 0 0 1.83758e+08 150 150 150 
61.4108 305.944 865762 0 0 1.83271e+08 150 150 150 
62.0661 305.94 865882 0 0 1.8283e+08 150 150 150 
62.728 305.936 866003 0 0 1.82433e+08 150 150 150 
63.3965 305.932 866125 0 0 1.82075e+08 150 150 150 
64.0718 305.928 866248 0 0 1.81752e+08 150 150 150 
64.7538 305.924 866372 0 0 1.81463e+08 150 150 150 
65.4426 305.92 866497 0 0 1.81202e+08 150 150 150 
66.1383 305.916 866623 0 0 1.80969e+08 150 150 150 
66.841 305.912 866750 0 0 1.80759e+08 150 150 150 
67.5507 305.908 866878 0 0 1.80572e+08 150 150 150 
68.2676 305.904 867007 0 0 1.80405e+08 150 150 150 
68.9916 305.9 867138 0 0 1.80255e+08 150 150 150 
69.7229 305.896 867270 0 0 1.80122e+08 150 150 150 
70.4615 305.891 867403 0 0 1.80004e+08 150 150 150 
71.2075 305.887 867537 0 0 1.79898e+08 150 150 150 
71.9609 305.883 867673 0 0 1.79804e+08 150 150 150 
72.7219 305.878 867809 0 0 1.79721e+08 150 150 150 
73.4906 305.874 867948 0 0 1.79648e+08 150 150 150 
74.2669 305.869 868087 0 0 1.79583e+08 150 150 150 
75.051 305.865 868228 0 0 1.79525e+08 150 150 150 
75.843 305.86 868370 0 0 1.79475e+08 150 150 150 
76.6429 305.856 868513 0 0 1.7943e+08 150 150 150 
77.4508 305.851 868658 0 0 1.79391e+08 150 150 150 
78.2668 305.846 868805 0 0 1.79356e+08 150 150 150 
79.091 305.841 868953 0 0 1.79326e+08 150 150 150 
79.9234 305.837 869102 0 0 1.79299e+08 150 150 150 
80.7642 305.832 869253 0 0 1.79276e+08 150 150 150 
81.6134 305.827 869405 0 0 1.79256e+08 150 150 150 
82.4711 305.822 869559 0 0 1.79238e+08 150 150 150 
83.3373 305.817 869714 0 0 1.79223e+08 150 150 150 
84.2123 305.812 869871 0 0 1.79209e+08 150 150 150 
85.096 305.807 870029 0 0 1.79198e+08 150 150 150 
85.9886 305.801 870189 0 0 1.79188e+08 150 150 150 
86.8901 305.796 870351 0 0 1.79179e+08 150 150 150 
87.8007 305.791 870514 0 0 1.79172e+08 150 150 150 
88.7204 305.785 870678 0 0 1.79165e+08 150 150 150 
89.6492 305.78 870845 0 0 1.7916e+08 150 150 150 
90.5874 305.775 871013 0 0 1.79155e+08 150 150 150 
91.535 305.769 871183 0 0 1.79151e+08 150 150 150 
92.4921 305.764 871354 0 0 1.79147e+08 150 150 150 
93.4587 305.758 871527 0 0 1.79144e+08 150 150 150 
94.4351 305.752 871702 0 0 1.79141e+08 150 150 150 
95.4212 305.747 871879 0 0 1.79139e+08 150 150 150 
96.4172 305.741 872057 0 0 1.79137e+08 150 150 150 
97.4232 305.735 872238 0 0 1.79136e+08 150 150 150 
98.4392 305.729 872420 0 0 1.79134e+08 150 150 150 
99.4655 305.723 872603 0 0 1.79133e+08 150 150 150 
100.502 305.717 872789 0 0 1.79132e+08 150 150 150 
101.549 305.711 872977 0 0 1.79132e+08 150 150 150 
102.606 305.705 873166 0 0 1.79131e+08 150 150 150 
103.674 305.699 873357 0 0 1.7913e+08 150 150 150 
104.753 305.692 873551 0 0 1.7913e+08 150 150 150 
105.842 305.686 873746 0 0 1.79129e+08 150 150 150 
106.943 305.68 873943 0 0 1.79129e+08 150 150 150 
108.054 305.673 874142 0 0 1.79129e+08 150 150 150 
109.177 305.667 874343 0 0 1.79129e+08 150 150 150 
110.31 305.66 874546 0 0 1.79128e+08 150 150 150 
111.456 305.653 874751 0 0 1.79128e+08 150 150 150 
112.612 305.646 874958 0 0 1.79128e+08 150 150 150 
113.78 305.64 875168 0 0 1.79128e+08 150 150 150 
114.96 305.633 875379 0 0 1.79128e+08 150 150 150 
116.152 305.626 875593 0 0 1.79128e+08 150 150 150 
117.356 305.619 875808 0 0 1.79128e+08 150 150 150 
118.571 305.612 876026 0 0 1.79128e+08 150 150 150 
119.799 305.605 876246 0 0 1.79128e+08 150 150 150 
121.039 305.597 876468 0 0 1.79128e+08 150 150 150 
122.292 305.59 876692 0 0 1.79128e+08 150 150 150 
123.557 305.583 876919 0 0 1.79128e+08 150 150 150 
124.835 305.575 877148 0 0 1.79128e+08 150 150 150 
126.126 305.568 877379 0 0 1.79128e+08 150 150 150 
127.429 305.56 877613 0 0 1.79128e+08 150 150 150 
128.746 305.552 877848 0 0 1.79128e+08 150 150 150 
130.076 305.544 878087 0 0 1.79128e+08 150 150 150 
131.419 305.537 878327 0 0 1.79128e+08 150 150 150 
132.775 305.529 878570 0 0 1.79128e+08 150 150 150 
134.145 305.521 878816 0 0 1.79128e+08 150 150 150 
135.529 305.512 879064 0 0 1.79128e+08 150 150 150 
136.927 305.504 879314 0 0 1.79128e+08 150 150 150 
138.339 305.496 879567 0 0 1.79128e+08 150 150 150 
139.765 305.488 879822 0 0 1.79128e+08 150 150 150 
141.205 305.479 880080 0 0 1.79128e+08 150 150 150 
142.659 305.471 880341 0 0 1.79128e+08 150 150 150 
144.128 305.462 880604 0 0 1.79128e+08 150 150 150 
145.612 305.453 880870 0 0 1.79128e+08 150 150 150 
147.111 305.445 881138 0 0 1.79128e+08 150 150 150 
148.625 305.436 881409 0 0 1.79128e+08 150 150 150 
150.154 305.427 881683 0 0 1.79128e+08 150 150 150 
151.698 305.418 881960 0 0 1.79128e+08 150 150 150 
153.258 305.408 882239 0 0 1.79128e+08 150 150 150 
154.833 305.399 882522 0 0 1.79128e+08 150 150 150 
156.424 305.39 882807 0 0 1.79128e+08 150 150 150 
158.031 305.38 883094 0 0 1.79128e+08 150 150 150 
159.654 305.371 883385 0 0 1.79128e+08 150 150 150 
161.294 305.361 883679 0 0 1.79128e+08 150 150 150 
162.949 305.351 883975 0 0 1.79128e+08 150 150 150 
164.622 305.341 884275 0 0 1.79128e+08 150 150 150 
166.311 305.332 884578 0 0 1.79128e+08 150 150 150 
168.017 305.321 884883 0 0 1.79128e+08 150 150 150 
169.74 305.311 885192 0 0 1.79128e+08 150 150 150 
171.481 305.301 885504 0 0 1.79128e+08 150 150 150 
173.238 305.291 885819 0 0 1.79128e+08 150 150 150 
175.014 305.28 886137 0 0 1.79128e+08 150 150 150 
176.807 305.27 886458 0 0 1.79128e+08 150 150 150 
178.618 305.259 886782 0 0 1.79128e+08 150 150 150 
180.448 305.248 887110 0 0 1.79128e+08 150 150 150 
182.295 305.237 887441 0 0 1.79128e+08 150 150 150 
184.161 305.226 887775 0 0 1.79128e+08 150 150 150 
186.046 305.215 888113 0 0 1.79128e+08 150 150 150 
187.95 305.204 888454 0 0 1.79128e+08 150 150 150 
189.873 305.192 888798 0 0 1.79128e+08 150 150 150 
191.815 305.181 889146 0 0 1.79128e+08 150 150 150 
193.776 305.169 889498 0 0 1.79128e+08 150 150 150 
195.757 305.157 889852 0 0 1.79128e+08 150 150 150 
197.758 305.145 890211 0 0 1.79128e+08 150 150 150 
199.78 305.133 890573 0 0 1.79128e+08 150 150 150 
201.821 305.121 890939 0 0 1.79128e+08 150 150 150 
203.883 305.109 891308 0 0 1.79128e+08 150 150 150 
205.965 305.097 891681 0 0 1.79128e+08 150 150 150 
208.068 305.084 892058 0 0 1.79128e+08 150 150 150 
210.193 305.072 892438 0 0 1.79128e+08 150 150 150 
212.338 305.059 892823 0 0 1.79128e+08 150 150 150 
214.505 305.046 893211 0 0 1.79128e+08 150 150 150 
216.694 305.033 893603 0 0 1.79128e+08 150 150 150 
218.905 305.02 893999 0 0 1.79128e+08 150 150 150 
221.138 305.006 894399 0 0 1.79128e+08 150 150 150 
223.393 304.993 894803 0 0 1.79128e+08 150 150 150 
225.671 304.979 895211 0 0 1.79128e+08 150 150 150 
227.971 304.966 895623 0 0 1.79128e+08 150 150 150 
230.295 304.952 896039 0 0 1.79128e+08 150 150 150 
232.642 304.938 896460 0 0 1.79128e+08 150 150 150 
235.012 304.924 896884 0 0 1.79128e+08 150 150 150 
237.406 304.909 897313 0 0 1.79128e+08 150 150 150 
239.825 304.895 897746 0 0 1.79128e+08 150 150 150 
242.267 304.88 898184 0 0 1.79128e+08 150 150 150 
244.734 304.865 898626 0 0 1.79128e+08 150 150 150 
247.226 304.85 899072 0 0 1.79128e+08 150 150 150 
249.742 304.835 899523 0 0 1.79128e+08 150 150 150 
252.284 304.82 899978 0 0 1.79128e+08 150 150 150 
254.851 304.805 900438 0 0 1.79128e+08 150 150 150 
257.444 304.789 900902 0 0 1.79128e+08 150 150 150 
260.063 304.773 901372 0 0 1.79128e+08 150 150 150 
262.708 304.758 901845 0 0 1.79128e+08 150 150 150 
265.379 304.741 902324 0 0 1.79128e+08 150 150 150 
268.078 304.725 902807 0 0 1.79128e+08 150 150 150 
270.803 304.709 903296 0 0 1.79128e+08 150 150 150 
273.556 304.692 903789 0 0 1.79128e+08 150 150 150 
276.336 304.675 904287 0 0 1.79128e+08 150 150 150 
279.144 304.659 904790 0 0 1.79128e+08 150 150 150 
281.98 304.641 905298 0 0 1.79128e+08 150 150 150 
284.845 304.624 905811 0 0 1.79128e+08 150 150 150 
287.739 304.607 906329 0 0 1.79128e+08 150 150 150 
290.661 304.589 906853 0 0 1.79128e+08 150 150 150 
293.612 304.571 907381 0 0 1.79128e+08 150 150 150 
296.594 304.553 907915 0 0 1.79128e+08 150 150 150 
299.605 304.535 908455 0 0 1.79128e+08 150 150 150 
302.646 304.516 909000 0 0 1.79128e+08 150 150 150 
305.717 304.498 909550 0 0 1.79128e+08 150 150 150 
308.82 304.479 910106 0 0 1.79128e+08 150 150 150 
311.953 304.46 910667 0 0 1.79128e+08 150 150 150 
315.118 304.441 911234 0 0 1.79128e+08 150 150 150 
318.315 304.421 911806 0 0 1.79128e+08 150 150 150 
321.543 304.402 912385 0 0 1.79128e+08 150 150 150 
324.804 304.382 912969 0 0 1.79128e+08 150 150 150 
328.098 304.362 913559 0 0 1.79128e+08 150 150 150 
331.424 304.342 914155 0 0 1.79128e+08 150 150 150 
334.784 304.321 914757 0 0 1.79128e+08 150 150 150 
338.178 304.3 915364 0 0 1.79128e+08 150 150 150 
341.605 304.279 915978 0 0 1.79128e+08 150 150 150 
345.067 304.258 916599 0 0 1.79128e+08 150 150 150 
348.564 304.237 917225 0 0 1.79128e+08 150 150 150 
352.095 304.215 917858 0 0 1.79128e+08 150 150 150 
355.662 304.193 918496 0 0 1.79128e+08 150 150 150 
359.265 304.171 919142 0 0 1.79128e+08 150 150 150 
362.904 304.149 919794 0 0 1.79128e+08 150 150 150 
366.579 304.127 920452 0 0 1.79128e+08 150 150 150 
370.291 304.104 921117 0 0 1.79128e+08 150 150 150 
374.04 304.081 921789 0 0 1.79128e+08 150 150 150 
377.827 304.057 922467 0 0 1.79128e+08 150 150 150 
381.652 304.034 923152 0 0 1.79128e+08 150 150 150 
385.515 304.01 923844 0 0 1.79128e+08 150 150 150 
389.416 303.986 924543 0 0 1.79128e+08 150 150 150 
393.357 303.962 925249 0 0 1.79128e+08 150 150 150 
397.337 303.937 925962 0 0 1.79128e+08 150 150 150 
401.357 303.912 926682 0 0 1.79128e+08 150 150 150 
405.418 303.887 927409 0 0 1.79128e+08 150 150 150 
409.519 303.862 928144 0 0 1.79128e+08 150 150 150 
413.661 303.836 928886 0 0 1.79128e+08 150 150 150 
417.844 303.81 929635 0 0 1.79128e+08 150 150 150 
422.07 303.784 930392 0 0 1.79128e+08 150 150 150 
426.338 303.758 931157 0 0 1.79128e+08 150 150 150 
430.648 303.731 931929 0 0 1.79128e+08 150 150 150 
435.002 303.704 932709 0 0 1.79128e+08 150 150 150 
439.399 303.677 933497 0 0 1.79128e+08 150 150 150 
443.841 303.649 934292 0 0 1.79128e+08 150 150 150 
448.327 303.621 935096 0 0 1.79128e+08 150 150 150 
452.858 303.593 935907 0 0 1.79128e+08 150 150 150 
457.434 303.564 936727 0 0 1.79128e+08 150 150 150 
462.056 303.535 937555 0 0 1.79128e+08 150 150 150 
466.724 303.506 938391 0 0 1.79128e+08 150 150 150 
471.439 303.477 939236 0 0 1.79128e+08 150 150 150 
476.202 303.447 940089 0 0 1.79128e+08 150 150 150 
481.012 303.417 940951 0 0 1.79128e+08 150 150 150 
485.87 303.386 941821 0 0 1.79128e+08 150 150 150 
490.777 303.355 942700 0 0 1.79128e+08 150 150 150 
495.733 303.324 943588 0 0 1.79128e+08 150 150 150 
500.739 303.293 944484 0 0 1.79128e+08 150 150 150 
505.794 303.261 945390 0 0 1.79128e+08 150 150 150 
510.901 303.229 946305 0 0 1.79128e+08 150 150 150 
516.058 303.196 947229 0 0 1.79128e+08 150 150 150 
521.268 303.163 948162 0 0 1.79128e+08 150 150 150 
526.529 303.13 949104 0 0 1.79128e+08 150 150 150 
531.843 303.096 950056 0 0 1.79128e+08 150 150 150 
537.211 303.062 951018 0 0 1.79128e+08 150 150 150 
542.632 303.028 951989 0 0 1.79128e+08 150 150 150 
548.107 302.993 952970 0 0 1.79128e+08 150 150 150 
553.637 302.958 953960 0 0 1.79128e+08 150 150 150 
559.223 302.922 954961 0 0 1.79128e+08 150 150 150 
564.865 302.886 955971 0 0 1.79128e+08 150 150 150 
570.563 302.85 956992 0 0 1.79128e+08 150 150 150 
576.318 302.813 958023 0 0 1.79128e+08 150 150 150 
582.131 302.776 959064 0 0 1.79128e+08 150 150 150 
588.002 302.739 960116 0 0 1.79128e+08 150 150 150 
593.932 302.701 961178 0 0 1.79128e+08 150 150 150 
599.921 302.662 962251 0 0 1.79128e+08 150 150 150 
605.97 302.623 963335 0 0 1.79128e+08 150 150 150 
612.08 302.584 964429 0 0 1.79128e+08 150 150 150 
618.251 302.544 965535 0 0 1.79128e+08 150 150 150 
624.484 302.504 966651 0 0 1.79128e+08 150 150 150 
630.779 302.464 967779 0 0 1.79128e+08 150 150 150 
637.138 302.423 968918 0 0 1.79128e+08 150 150 150 
643.56 302.381 970068 0 0 1.79128e+08 150 150 150 
650.046 302.339 971230 0 0 1.79128e+08 150 150 150 
656.597 302.297 972404 0 0 1.79128e+08 150 150 150 
663.214 302.254 973589 0 0 1.79128e+08 150 150 150 
669.898 302.21 974786 0 0 1.79128e+08 150 150 150 
676.648 302.166 975995 0 0 1.79128e+08 150 150 150 
683.465 302.122 977217 0 0 1.79128e+08 150 150 150 
690.352 302.077 978450 0 0 1.79128e+08 150 150 150 
697.307 302.032 979696 0 0 1.79128e+08 150 150 150 
704.331 301.986 980954 0 0 1.79128e+08 150 150 150 
711.426 301.939 982225 0 0 1.79128e+08 150 150 150 
718.592 301.892 983509 0 0 1.79128e+08 150 150 150 
725.83 301.845 984805 0 0 1.79128e+08 150 150 150 
733.141 301.797 986115 0 0 1.79128e+08 150 150 150 
740.524 301.748 987438 0 0 1.79128e+08 150 150 150 
747.982 301.699 988773 0 0 1.79128e+08 150 150 150 
755.514 301.65 990123 0 0 1.79128e+08 150 150 150 
763.122 301.599 991486 0 0 1.79128e+08 150 150 150 
770.806 301.549 992862 0 0 1.79128e+08 150 150 150 
778.567 301.497 994252 0 0 1.79128e+08 150 150 150 
786.406 301.445 995656 0 0 1.79128e+08 150 150 150 
794.323 301.393 997075 0 0 1.79128e+08 150 150 150 
802.319 301.339 998507 0 0 1.79128e+08 150 150 150 
810.396 301.286 999954 0 0 1.79128e+08 150 150 150 
818.553 301.231 1.00142e+06 0 0 1.79128e+08 150 150 150 
826.792 301.176 1.00289e+06 0 0 1.79128e+08 150 150 150 
835.114 301.12 1.00438e+06 0 0 1.79128e+08 150 150 150 
843.519 301.064 1.00589e+06 0 0 1.79128e+08 150 150 150 
852.008 301.007 1.00741e+06 0 0 1.79128e+08 150 150 150 
860.582 300.949 1.00894e+06 0 0 1.79128e+08 150 150 150 
869.243 300.891 1.0105e+06 0 0 1.79128e+08 150 150 150 
877.989 300.832 1.01206e+06 0 0 1.79128e+08 150 150 150 
886.824 300.773 1.01364e+06 0 0 1.79128e+08 150 150 150 
895.747 300.712 1.01524e+06 0 0 1.79128e+08 150 150 150 
904.759 300.651 1.01686e+06 0 0 1.79128e+08 150 150 150 
913.862 300.589 1.01849e+06 0 0 1.79128e+08 150 150 150 
923.056 300.527 1.02013e+06 0 0 1.79128e+08 150 150 150 
932.342 300.464 1.0218e+06 0 0 1.79128e+08 150 150 150 
941.721 300.4 1.02348e+06 0 0 1.79128e+08 150 150 150 
951.193 300.335 1.02518e+06 0 0 1.79128e+08 150 150 150 
960.761 300.27 1.02689e+06 0 0 1.79128e+08 150 150 150 
970.425 300.203 1.02862e+06 0 0 1.79128e+08 150 150 150 
980.185 300.136 1.03037e+06 0 0 1.79128e+08 150 150 150 
990.043 300.069 1.03213e+06 0 0 1.79128e+08 150 150 150 
1000 300 1.03302e+06 0 0 1.79128e+08 150 150 150 
