# ASCII 1D datafile generated by TiberCAD
# 1 x
# 2 Ec
# 3 Ev
# 4 eQFermi
# 5 hQFermi
# 6 eDensity
# 7 hDensity
# 8 eMobility
# 9 hMobility
# 10 ElField_x
# 11 ElField_y
# 12 ElField_z
# 13 Polarization_x
# 14 Polarization_y
# 15 Polarization_z
# 16 CurrentDensity_x
# 17 CurrentDensity_y
# 18 CurrentDensity_z
# x Ec Ev eQFermi hQFermi eDensity hDensity eMobility hMobility ElField_x ElField_y ElField_z Polarization_x Polarization_y Polarization_z CurrentDensity_x CurrentDensity_y CurrentDensity_z 
-200 0.0798784 -1.81677 0 -1.59928 8.06845e+17 3.69506e+15 3350.83 145.842 -1670.51 0 0 0 0 0 -569920 0 0 
-195.026 0.0790475 -1.8176 -0.000645274 -1.62059 8.12613e+17 8.15954e+15 3350.83 145.842 -1623.14 0 0 0 0 0 -569920 0 0 
-190.163 0.0782806 -1.81837 -0.00127229 -1.63261 8.16989e+17 1.26107e+16 3350.83 145.842 -1558.67 0 0 0 0 0 -569920 0 0 
-185.406 0.0775477 -1.8191 -0.00188225 -1.64101 8.20852e+17 1.69582e+16 3350.83 145.842 -1532.59 0 0 0 0 0 -569920 0 0 
-180.755 0.0768387 -1.81981 -0.00247587 -1.6475 8.24496e+17 2.12064e+16 3350.83 145.842 -1519.77 0 0 0 0 0 -569920 0 0 
-176.207 0.0761495 -1.8205 -0.00305369 -1.65283 8.28026e+17 2.53733e+16 3350.83 145.842 -1512.15 0 0 0 0 0 -569920 0 0 
-171.759 0.0754783 -1.82117 -0.00361619 -1.65738 8.31489e+17 2.94778e+16 3350.83 145.842 -1507.02 0 0 0 0 0 -569920 0 0 
-167.41 0.0748237 -1.82182 -0.00416377 -1.66137 8.34909e+17 3.35377e+16 3350.83 145.842 -1503.39 0 0 0 0 0 -569920 0 0 
-163.156 0.0741849 -1.82246 -0.00469686 -1.66494 8.38302e+17 3.75682e+16 3350.83 145.842 -1500.86 0 0 0 0 0 -569920 0 0 
-158.997 0.0735611 -1.82309 -0.00521584 -1.66819 8.41681e+17 4.15827e+16 3350.83 145.842 -1499.22 0 0 0 0 0 -569920 0 0 
-154.93 0.0729516 -1.8237 -0.00572108 -1.67119 8.45056e+17 4.55922e+16 3350.83 145.842 -1498.36 0 0 0 0 0 -569920 0 0 
-150.952 0.0723557 -1.82429 -0.00621293 -1.67396 8.48435e+17 4.96064e+16 3350.83 145.842 -1498.17 0 0 0 0 0 -569920 0 0 
-147.063 0.071773 -1.82488 -0.00669174 -1.67657 8.51825e+17 5.36331e+16 3350.83 145.842 -1498.57 0 0 0 0 0 -569920 0 0 
-143.26 0.0712029 -1.82545 -0.00715785 -1.67902 8.55231e+17 5.76787e+16 3350.83 145.842 -1499.49 0 0 0 0 0 -569920 0 0 
-139.54 0.0706449 -1.826 -0.00761156 -1.68134 8.58657e+17 6.17485e+16 3350.83 145.842 -1500.88 0 0 0 0 0 -569920 0 0 
-135.903 0.0700987 -1.82655 -0.0080532 -1.68355 8.62108e+17 6.58469e+16 3350.83 145.842 -1502.69 0 0 0 0 0 -569920 0 0 
-132.346 0.0695639 -1.82708 -0.00848308 -1.68566 8.65586e+17 6.9977e+16 3350.83 145.842 -1504.86 0 0 0 0 0 -569920 0 0 
-128.868 0.0690401 -1.82761 -0.00890148 -1.68768 8.69093e+17 7.41414e+16 3350.83 145.842 -1507.35 0 0 0 0 0 -569920 0 0 
-125.467 0.068527 -1.82812 -0.00930871 -1.68962 8.72631e+17 7.83418e+16 3350.83 145.842 -1510.13 0 0 0 0 0 -569920 0 0 
-122.14 0.0680242 -1.82862 -0.00970503 -1.69149 8.76201e+17 8.25794e+16 3350.83 145.842 -1513.16 0 0 0 0 0 -569920 0 0 
-118.888 0.0675315 -1.82912 -0.0100907 -1.69329 8.79804e+17 8.68547e+16 3350.83 145.842 -1516.41 0 0 0 0 0 -569920 0 0 
-115.707 0.0670487 -1.8296 -0.0104661 -1.69503 8.83439e+17 9.11679e+16 3350.83 145.842 -1519.85 0 0 0 0 0 -569920 0 0 
-112.597 0.0665754 -1.83007 -0.0108314 -1.69671 8.87106e+17 9.55187e+16 3350.83 145.842 -1523.46 0 0 0 0 0 -569920 0 0 
-109.555 0.0661115 -1.83054 -0.0111868 -1.69834 8.90805e+17 9.99062e+16 3350.83 145.842 -1527.22 0 0 0 0 0 -569920 0 0 
-106.581 0.0656566 -1.83099 -0.0115327 -1.69991 8.94535e+17 1.0433e+17 3350.83 145.842 -1531.1 0 0 0 0 0 -569920 0 0 
-103.672 0.0652107 -1.83144 -0.0118692 -1.70144 8.98295e+17 1.08788e+17 3350.83 145.842 -1535.09 0 0 0 0 0 -569920 0 0 
-100.828 0.0647735 -1.83187 -0.0121967 -1.70293 9.02083e+17 1.13279e+17 3350.83 145.842 -1539.16 0 0 0 0 0 -569920 0 0 
-98.0464 0.0643449 -1.8323 -0.0125153 -1.70437 9.05899e+17 1.17801e+17 3350.83 145.842 -1543.31 0 0 0 0 0 -569920 0 0 
-95.3264 0.0639245 -1.83272 -0.0128253 -1.70577 9.0974e+17 1.22353e+17 3350.83 145.842 -1547.51 0 0 0 0 0 -569920 0 0 
-92.6665 0.0635124 -1.83314 -0.0131269 -1.70714 9.13605e+17 1.26932e+17 3350.83 145.842 -1551.76 0 0 0 0 0 -569920 0 0 
-90.0655 0.0631082 -1.83354 -0.0134203 -1.70847 9.17493e+17 1.31536e+17 3350.83 145.842 -1556.04 0 0 0 0 0 -569920 0 0 
-87.5219 0.0627119 -1.83394 -0.0137058 -1.70976 9.214e+17 1.36163e+17 3350.83 145.842 -1560.34 0 0 0 0 0 -569920 0 0 
-85.0346 0.0623232 -1.83433 -0.0139835 -1.71102 9.25326e+17 1.40811e+17 3350.83 145.842 -1564.66 0 0 0 0 0 -569920 0 0 
-82.6022 0.0619421 -1.83471 -0.0142537 -1.71224 9.29268e+17 1.45476e+17 3350.83 145.842 -1568.98 0 0 0 0 0 -569920 0 0 
-80.2236 0.0615684 -1.83508 -0.0145166 -1.71344 9.33224e+17 1.50157e+17 3350.83 145.842 -1573.29 0 0 0 0 0 -569920 0 0 
-77.8976 0.061202 -1.83545 -0.0147724 -1.7146 9.37192e+17 1.54852e+17 3350.83 145.842 -1577.6 0 0 0 0 0 -569920 0 0 
-75.6231 0.0608427 -1.83581 -0.0150212 -1.71574 9.4117e+17 1.59557e+17 3350.83 145.842 -1581.88 0 0 0 0 0 -569920 0 0 
-73.3988 0.0604903 -1.83616 -0.0152633 -1.71685 9.45156e+17 1.6427e+17 3350.83 145.842 -1586.14 0 0 0 0 0 -569920 0 0 
-71.2236 0.0601449 -1.8365 -0.0154988 -1.71793 9.49148e+17 1.68988e+17 3350.83 145.842 -1590.36 0 0 0 0 0 -569920 0 0 
-69.0966 0.0598061 -1.83684 -0.015728 -1.71898 9.53143e+17 1.7371e+17 3350.83 145.842 -1594.55 0 0 0 0 0 -569920 0 0 
-67.0165 0.059474 -1.83717 -0.0159509 -1.72001 9.57139e+17 1.78432e+17 3350.83 145.842 -1598.69 0 0 0 0 0 -569920 0 0 
-64.9825 0.0591484 -1.8375 -0.0161678 -1.72101 9.61135e+17 1.83152e+17 3350.83 145.842 -1602.78 0 0 0 0 0 -569920 0 0 
-62.9934 0.0588292 -1.83782 -0.0163788 -1.72199 9.65128e+17 1.87868e+17 3350.83 145.842 -1606.8 0 0 0 0 0 -569920 0 0 
-61.0483 0.0585163 -1.83813 -0.0165842 -1.72295 9.69116e+17 1.92578e+17 3350.83 145.842 -1610.75 0 0 0 0 0 -569920 0 0 
-59.1461 0.0582096 -1.83844 -0.0167839 -1.72388 9.73097e+17 1.97279e+17 3350.83 145.842 -1614.6 0 0 0 0 0 -569920 0 0 
-57.2861 0.0579089 -1.83874 -0.0169783 -1.72479 9.77068e+17 2.01969e+17 3350.83 145.842 -1618.32 0 0 0 0 0 -569920 0 0 
-55.4671 0.0576142 -1.83903 -0.0171675 -1.72568 9.81028e+17 2.06646e+17 3350.83 145.842 -1621.86 0 0 0 0 0 -569920 0 0 
-53.6883 0.0573254 -1.83932 -0.0173515 -1.72655 9.84972e+17 2.11308e+17 3350.83 145.842 -1625.15 0 0 0 0 0 -569920 0 0 
-51.9489 0.0570424 -1.83961 -0.0175307 -1.7274 9.88899e+17 2.15953e+17 3350.83 145.842 -1628.07 0 0 0 0 0 -569920 0 0 
-50.2479 0.0567653 -1.83988 -0.017705 -1.72822 9.92804e+17 2.2058e+17 3350.83 145.842 -1630.46 0 0 0 0 0 -569920 0 0 
-48.5846 0.0564939 -1.84015 -0.0178746 -1.72903 9.96682e+17 2.25188e+17 3350.83 145.842 -1632.05 0 0 0 0 0 -569920 0 0 
-46.9579 0.0562283 -1.84042 -0.0180397 -1.72982 1.00053e+18 2.29776e+17 3350.83 145.842 -1632.44 0 0 0 0 0 -569920 0 0 
-45.3673 0.0559687 -1.84068 -0.0182004 -1.73059 1.00433e+18 2.34345e+17 3350.83 145.842 -1631.04 0 0 0 0 0 -569920 0 0 
-43.8118 0.0557152 -1.84093 -0.0183568 -1.73135 1.00807e+18 2.38895e+17 3350.83 145.842 -1626.98 0 0 0 0 0 -569920 0 0 
-42.2907 0.0554681 -1.84118 -0.018509 -1.73208 1.01174e+18 2.43429e+17 3350.83 145.842 -1618.95 0 0 0 0 0 -569920 0 0 
-40.8032 0.0552281 -1.84142 -0.0186572 -1.7328 1.0153e+18 2.47952e+17 3350.83 145.842 -1605.08 0 0 0 0 0 -569920 0 0 
-39.3486 0.0549958 -1.84165 -0.0188016 -1.7335 1.01873e+18 2.52471e+17 3350.83 145.842 -1582.64 0 0 0 0 0 -569920 0 0 
-37.9262 0.0547727 -1.84188 -0.0189421 -1.73419 1.02196e+18 2.56999e+17 3350.83 145.842 -1547.74 0 0 0 0 0 -569920 0 0 
-36.5352 0.0545603 -1.84209 -0.019079 -1.73486 1.02492e+18 2.61554e+17 3350.83 145.842 -1494.82 0 0 0 0 0 -569920 0 0 
-35.1749 0.0543612 -1.84229 -0.0192124 -1.73551 1.0275e+18 2.66163e+17 3350.83 145.842 -1416.1 0 0 0 0 0 -569920 0 0 
-33.8447 0.054179 -1.84247 -0.0193425 -1.73615 1.02955e+18 2.70864e+17 3350.83 145.842 -1300.65 0 0 0 0 0 -569920 0 0 
-32.5439 0.0540186 -1.84263 -0.0194693 -1.73677 1.03088e+18 2.75713e+17 3350.83 145.842 -1133.38 0 0 0 0 0 -569920 0 0 
-31.2719 0.0538868 -1.84276 -0.0195932 -1.73737 1.03119e+18 2.80787e+17 3350.83 145.842 -893.53 0 0 0 0 0 -569920 0 0 
-30.028 0.053793 -1.84286 -0.0197142 -1.73796 1.03011e+18 2.86196e+17 3350.83 145.842 -552.879 0 0 0 0 0 -569920 0 0 
-28.8116 0.0537497 -1.8429 -0.0198328 -1.73854 1.02715e+18 2.92093e+17 3350.83 145.842 -73.3617 0 0 0 0 0 -569920 0 0 
-27.6221 0.0537738 -1.84287 -0.019949 -1.7391 1.02164e+18 2.9869e+17 3350.83 145.842 595.831 0 0 0 0 0 -569920 0 0 
-26.4588 0.0538879 -1.84276 -0.0200635 -1.73963 1.01274e+18 3.06282e+17 3350.83 145.842 1521.8 0 0 0 0 0 -569920 0 0 
-25.3213 0.0541212 -1.84253 -0.0201765 -1.74015 9.99389e+17 3.15277e+17 3350.83 145.842 2792.15 0 0 0 0 0 -569920 0 0 
-24.209 0.0545124 -1.84214 -0.0202888 -1.74065 9.80297e+17 3.26247e+17 3350.83 145.842 4519.71 0 0 0 0 0 -569920 0 0 
-23.1212 0.0551107 -1.84154 -0.020401 -1.74113 9.53959e+17 3.39992e+17 3350.83 145.842 6847.79 0 0 0 0 0 -569920 0 0 
-22.0574 0.0559793 -1.84067 -0.0205143 -1.74158 9.18721e+17 3.57652e+17 3350.83 145.842 9955.34 0 0 0 0 0 -569920 0 0 
-21.0172 0.057197 -1.83945 -0.02063 -1.742 8.72921e+17 3.80871e+17 3350.83 145.842 14062 0 0 0 0 0 -569920 0 0 
-20 0.0588617 -1.83779 -0.02075 -1.74239 8.15145e+17 4.12081e+17 3350.83 145.842 16365.7 0 0 0 0 0 -569920 0 0 
-20 0.0588617 -1.83779 -0.02075 -1.74239 8.15145e+17 4.12081e+17 6116.11 284.124 16416.9 0 0 0 0 0 -569920 0 0 
-19 0.0605034 -1.83614 -0.0208191 -1.74257 7.6333e+17 4.41941e+17 6116.11 284.124 14014 0 0 0 0 0 -569920 0 0 
-18 0.0616645 -1.83498 -0.0208922 -1.74274 7.27992e+17 4.65108e+17 6116.11 284.124 9646.68 0 0 0 0 0 -569920 0 0 
-17 0.0624328 -1.83422 -0.0209684 -1.74291 7.04757e+17 4.82036e+17 6116.11 284.124 6019.05 0 0 0 0 0 -569920 0 0 
-16 0.0628683 -1.83378 -0.0210465 -1.74307 6.90983e+17 4.93163e+17 6116.11 284.124 2879.18 0 0 0 0 0 -569920 0 0 
-15 0.0630086 -1.83364 -0.0211257 -1.74323 6.8518e+17 4.98821e+17 6116.11 284.124 1402.58 0 0 0 0 0 -569920 0 0 
-15 0.0630086 -1.83364 -0.0211257 -1.74323 6.8518e+17 4.98821e+17 6116.11 284.124 -1347.69 0 0 0 0 0 -569920 0 0 
-14.0223 0.0628768 -1.83377 -0.0212034 -1.74338 6.86694e+17 4.99449e+17 6116.11 284.124 -2713.79 0 0 0 0 0 -569920 0 0 
-13.1307 0.0625238 -1.83412 -0.0212738 -1.74352 6.94488e+17 4.96057e+17 6116.11 284.124 -5280.36 0 0 0 0 0 -569920 0 0 
-12.3175 0.0619964 -1.83465 -0.0213371 -1.74365 7.0759e+17 4.89793e+17 6116.11 284.124 -7807.35 0 0 0 0 0 -569920 0 0 
-11.5759 0.061328 -1.83532 -0.0213935 -1.74377 7.25548e+17 4.81713e+17 6116.11 284.124 -10364.4 0 0 0 0 0 -569920 0 0 
-10.8995 0.0605436 -1.8361 -0.0214436 -1.74388 7.48274e+17 4.72888e+17 6116.11 284.124 -12988.5 0 0 0 0 0 -569920 0 0 
-10.2827 0.0596641 -1.83698 -0.0214877 -1.74398 7.75998e+17 4.64492e+17 6116.11 284.124 -15694.7 0 0 0 0 0 -569920 0 0 
-9.72008 0.0587074 -1.83794 -0.0215264 -1.74408 8.09304e+17 4.5787e+17 6116.11 284.124 -18483.5 0 0 0 0 0 -569920 0 0 
-9.207 0.0576899 -1.83896 -0.0215601 -1.74417 8.49203e+17 4.54584e+17 6116.11 284.124 -21346.5 0 0 0 0 0 -569920 0 0 
-8.73906 0.0566264 -1.84002 -0.0215893 -1.74425 8.97264e+17 4.56461e+17 6116.11 284.124 -24271.2 0 0 0 0 0 -569920 0 0 
-8.3123 0.0555305 -1.84112 -0.0216144 -1.74432 9.55735e+17 4.65618e+17 6116.11 284.124 -27244.1 0 0 0 0 0 -569920 0 0 
-7.92309 0.0544146 -1.84223 -0.0216358 -1.74439 1.02766e+18 4.84496e+17 6116.11 284.124 -30254 0 0 0 0 0 -569920 0 0 
-7.56812 0.0532894 -1.84336 -0.0216539 -1.74444 1.11693e+18 5.1589e+17 6116.11 284.124 -33294.3 0 0 0 0 0 -569920 0 0 
-7.24439 0.0521644 -1.84448 -0.0216689 -1.74449 1.22823e+18 5.62979e+17 6116.11 284.124 -36363.4 0 0 0 0 0 -569920 0 0 
-6.94914 0.0510474 -1.8456 -0.0216814 -1.74453 1.36692e+18 6.29353e+17 6116.11 284.124 -39464.6 0 0 0 0 0 -569920 0 0 
-6.67987 0.0499447 -1.8467 -0.0216915 -1.74456 1.53873e+18 7.19016e+17 6116.11 284.124 -42604.8 0 0 0 0 0 -569920 0 0 
-6.4343 0.0488614 -1.84779 -0.0216996 -1.74458 1.74946e+18 8.36366e+17 6116.11 284.124 -45791.8 0 0 0 0 0 -569920 0 0 
-6.21033 0.0478015 -1.84885 -0.0217061 -1.7446 2.00454e+18 9.86112e+17 6116.11 284.124 -49031.9 0 0 0 0 0 -569920 0 0 
-6.00607 0.0467681 -1.84988 -0.0217113 -1.74462 2.30866e+18 1.17315e+18 6116.11 284.124 -52327.6 0 0 0 0 0 -569920 0 0 
-5.81978 0.0457638 -1.85088 -0.0217154 -1.74463 2.66534e+18 1.40238e+18 6116.11 284.124 -55674.7 0 0 0 0 0 -569920 0 0 
-5.64988 0.0447906 -1.85186 -0.0217186 -1.74464 3.07673e+18 1.67844e+18 6116.11 284.124 -59062 0 0 0 0 0 -569920 0 0 
-5.49493 0.0438503 -1.8528 -0.0217211 -1.74464 3.54335e+18 2.00549e+18 6116.11 284.124 -62470.6 0 0 0 0 0 -569920 0 0 
-5.35362 0.0429445 -1.8537 -0.0217232 -1.74465 4.06411e+18 2.3869e+18 6116.11 284.124 -65874.7 0 0 0 0 0 -569920 0 0 
-5.22474 0.0420746 -1.85457 -0.0217248 -1.74465 4.6363e+18 2.82504e+18 6116.11 284.124 -69243.5 0 0 0 0 0 -569920 0 0 
-5.1072 0.041242 -1.85541 -0.0217261 -1.74466 5.25578e+18 3.32105e+18 6116.11 284.124 -72542.7 0 0 0 0 0 -569920 0 0 
-5 0.0404477 -1.8562 -0.0217271 -1.74466 5.91722e+18 3.87476e+18 6116.11 284.124 -74096.7 0 0 0 0 0 -569920 0 0 
-5 -0.277923 -1.69506 -0.0217271 -1.74466 4.32857e+18 3.65344e+18 8066.54 350.526 -71178.3 0 0 0 0 0 -569920 0 0 
-4.89899 -0.278642 -1.69578 -0.021728 -1.74466 4.78892e+18 4.18647e+18 8066.54 350.526 -71604.1 0 0 0 0 0 -569920 0 0 
-4.79798 -0.27937 -1.69651 -0.0217289 -1.74466 5.25506e+18 4.7299e+18 8066.54 350.526 -72401.1 0 0 0 0 0 -569920 0 0 
-4.69697 -0.280105 -1.69724 -0.0217296 -1.74466 5.72399e+18 5.27762e+18 8066.54 350.526 -73087.8 0 0 0 0 0 -569920 0 0 
-4.59596 -0.280846 -1.69798 -0.0217303 -1.74466 6.19272e+18 5.82403e+18 8066.54 350.526 -73663.9 0 0 0 0 0 -569920 0 0 
-4.49495 -0.281593 -1.69873 -0.021731 -1.74466 6.65837e+18 6.36411e+18 8066.54 350.526 -74132.4 0 0 0 0 0 -569920 0 0 
-4.39394 -0.282344 -1.69948 -0.0217316 -1.74467 7.11815e+18 6.89347e+18 8066.54 350.526 -74499.2 0 0 0 0 0 -569920 0 0 
-4.29293 -0.283098 -1.70024 -0.0217321 -1.74467 7.56942e+18 7.40836e+18 8066.54 350.526 -74771.9 0 0 0 0 0 -569920 0 0 
-4.19192 -0.283854 -1.70099 -0.0217327 -1.74467 8.00967e+18 7.90574e+18 8066.54 350.526 -74959.2 0 0 0 0 0 -569920 0 0 
-4.09091 -0.284612 -1.70175 -0.0217332 -1.74467 8.43655e+18 8.38322e+18 8066.54 350.526 -75070.3 0 0 0 0 0 -569920 0 0 
-3.9899 -0.285371 -1.70251 -0.0217337 -1.74467 8.84795e+18 8.83903e+18 8066.54 350.526 -75114.3 0 0 0 0 0 -569920 0 0 
-3.88889 -0.28613 -1.70327 -0.0217341 -1.74467 9.2419e+18 9.27202e+18 8066.54 350.526 -75099.3 0 0 0 0 0 -569920 0 0 
-3.78788 -0.286888 -1.70403 -0.0217346 -1.74467 9.6167e+18 9.68156e+18 8066.54 350.526 -75032.2 0 0 0 0 0 -569920 0 0 
-3.68687 -0.287646 -1.70478 -0.021735 -1.74467 9.97083e+18 1.00675e+19 8066.54 350.526 -74918 0 0 0 0 0 -569920 0 0 
-3.58586 -0.288402 -1.70554 -0.0217354 -1.74467 1.0303e+19 1.04301e+19 8066.54 350.526 -74759.9 0 0 0 0 0 -569920 0 0 
-3.48485 -0.289156 -1.70629 -0.0217358 -1.74467 1.06123e+19 1.07699e+19 8066.54 350.526 -74558.8 0 0 0 0 0 -569920 0 0 
-3.38384 -0.289908 -1.70705 -0.0217362 -1.74467 1.08978e+19 1.10877e+19 8066.54 350.526 -74313.3 0 0 0 0 0 -569920 0 0 
-3.28283 -0.290657 -1.7078 -0.0217366 -1.74467 1.11591e+19 1.13845e+19 8066.54 350.526 -74019.8 0 0 0 0 0 -569920 0 0 
-3.18182 -0.291403 -1.70854 -0.021737 -1.74467 1.13957e+19 1.16614e+19 8066.54 350.526 -73672.8 0 0 0 0 0 -569920 0 0 
-3.08081 -0.292145 -1.70928 -0.0217373 -1.74467 1.16077e+19 1.19195e+19 8066.54 350.526 -73264.7 0 0 0 0 0 -569920 0 0 
-2.9798 -0.292883 -1.71002 -0.0217377 -1.74467 1.17951e+19 1.21599e+19 8066.54 350.526 -72786.4 0 0 0 0 0 -569920 0 0 
-2.87879 -0.293616 -1.71075 -0.021738 -1.74468 1.19584e+19 1.23838e+19 8066.54 350.526 -72227.9 0 0 0 0 0 -569920 0 0 
-2.77778 -0.294342 -1.71148 -0.0217384 -1.74468 1.20979e+19 1.25921e+19 8066.54 350.526 -71577.9 0 0 0 0 0 -569920 0 0 
-2.67677 -0.295062 -1.7122 -0.0217387 -1.74468 1.22146e+19 1.27857e+19 8066.54 350.526 -70824.9 0 0 0 0 0 -569920 0 0 
-2.57576 -0.295773 -1.71291 -0.0217391 -1.74468 1.23092e+19 1.29654e+19 8066.54 350.526 -69957.4 0 0 0 0 0 -569920 0 0 
-2.47475 -0.296475 -1.71361 -0.0217394 -1.74468 1.23829e+19 1.31319e+19 8066.54 350.526 -68964.3 0 0 0 0 0 -569920 0 0 
-2.37374 -0.297166 -1.7143 -0.0217397 -1.74468 1.24368e+19 1.32856e+19 8066.54 350.526 -67835 0 0 0 0 0 -569920 0 0 
-2.27273 -0.297846 -1.71498 -0.0217401 -1.74468 1.24722e+19 1.34272e+19 8066.54 350.526 -66560.1 0 0 0 0 0 -569920 0 0 
-2.17172 -0.298511 -1.71565 -0.0217404 -1.74468 1.24906e+19 1.3557e+19 8066.54 350.526 -65131.4 0 0 0 0 0 -569920 0 0 
-2.07071 -0.299161 -1.7163 -0.0217407 -1.74468 1.24935e+19 1.36753e+19 8066.54 350.526 -63542.4 0 0 0 0 0 -569920 0 0 
-1.9697 -0.299795 -1.71693 -0.0217411 -1.74468 1.24823e+19 1.37824e+19 8066.54 350.526 -61788.2 0 0 0 0 0 -569920 0 0 
-1.86869 -0.30041 -1.71755 -0.0217414 -1.74468 1.24587e+19 1.38788e+19 8066.54 350.526 -59865.5 0 0 0 0 0 -569920 0 0 
-1.76768 -0.301004 -1.71814 -0.0217417 -1.74468 1.24244e+19 1.39647e+19 8066.54 350.526 -57773.1 0 0 0 0 0 -569920 0 0 
-1.66667 -0.301577 -1.71872 -0.0217421 -1.74468 1.23809e+19 1.40404e+19 8066.54 350.526 -55511.5 0 0 0 0 0 -569920 0 0 
-1.56566 -0.302126 -1.71926 -0.0217424 -1.74468 1.233e+19 1.41064e+19 8066.54 350.526 -53083 0 0 0 0 0 -569920 0 0 
-1.46465 -0.302649 -1.71979 -0.0217427 -1.74468 1.22732e+19 1.41632e+19 8066.54 350.526 -50491.4 0 0 0 0 0 -569920 0 0 
-1.36364 -0.303146 -1.72028 -0.0217431 -1.74468 1.22121e+19 1.42114e+19 8066.54 350.526 -47742.4 0 0 0 0 0 -569921 0 0 
-1.26263 -0.303614 -1.72075 -0.0217434 -1.74468 1.21482e+19 1.42515e+19 8066.54 350.526 -44842.7 0 0 0 0 0 -569921 0 0 
-1.16162 -0.304052 -1.72119 -0.0217438 -1.74468 1.20832e+19 1.42841e+19 8066.54 350.526 -41800.5 0 0 0 0 0 -569921 0 0 
-1.06061 -0.304458 -1.7216 -0.0217441 -1.74468 1.20182e+19 1.43102e+19 8066.54 350.526 -38624.8 0 0 0 0 0 -569921 0 0 
-0.959596 -0.304832 -1.72197 -0.0217445 -1.74468 1.19547e+19 1.43304e+19 8066.54 350.526 -35325.7 0 0 0 0 0 -569921 0 0 
-0.858586 -0.305172 -1.72231 -0.0217448 -1.74468 1.18939e+19 1.43455e+19 8066.54 350.526 -31913.7 0 0 0 0 0 -569921 0 0 
-0.757576 -0.305477 -1.72262 -0.0217452 -1.74468 1.18369e+19 1.43564e+19 8066.54 350.526 -28400 0 0 0 0 0 -569921 0 0 
-0.656566 -0.305745 -1.72288 -0.0217455 -1.74469 1.17847e+19 1.43639e+19 8066.54 350.526 -24796.2 0 0 0 0 0 -569921 0 0 
-0.555556 -0.305977 -1.72312 -0.0217459 -1.74469 1.17383e+19 1.43687e+19 8066.54 350.526 -21114.1 0 0 0 0 0 -569921 0 0 
-0.454545 -0.306172 -1.72331 -0.0217462 -1.74469 1.16983e+19 1.43714e+19 8066.54 350.526 -17365.5 0 0 0 0 0 -569921 0 0 
-0.353535 -0.306328 -1.72347 -0.0217466 -1.74469 1.16656e+19 1.43729e+19 8066.54 350.526 -13562.6 0 0 0 0 0 -569921 0 0 
-0.252525 -0.306446 -1.72358 -0.021747 -1.74469 1.16406e+19 1.43735e+19 8066.54 350.526 -9717.51 0 0 0 0 0 -569921 0 0 
-0.151515 -0.306525 -1.72366 -0.0217473 -1.74469 1.16237e+19 1.43736e+19 8066.54 350.526 -5842.22 0 0 0 0 0 -569921 0 0 
-0.0505051 -0.306564 -1.7237 -0.0217477 -1.74469 1.16151e+19 1.43736e+19 8066.54 350.526 -1948.84 0 0 0 0 0 -569921 0 0 
0.0505051 -0.306564 -1.7237 -0.021748 -1.74469 1.16151e+19 1.43736e+19 8066.54 350.526 1950.56 0 0 0 0 0 -569921 0 0 
0.151515 -0.306525 -1.72366 -0.0217484 -1.74469 1.16236e+19 1.43736e+19 8066.54 350.526 5843.91 0 0 0 0 0 -569921 0 0 
0.252525 -0.306446 -1.72358 -0.0217487 -1.74469 1.16406e+19 1.43734e+19 8066.54 350.526 9719.15 0 0 0 0 0 -569921 0 0 
0.353535 -0.306328 -1.72347 -0.0217491 -1.74469 1.16656e+19 1.43728e+19 8066.54 350.526 13564.2 0 0 0 0 0 -569921 0 0 
0.454545 -0.306172 -1.72331 -0.0217495 -1.74469 1.16983e+19 1.43713e+19 8066.54 350.526 17367 0 0 0 0 0 -569921 0 0 
0.555556 -0.305977 -1.72312 -0.0217498 -1.74469 1.17382e+19 1.43685e+19 8066.54 350.526 21115.4 0 0 0 0 0 -569921 0 0 
0.656566 -0.305745 -1.72288 -0.0217502 -1.74469 1.17847e+19 1.43638e+19 8066.54 350.526 24797.4 0 0 0 0 0 -569921 0 0 
0.757576 -0.305476 -1.72261 -0.0217505 -1.74469 1.18368e+19 1.43563e+19 8066.54 350.526 28401.1 0 0 0 0 0 -569921 0 0 
0.858586 -0.305172 -1.72231 -0.0217509 -1.74469 1.18938e+19 1.43454e+19 8066.54 350.526 31914.6 0 0 0 0 0 -569921 0 0 
0.959596 -0.304832 -1.72197 -0.0217512 -1.74469 1.19547e+19 1.43302e+19 8066.54 350.526 35326.3 0 0 0 0 0 -569921 0 0 
1.06061 -0.304458 -1.7216 -0.0217516 -1.74469 1.20182e+19 1.431e+19 8066.54 350.526 38625.3 0 0 0 0 0 -569921 0 0 
1.16162 -0.304051 -1.72119 -0.0217519 -1.74469 1.20831e+19 1.42839e+19 8066.54 350.526 41800.7 0 0 0 0 0 -569921 0 0 
1.26263 -0.303613 -1.72075 -0.0217523 -1.74469 1.21482e+19 1.42512e+19 8066.54 350.526 44842.7 0 0 0 0 0 -569921 0 0 
1.36364 -0.303145 -1.72028 -0.0217526 -1.74469 1.2212e+19 1.42112e+19 8066.54 350.526 47742.1 0 0 0 0 0 -569921 0 0 
1.46465 -0.302649 -1.71979 -0.0217529 -1.74469 1.22731e+19 1.4163e+19 8066.54 350.526 50490.8 0 0 0 0 0 -569920 0 0 
1.56566 -0.302125 -1.71926 -0.0217533 -1.7447 1.23299e+19 1.41062e+19 8066.54 350.526 53082.1 0 0 0 0 0 -569920 0 0 
1.66667 -0.301577 -1.71872 -0.0217536 -1.7447 1.23809e+19 1.40402e+19 8066.54 350.526 55510.3 0 0 0 0 0 -569920 0 0 
1.76768 -0.301004 -1.71814 -0.021754 -1.7447 1.24244e+19 1.39644e+19 8066.54 350.526 57771.6 0 0 0 0 0 -569920 0 0 
1.86869 -0.30041 -1.71755 -0.0217543 -1.7447 1.24587e+19 1.38785e+19 8066.54 350.526 59863.6 0 0 0 0 0 -569920 0 0 
1.9697 -0.299795 -1.71693 -0.0217546 -1.7447 1.24823e+19 1.37822e+19 8066.54 350.526 61785.9 0 0 0 0 0 -569920 0 0 
2.07071 -0.299161 -1.7163 -0.021755 -1.7447 1.24935e+19 1.3675e+19 8066.54 350.526 63539.8 0 0 0 0 0 -569920 0 0 
2.17172 -0.298511 -1.71565 -0.0217553 -1.7447 1.24906e+19 1.35567e+19 8066.54 350.526 65128.3 0 0 0 0 0 -569920 0 0 
2.27273 -0.297846 -1.71498 -0.0217556 -1.7447 1.24723e+19 1.34269e+19 8066.54 350.526 66556.5 0 0 0 0 0 -569920 0 0 
2.37374 -0.297166 -1.71431 -0.021756 -1.7447 1.24368e+19 1.32853e+19 8066.54 350.526 67831 0 0 0 0 0 -569920 0 0 
2.47475 -0.296475 -1.71361 -0.0217563 -1.7447 1.23829e+19 1.31315e+19 8066.54 350.526 68959.8 0 0 0 0 0 -569920 0 0 
2.57576 -0.295773 -1.71291 -0.0217566 -1.7447 1.23093e+19 1.29651e+19 8066.54 350.526 69952.4 0 0 0 0 0 -569920 0 0 
2.67677 -0.295062 -1.7122 -0.021757 -1.7447 1.22146e+19 1.27854e+19 8066.54 350.526 70819.3 0 0 0 0 0 -569920 0 0 
2.77778 -0.294343 -1.71148 -0.0217573 -1.7447 1.2098e+19 1.25917e+19 8066.54 350.526 71571.6 0 0 0 0 0 -569920 0 0 
2.87879 -0.293616 -1.71075 -0.0217577 -1.7447 1.19584e+19 1.23834e+19 8066.54 350.526 72221 0 0 0 0 0 -569920 0 0 
2.9798 -0.292884 -1.71002 -0.021758 -1.7447 1.17952e+19 1.21595e+19 8066.54 350.526 72778.9 0 0 0 0 0 -569920 0 0 
3.08081 -0.292146 -1.70928 -0.0217584 -1.7447 1.16078e+19 1.1919e+19 8066.54 350.526 73256.4 0 0 0 0 0 -569920 0 0 
3.18182 -0.291404 -1.70854 -0.0217587 -1.7447 1.13958e+19 1.16609e+19 8066.54 350.526 73663.7 0 0 0 0 0 -569920 0 0 
3.28283 -0.290658 -1.7078 -0.0217591 -1.7447 1.11592e+19 1.1384e+19 8066.54 350.526 74010 0 0 0 0 0 -569920 0 0 
3.38384 -0.289909 -1.70705 -0.0217595 -1.7447 1.08979e+19 1.10872e+19 8066.54 350.526 74302.7 0 0 0 0 0 -569920 0 0 
3.48485 -0.289157 -1.7063 -0.0217599 -1.74471 1.06124e+19 1.07694e+19 8066.54 350.526 74547.4 0 0 0 0 0 -569920 0 0 
3.58586 -0.288403 -1.70554 -0.0217603 -1.74471 1.03032e+19 1.04296e+19 8066.54 350.526 74747.7 0 0 0 0 0 -569920 0 0 
3.68687 -0.287647 -1.70479 -0.0217607 -1.74471 9.97094e+18 1.0067e+19 8066.54 350.526 74904.9 0 0 0 0 0 -569920 0 0 
3.78788 -0.286889 -1.70403 -0.0217611 -1.74471 9.61681e+18 9.68107e+18 8066.54 350.526 75018.2 0 0 0 0 0 -569920 0 0 
3.88889 -0.286131 -1.70327 -0.0217616 -1.74471 9.24202e+18 9.27153e+18 8066.54 350.526 75084.5 0 0 0 0 0 -569920 0 0 
3.9899 -0.285372 -1.70251 -0.021762 -1.74471 8.84806e+18 8.83856e+18 8066.54 350.526 75098.7 0 0 0 0 0 -569920 0 0 
4.09091 -0.284614 -1.70175 -0.0217625 -1.74471 8.43667e+18 8.38276e+18 8066.54 350.526 75053.8 0 0 0 0 0 -569920 0 0 
4.19192 -0.283856 -1.70099 -0.021763 -1.74471 8.00978e+18 7.9053e+18 8066.54 350.526 74941.9 0 0 0 0 0 -569920 0 0 
4.29293 -0.2831 -1.70024 -0.0217635 -1.74471 7.56953e+18 7.40795e+18 8066.54 350.526 74753.8 0 0 0 0 0 -569920 0 0 
4.39394 -0.282346 -1.69948 -0.0217641 -1.74471 7.11826e+18 6.89308e+18 8066.54 350.526 74480.5 0 0 0 0 0 -569920 0 0 
4.49495 -0.281595 -1.69873 -0.0217647 -1.74471 6.65847e+18 6.36376e+18 8066.54 350.526 74113 0 0 0 0 0 -569920 0 0 
4.59596 -0.280849 -1.69799 -0.0217654 -1.74471 6.19281e+18 5.82372e+18 8066.54 350.526 73643.9 0 0 0 0 0 -569920 0 0 
4.69697 -0.280108 -1.69725 -0.0217661 -1.74472 5.72407e+18 5.27734e+18 8066.54 350.526 73067.2 0 0 0 0 0 -569920 0 0 
4.79798 -0.279373 -1.69651 -0.0217668 -1.74472 5.25514e+18 4.72966e+18 8066.54 350.526 72380.1 0 0 0 0 0 -569920 0 0 
4.89899 -0.278645 -1.69578 -0.0217676 -1.74472 4.78899e+18 4.18627e+18 8066.54 350.526 71582.6 0 0 0 0 0 -569920 0 0 
5 -0.277927 -1.69507 -0.0217686 -1.74472 4.32863e+18 3.65328e+18 8066.54 350.526 71156.6 0 0 0 0 0 -569920 0 0 
5 0.0404442 -1.8562 -0.0217686 -1.74472 5.91499e+18 3.8751e+18 6116.11 284.124 74075.4 0 0 0 0 0 -569920 0 0 
5.1072 0.0412382 -1.85541 -0.0217696 -1.74472 5.2535e+18 3.32149e+18 6116.11 284.124 72523.6 0 0 0 0 0 -569920 0 0 
5.22474 0.0420707 -1.85458 -0.0217709 -1.74473 4.63394e+18 2.82559e+18 6116.11 284.124 69229.3 0 0 0 0 0 -569920 0 0 
5.35362 0.0429404 -1.85371 -0.0217725 -1.74473 4.06165e+18 2.38758e+18 6116.11 284.124 65866.4 0 0 0 0 0 -569920 0 0 
5.49493 0.0438461 -1.8528 -0.0217745 -1.74473 3.54075e+18 2.00633e+18 6116.11 284.124 62469.3 0 0 0 0 0 -569920 0 0 
5.64988 0.0447865 -1.85186 -0.0217771 -1.74474 3.07394e+18 1.67947e+18 6116.11 284.124 59069.1 0 0 0 0 0 -569920 0 0 
5.81978 0.0457599 -1.85089 -0.0217803 -1.74475 2.66232e+18 1.40366e+18 6116.11 284.124 55692.2 0 0 0 0 0 -569920 0 0 
6.00607 0.0467647 -1.84988 -0.0217844 -1.74476 2.30532e+18 1.17476e+18 6116.11 284.124 52357.9 0 0 0 0 0 -569920 0 0 
6.21033 0.0477988 -1.84885 -0.0217896 -1.74478 2.00082e+18 9.88156e+17 6116.11 284.124 49078.7 0 0 0 0 0 -569920 0 0 
6.4343 0.0488599 -1.84779 -0.0217961 -1.7448 1.74525e+18 8.38984e+17 6116.11 284.124 45859.7 0 0 0 0 0 -569920 0 0 
6.67987 0.0499452 -1.8467 -0.0218042 -1.74482 1.53391e+18 7.22396e+17 6116.11 284.124 42700.4 0 0 0 0 0 -569920 0 0 
6.94914 0.0510509 -1.8456 -0.0218143 -1.74485 1.36134e+18 6.33736e+17 6116.11 284.124 39596.9 0 0 0 0 0 -569920 0 0 
7.24439 0.0521725 -1.84448 -0.0218268 -1.74489 1.22174e+18 5.68669e+17 6116.11 284.124 36544.6 0 0 0 0 0 -569920 0 0 
7.56812 0.0533044 -1.84334 -0.0218419 -1.74494 1.10933e+18 5.23251e+17 6116.11 284.124 33541.4 0 0 0 0 0 -569920 0 0 
7.92309 0.0544397 -1.84221 -0.02186 -1.745 1.01873e+18 4.93959e+17 6116.11 284.124 30589.9 0 0 0 0 0 -569920 0 0 
8.3123 0.0555708 -1.84108 -0.0218816 -1.74506 9.45189e+17 4.7768e+17 6116.11 284.124 27699.5 0 0 0 0 0 -569920 0 0 
8.73906 0.0566892 -1.83996 -0.021907 -1.74513 8.84761e+17 4.71692e+17 6116.11 284.124 24887.7 0 0 0 0 0 -569920 0 0 
9.207 0.0577861 -1.83886 -0.0219366 -1.74521 8.34307e+17 4.73644e+17 6116.11 284.124 22179.4 0 0 0 0 0 -569920 0 0 
9.72008 0.0588531 -1.8378 -0.0219709 -1.7453 7.9144e+17 4.81539e+17 6116.11 284.124 19606.7 0 0 0 0 0 -569920 0 0 
10.2827 0.0598828 -1.83677 -0.0220106 -1.74539 7.544e+17 4.93724e+17 6116.11 284.124 17207.5 0 0 0 0 0 -569920 0 0 
10.8995 0.0608701 -1.83578 -0.022056 -1.74549 7.21894e+17 5.08886e+17 6116.11 284.124 15024.8 0 0 0 0 0 -569920 0 0 
11.5759 0.0618136 -1.83483 -0.022108 -1.7456 6.92935e+17 5.26057e+17 6116.11 284.124 13107.2 0 0 0 0 0 -569920 0 0 
12.3175 0.0627172 -1.83393 -0.0221674 -1.74571 6.66695e+17 5.4463e+17 6116.11 284.124 11510.2 0 0 0 0 0 -569920 0 0 
13.1307 0.0635931 -1.83306 -0.022235 -1.74583 6.42375e+17 5.64389e+17 6116.11 284.124 10301 0 0 0 0 0 -569920 0 0 
14.0223 0.0644656 -1.83218 -0.0223119 -1.74595 6.19071e+17 5.85601e+17 6116.11 284.124 9567.36 0 0 0 0 0 -569920 0 0 
15 0.0653776 -1.83127 -0.0223995 -1.74609 5.95641e+17 6.09191e+17 6116.11 284.124 9328.28 0 0 0 0 0 -569920 0 0 
15 0.0653776 -1.83127 -0.0223995 -1.74609 5.95641e+17 6.09191e+17 6116.11 284.124 9541.76 0 0 0 0 0 -569920 0 0 
16 0.0663318 -1.83032 -0.0224927 -1.74622 5.72121e+17 6.34932e+17 6116.11 284.124 10019 0 0 0 0 0 -569920 0 0 
17 0.0673814 -1.82927 -0.0225899 -1.74634 5.47427e+17 6.64021e+17 6116.11 284.124 11376.6 0 0 0 0 0 -569920 0 0 
18 0.0686071 -1.82804 -0.0226918 -1.74646 5.20161e+17 6.98944e+17 6116.11 284.124 13603.7 0 0 0 0 0 -569920 0 0 
19 0.0701021 -1.82655 -0.0227996 -1.74657 4.89037e+17 7.43077e+17 6116.11 284.124 16861 0 0 0 0 0 -569920 0 0 
20 0.0719793 -1.82467 -0.0229151 -1.74668 4.52916e+17 8.01293e+17 6116.11 284.124 18771.8 0 0 0 0 0 -569920 0 0 
20 0.0719793 -1.82467 -0.0229151 -1.74668 4.52916e+17 8.01293e+17 3350.83 145.842 17982.6 0 0 0 0 0 -569920 0 0 
21.0172 0.0738086 -1.82284 -0.0231469 -1.74687 4.1835e+17 8.65328e+17 3350.83 145.842 15426.7 0 0 0 0 0 -569920 0 0 
22.0574 0.0751414 -1.82151 -0.0234011 -1.74706 3.93535e+17 9.16738e+17 3350.83 145.842 10873.1 0 0 0 0 0 -569920 0 0 
23.1212 0.076087 -1.82056 -0.0236752 -1.74724 3.75465e+17 9.56886e+17 3350.83 145.842 7431.75 0 0 0 0 0 -569920 0 0 
24.209 0.0767333 -1.81992 -0.0239672 -1.74743 3.62129e+17 9.87478e+17 3350.83 145.842 4856.59 0 0 0 0 0 -569920 0 0 
25.3213 0.0771501 -1.8195 -0.0242752 -1.74761 3.5215e+17 1.01027e+18 3350.83 145.842 2947.17 0 0 0 0 0 -569920 0 0 
26.4588 0.0773923 -1.81926 -0.0245979 -1.7478 3.44564e+17 1.02686e+18 3350.83 145.842 1543.25 0 0 0 0 0 -569920 0 0 
27.6221 0.0775021 -1.81915 -0.0249341 -1.74799 3.3869e+17 1.03867e+18 3350.83 145.842 518.761 0 0 0 0 0 -569920 0 0 
28.8116 0.0775121 -1.81914 -0.025283 -1.74819 3.34037e+17 1.04684e+18 3350.83 145.842 -223.954 0 0 0 0 0 -569920 0 0 
30.028 0.0774466 -1.8192 -0.0256439 -1.74839 3.30253e+17 1.05228e+18 3350.83 145.842 -759.538 0 0 0 0 0 -569920 0 0 
31.2719 0.077324 -1.81932 -0.0260165 -1.7486 3.27085e+17 1.05572e+18 3350.83 145.842 -1144.35 0 0 0 0 0 -569920 0 0 
32.5439 0.0771578 -1.81949 -0.0264006 -1.74882 3.24348e+17 1.05769e+18 3350.83 145.842 -1420.45 0 0 0 0 0 -569920 0 0 
33.8447 0.0769578 -1.81969 -0.0267962 -1.74904 3.2191e+17 1.05861e+18 3350.83 145.842 -1618.93 0 0 0 0 0 -569920 0 0 
35.1749 0.0767313 -1.81992 -0.0272033 -1.74927 3.19676e+17 1.05878e+18 3350.83 145.842 -1762.51 0 0 0 0 0 -569920 0 0 
36.5352 0.0764833 -1.82017 -0.0276219 -1.74951 3.1758e+17 1.05841e+18 3350.83 145.842 -1867.64 0 0 0 0 0 -569920 0 0 
37.9262 0.0762172 -1.82043 -0.0280524 -1.74976 3.15573e+17 1.05766e+18 3350.83 145.842 -1946.14 0 0 0 0 0 -569920 0 0 
39.3486 0.0759355 -1.82071 -0.0284949 -1.75001 3.13622e+17 1.05665e+18 3350.83 145.842 -2006.4 0 0 0 0 0 -569920 0 0 
40.8032 0.0756398 -1.82101 -0.0289497 -1.75028 3.11704e+17 1.05546e+18 3350.83 145.842 -2054.34 0 0 0 0 0 -569920 0 0 
42.2907 0.075331 -1.82132 -0.0294171 -1.75055 3.09803e+17 1.05413e+18 3350.83 145.842 -2094.08 0 0 0 0 0 -569920 0 0 
43.8118 0.0750097 -1.82164 -0.0298975 -1.75084 3.07908e+17 1.05271e+18 3350.83 145.842 -2128.48 0 0 0 0 0 -569920 0 0 
45.3673 0.074676 -1.82197 -0.0303913 -1.75114 3.06013e+17 1.05123e+18 3350.83 145.842 -2159.48 0 0 0 0 0 -569920 0 0 
46.9579 0.0743301 -1.82232 -0.0308987 -1.75144 3.04112e+17 1.0497e+18 3350.83 145.842 -2188.43 0 0 0 0 0 -569920 0 0 
48.5846 0.0739719 -1.82268 -0.0314203 -1.75176 3.02203e+17 1.04814e+18 3350.83 145.842 -2216.21 0 0 0 0 0 -569920 0 0 
50.2479 0.0736009 -1.82305 -0.0319564 -1.75209 3.00284e+17 1.04655e+18 3350.83 145.842 -2243.41 0 0 0 0 0 -569920 0 0 
51.9489 0.073217 -1.82343 -0.0325075 -1.75244 2.98354e+17 1.04494e+18 3350.83 145.842 -2270.44 0 0 0 0 0 -569920 0 0 
53.6883 0.0728197 -1.82383 -0.033074 -1.75279 2.96413e+17 1.04332e+18 3350.83 145.842 -2297.56 0 0 0 0 0 -569920 0 0 
55.4671 0.0724086 -1.82424 -0.0336563 -1.75316 2.94462e+17 1.04168e+18 3350.83 145.842 -2324.92 0 0 0 0 0 -569920 0 0 
57.2861 0.0719831 -1.82467 -0.0342551 -1.75355 2.925e+17 1.04003e+18 3350.83 145.842 -2352.65 0 0 0 0 0 -569920 0 0 
59.1461 0.0715429 -1.82511 -0.0348707 -1.75394 2.90528e+17 1.03837e+18 3350.83 145.842 -2380.82 0 0 0 0 0 -569920 0 0 
61.0483 0.0710873 -1.82556 -0.0355037 -1.75436 2.88547e+17 1.0367e+18 3350.83 145.842 -2409.47 0 0 0 0 0 -569920 0 0 
62.9934 0.0706158 -1.82603 -0.0361545 -1.75479 2.86558e+17 1.03503e+18 3350.83 145.842 -2438.63 0 0 0 0 0 -569920 0 0 
64.9825 0.0701278 -1.82652 -0.0368238 -1.75523 2.84561e+17 1.03335e+18 3350.83 145.842 -2468.33 0 0 0 0 0 -569920 0 0 
67.0165 0.0696226 -1.82703 -0.0375121 -1.75569 2.82558e+17 1.03166e+18 3350.83 145.842 -2498.59 0 0 0 0 0 -569920 0 0 
69.0966 0.0690997 -1.82755 -0.0382199 -1.75617 2.80549e+17 1.02997e+18 3350.83 145.842 -2529.41 0 0 0 0 0 -569920 0 0 
71.2236 0.0685583 -1.82809 -0.0389479 -1.75667 2.78537e+17 1.02828e+18 3350.83 145.842 -2560.81 0 0 0 0 0 -569920 0 0 
73.3988 0.0679978 -1.82865 -0.0396966 -1.75719 2.76522e+17 1.02658e+18 3350.83 145.842 -2592.79 0 0 0 0 0 -569920 0 0 
75.6231 0.0674175 -1.82923 -0.0404667 -1.75772 2.74505e+17 1.02488e+18 3350.83 145.842 -2625.36 0 0 0 0 0 -569920 0 0 
77.8976 0.0668165 -1.82983 -0.0412588 -1.75828 2.72488e+17 1.02319e+18 3350.83 145.842 -2658.53 0 0 0 0 0 -569920 0 0 
80.2236 0.0661942 -1.83045 -0.0420735 -1.75886 2.70473e+17 1.02149e+18 3350.83 145.842 -2692.29 0 0 0 0 0 -569920 0 0 
82.6022 0.0655497 -1.8311 -0.0429115 -1.75946 2.68461e+17 1.0198e+18 3350.83 145.842 -2726.67 0 0 0 0 0 -569920 0 0 
85.0346 0.0648823 -1.83177 -0.0437736 -1.76008 2.66454e+17 1.01811e+18 3350.83 145.842 -2761.65 0 0 0 0 0 -569920 0 0 
87.5219 0.0641909 -1.83246 -0.0446602 -1.76073 2.64453e+17 1.01643e+18 3350.83 145.842 -2797.24 0 0 0 0 0 -569920 0 0 
90.0655 0.0634748 -1.83317 -0.0455723 -1.7614 2.62461e+17 1.01476e+18 3350.83 145.842 -2833.45 0 0 0 0 0 -569920 0 0 
92.6665 0.062733 -1.83392 -0.0465104 -1.7621 2.6048e+17 1.01309e+18 3350.83 145.842 -2870.28 0 0 0 0 0 -569920 0 0 
95.3264 0.0619645 -1.83468 -0.0474754 -1.76283 2.58513e+17 1.01144e+18 3350.83 145.842 -2907.73 0 0 0 0 0 -569920 0 0 
98.0464 0.0611685 -1.83548 -0.0484679 -1.76358 2.56561e+17 1.0098e+18 3350.83 145.842 -2945.79 0 0 0 0 0 -569920 0 0 
100.828 0.0603437 -1.8363 -0.0494888 -1.76436 2.54627e+17 1.00818e+18 3350.83 145.842 -2984.48 0 0 0 0 0 -569920 0 0 
103.672 0.0594892 -1.83716 -0.0505387 -1.76518 2.52714e+17 1.00657e+18 3350.83 145.842 -3023.78 0 0 0 0 0 -569920 0 0 
106.581 0.0586039 -1.83804 -0.0516184 -1.76602 2.50826e+17 1.00499e+18 3350.83 145.842 -3063.7 0 0 0 0 0 -569920 0 0 
109.555 0.0576866 -1.83896 -0.0527287 -1.7669 2.48965e+17 1.00343e+18 3350.83 145.842 -3104.22 0 0 0 0 0 -569920 0 0 
112.597 0.0567361 -1.83991 -0.0538703 -1.76781 2.47136e+17 1.00189e+18 3350.83 145.842 -3145.35 0 0 0 0 0 -569920 0 0 
115.707 0.0557512 -1.8409 -0.0550439 -1.76875 2.45341e+17 1.00039e+18 3350.83 145.842 -3187.08 0 0 0 0 0 -569920 0 0 
118.888 0.0547308 -1.84192 -0.0562504 -1.76973 2.43586e+17 9.9892e+17 3350.83 145.842 -3229.39 0 0 0 0 0 -569920 0 0 
122.14 0.0536734 -1.84297 -0.0574905 -1.77075 2.41875e+17 9.97487e+17 3350.83 145.842 -3272.27 0 0 0 0 0 -569920 0 0 
125.467 0.0525777 -1.84407 -0.0587647 -1.77181 2.40214e+17 9.96097e+17 3350.83 145.842 -3315.71 0 0 0 0 0 -569920 0 0 
128.868 0.0514424 -1.84521 -0.0600739 -1.77291 2.38607e+17 9.94753e+17 3350.83 145.842 -3359.7 0 0 0 0 0 -569920 0 0 
132.346 0.0502661 -1.84638 -0.0614187 -1.77405 2.37062e+17 9.93461e+17 3350.83 145.842 -3404.21 0 0 0 0 0 -569920 0 0 
135.903 0.0490472 -1.8476 -0.0627995 -1.77524 2.35584e+17 9.92226e+17 3350.83 145.842 -3449.21 0 0 0 0 0 -569920 0 0 
139.54 0.0477844 -1.84886 -0.0642171 -1.77647 2.34182e+17 9.91056e+17 3350.83 145.842 -3494.69 0 0 0 0 0 -569920 0 0 
143.26 0.0464759 -1.85017 -0.0656717 -1.77775 2.32864e+17 9.89956e+17 3350.83 145.842 -3540.6 0 0 0 0 0 -569920 0 0 
147.063 0.0451204 -1.85153 -0.067164 -1.77908 2.31639e+17 9.88936e+17 3350.83 145.842 -3586.92 0 0 0 0 0 -569920 0 0 
150.952 0.0437161 -1.85293 -0.068694 -1.78046 2.30517e+17 9.88002e+17 3350.83 145.842 -3633.61 0 0 0 0 0 -569920 0 0 
154.93 0.0422615 -1.85439 -0.070262 -1.78189 2.29511e+17 9.87166e+17 3350.83 145.842 -3680.67 0 0 0 0 0 -569920 0 0 
158.997 0.0407547 -1.85589 -0.0718681 -1.78338 2.28633e+17 9.86436e+17 3350.83 145.842 -3728.17 0 0 0 0 0 -569920 0 0 
163.156 0.039194 -1.85745 -0.073512 -1.78492 2.27899e+17 9.85819e+17 3350.83 145.842 -3776.45 0 0 0 0 0 -569920 0 0 
167.41 0.0375773 -1.85907 -0.0751936 -1.78652 2.2733e+17 9.85316e+17 3350.83 145.842 -3826.72 0 0 0 0 0 -569920 0 0 
171.759 0.0359015 -1.86075 -0.0769121 -1.78819 2.26955e+17 9.84897e+17 3350.83 145.842 -3883.11 0 0 0 0 0 -569920 0 0 
176.207 0.0341607 -1.86249 -0.0786666 -1.78992 2.26835e+17 9.8443e+17 3350.83 145.842 -3959.43 0 0 0 0 0 -569920 0 0 
180.755 0.0323387 -1.86431 -0.0804551 -1.79171 2.27129e+17 9.83434e+17 3350.83 145.842 -4102.77 0 0 0 0 0 -569920 0 0 
185.406 0.0303843 -1.86626 -0.0822728 -1.79358 2.2833e+17 9.80209e+17 3350.83 145.842 -4476.58 0 0 0 0 0 -569920 0 0 
190.163 0.0281216 -1.86853 -0.0841059 -1.79553 2.32148e+17 9.68791e+17 3350.83 145.842 -5659.23 0 0 0 0 0 -569920 0 0 
195.026 0.0249206 -1.87173 -0.0859093 -1.79762 2.45013e+17 9.28619e+17 3350.83 145.842 -9719.47 0 0 0 0 0 -569920 0 0 
200 0.0184903 -1.87816 -0.0875338 -1.8 2.94925e+17 7.96262e+17 3350.83 145.842 -12928.6 0 0 0 0 0 -569920 0 0 
