# efaschroedinger eigenstates (quantum_hl)
# Index Particle EigenEnergy     Occupation  FermiLevel Temperature
      0      hl      -1.72694       0.665231       -1.74469         300
      1      hl      -1.72694       0.665231       -1.74469         300
      2      hl      -1.73651       0.578419       -1.74469         300
      3      hl      -1.73651       0.578419       -1.74469         300
      4      hl      -1.74324       0.513962       -1.74469         300
      5      hl      -1.74324       0.513962       -1.74469         300
      6      hl       -1.7811       0.196454       -1.74469         300
      7      hl       -1.7811       0.196454       -1.74469         300
      8      hl      -1.78763       0.159602       -1.74469         300
      9      hl      -1.78763       0.159602       -1.74469         300
     10      hl       -1.8281      0.0381751       -1.74469         300
     11      hl       -1.8281      0.0381751       -1.74469         300
     12      hl      -1.84692       0.018911       -1.74483         300
