# Parameter sweep (sweep_coll)
# Simulation    : dd
# Sweep variable: $Vc
# Data ordering : column
# Data:
# --------------------------------------------------
# Name                     Units          Type
# --------------------------------------------------
# base.current             A/cm           real
# collector.current        A/cm           real
# emitter.current          A/cm           real
# --------------------------------------------------
#
# $Vc base.current collector.current emitter.current 
0 -0.00305492 0.00288961 0.000165304
0.05 -0.000616423 -0.00198676 0.00260318
0.1 -0.000204132 -0.00287271 0.00307684
0.15 -0.00014182 -0.00314473 0.00328655
0.2 -0.000132058 -0.00327492 0.00340697
0.25 -0.000130542 -0.00327205 0.0034026
0.3 -0.000130691 -0.00314746 0.00327815
0.35 -0.000130774 -0.0030897 0.00322047
0.4 -0.000130712 -0.00308897 0.00321968
0.45 -0.000130596 -0.00310096 0.00323155
0.5 -0.000130469 -0.00311634 0.00324681
0.55 -0.00013039 -0.00313995 0.00327034
0.6 -0.000130375 -0.0031714 0.00330178
0.65 -0.000130374 -0.00319742 0.0033278
0.7 -0.000130366 -0.00321293 0.0033433
0.75 -0.000130346 -0.00321841 0.00334876
0.8 -0.000130317 -0.00321776 0.00334808
0.85 -0.000130246 -0.00321615 0.00334639
0.9 -0.000130171 -0.0032124 0.00334257
0.95 -0.000130114 -0.00320478 0.00333489
1 -0.000130077 -0.00319801 0.00332808
1.05 -0.000130051 -0.00319624 0.00332629
1.1 -0.000130023 -0.0031978 0.00332782
1.15 -0.000129993 -0.00320293 0.00333293
1.2 -0.000129971 -0.00320984 0.00333981
1.25 -0.00012996 -0.00321759 0.00334755
1.3 -0.000129952 -0.00322632 0.00335628
1.35 -0.000129939 -0.00323516 0.0033651
1.4 -0.000129917 -0.00324341 0.00337333
1.45 -0.000129891 -0.00325114 0.00338103
1.5 -0.000129864 -0.00325804 0.00338791
1.55 -0.000129833 -0.00326364 0.00339347
1.6 -0.000129799 -0.00326807 0.00339787
1.65 -0.00012977 -0.00327116 0.00340093
1.7 -0.000129745 -0.0032721 0.00340184
1.75 -0.000129718 -0.00327154 0.00340125
1.8 -0.000129688 -0.00327154 0.00340123
1.85 -0.000129655 -0.00327236 0.00340201
1.9 -0.000129624 -0.00327312 0.00340275
1.95 -0.000129593 -0.00327361 0.0034032
2 -0.000129565 -0.00327461 0.00340417
2.05 -0.00012954 -0.00327687 0.00340641
2.1 -0.000129515 -0.00328023 0.00340974
2.15 -0.000129489 -0.00328439 0.00341388
2.2 -0.000129461 -0.00328905 0.00341851
2.25 -0.000129431 -0.00329394 0.00342337
2.3 -0.000129405 -0.00329878 0.00342819
2.35 -0.000129387 -0.00330356 0.00343295
2.4 -0.000129371 -0.0033084 0.00343777
2.45 -0.000129355 -0.0033132 0.00344255
2.5 -0.000129335 -0.00331789 0.00344723
2.55 -0.000129312 -0.00332232 0.00345163
2.6 -0.000129285 -0.00332641 0.0034557
2.65 -0.000129258 -0.00333048 0.00345973
2.7 -0.000129231 -0.00333415 0.00346338
2.75 -0.000129206 -0.00333724 0.00346645
2.8 -0.00012918 -0.00334002 0.0034692
2.85 -0.000129154 -0.00334269 0.00347184
2.9 -0.000129128 -0.00334535 0.00347448
2.95 -0.000129103 -0.00334794 0.00347705
3 -0.000129077 -0.00335046 0.00347954
