# efaschroedinger eigenstates (quantum_el)
# Index Particle EigenEnergy     Occupation  FermiLevel Temperature
      0      el     -0.112971       0.978753     -0.0139556         300
      1      el     -0.108542       0.974886      -0.013952         300
      2      el     -0.108493       0.974839      -0.013952         300
      3      el     -0.102444       0.968419     -0.0139498         300
      4      el     -0.102382       0.968345     -0.0139498         300
      5      el    -0.0999721       0.965355     -0.0139537         300
      6      el    -0.0958706       0.959648     -0.0139477         300
      7      el    -0.0930379       0.955181     -0.0139494         300
      8      el    -0.0893916       0.948733     -0.0139532         300
      9      el    -0.0892422       0.948451     -0.0139532         300
     10      el    -0.0851752       0.940206     -0.0139477         300
     11      el    -0.0850015       0.939828     -0.0139477         300
     12      el    -0.0755172         0.9154     -0.0139526         300
     13      el    -0.0754755       0.915274     -0.0139527         300
     14      el    -0.0743562       0.911856     -0.0139526         300
     15      el    -0.0731407       0.908021     -0.0139472         300
     16      el    -0.0729633       0.907446     -0.0139473         300
     17      el    -0.0640038       0.873925     -0.0139513         300
     18      el    -0.0591648       0.851836     -0.0139477         300
     19      el    -0.0577747       0.844927     -0.0139463         300
     20      el    -0.0565235       0.838447     -0.0139525         300
