# efaschroedinger eigenstates (quantum_hl)
# Index Particle EigenEnergy     Occupation  FermiLevel Temperature
      0      hl      -3.66875       0.546136       -3.67353         300
      1      hl      -3.66875       0.546136       -3.67353         300
      2      hl      -3.66879       0.545705       -3.67353         300
      3      hl      -3.66879       0.545705       -3.67353         300
      4      hl      -3.66978       0.536245       -3.67353         300
      5      hl      -3.66978       0.536245       -3.67353         300
      6      hl       -3.6709       0.525488       -3.67354         300
      7      hl       -3.6709       0.525488       -3.67354         300
      8      hl      -3.67091        0.52534       -3.67353         300
      9      hl      -3.67091        0.52534       -3.67353         300
     10      hl      -3.67159         0.5188       -3.67354         300
     11      hl      -3.67159         0.5188       -3.67354         300
     12      hl      -3.67265       0.508544       -3.67353         300
     13      hl      -3.67265       0.508544       -3.67353         300
     14      hl      -3.67311        0.50407       -3.67353         300
     15      hl      -3.67311        0.50407       -3.67353         300
     16      hl      -3.67338       0.501525       -3.67354         300
     17      hl      -3.67338       0.501525       -3.67354         300
     18      hl      -3.67466       0.489125       -3.67354         300
     19      hl      -3.67466       0.489125       -3.67354         300
     20      hl      -3.67487       0.487048       -3.67353         300
     21      hl      -3.67487       0.487048       -3.67353         300
     22      hl      -3.67528       0.483142       -3.67353         300
     23      hl      -3.67528       0.483142       -3.67353         300
     24      hl      -3.67566       0.479477       -3.67354         300
     25      hl      -3.67566       0.479477       -3.67354         300
     26      hl      -3.67693       0.467277       -3.67354         300
     27      hl      -3.67693       0.467277       -3.67354         300
     28      hl      -3.67712       0.465387       -3.67354         300
     29      hl      -3.67712       0.465387       -3.67354         300
     30      hl      -3.67748       0.461859       -3.67353         300
     31      hl      -3.67748       0.461859       -3.67353         300
     32      hl      -3.67785       0.458292       -3.67353         300
     33      hl      -3.67785       0.458292       -3.67353         300
     34      hl      -3.67827       0.454353       -3.67353         300
     35      hl      -3.67827       0.454353       -3.67353         300
     36      hl      -3.67879       0.449383       -3.67354         300
     37      hl      -3.67879       0.449383       -3.67354         300
     38      hl      -3.67938       0.443695       -3.67354         300
     39      hl      -3.67938       0.443695       -3.67354         300
     40      hl      -3.68001       0.437733       -3.67354         300
     41      hl      -3.68001       0.437733       -3.67354         300
     42      hl      -3.68034        0.43452       -3.67353         300
     43      hl      -3.68034        0.43452       -3.67353         300
     44      hl      -3.68048       0.433212       -3.67353         300
     45      hl      -3.68048       0.433212       -3.67353         300
     46      hl       -3.6812       0.426404       -3.67353         300
     47      hl       -3.6812       0.426404       -3.67353         300
     48      hl      -3.68154       0.423182       -3.67353         300
     49      hl      -3.68154       0.423182       -3.67353         300
     50      hl      -3.68197       0.419116       -3.67353         300
     51      hl      -3.68197       0.419116       -3.67353         300
     52      hl      -3.68234       0.415649       -3.67354         300
     53      hl      -3.68234       0.415649       -3.67354         300
     54      hl      -3.68277       0.411697       -3.67354         300
     55      hl      -3.68277       0.411697       -3.67354         300
     56      hl      -3.68339       0.405904       -3.67354         300
     57      hl      -3.68339       0.405904       -3.67354         300
     58      hl      -3.68365        0.40356       -3.67355         300
     59      hl      -3.68365        0.40356       -3.67355         300
     60      hl      -3.68403       0.399905       -3.67353         300
     61      hl      -3.68403       0.399905       -3.67353         300
     62      hl      -3.68428       0.397581       -3.67354         300
     63      hl      -3.68428       0.397581       -3.67354         300
     64      hl      -3.68504       0.390551       -3.67353         300
     65      hl      -3.68504       0.390551       -3.67353         300
     66      hl      -3.68534       0.387758       -3.67353         300
     67      hl      -3.68534       0.387758       -3.67353         300
     68      hl      -3.68543       0.387099       -3.67355         300
     69      hl      -3.68543       0.387099       -3.67355         300
     70      hl       -3.6859       0.382633       -3.67353         300
     71      hl       -3.6859       0.382633       -3.67353         300
     72      hl      -3.68594       0.382299       -3.67354         300
     73      hl      -3.68594       0.382299       -3.67354         300
     74      hl      -3.68662       0.376053       -3.67353         300
     75      hl      -3.68662       0.376053       -3.67353         300
     76      hl      -3.68722       0.370634       -3.67353         300
     77      hl      -3.68722       0.370634       -3.67353         300
     78      hl      -3.68845       0.359771       -3.67355         300
     79      hl      -3.68845       0.359771       -3.67355         300
     80      hl      -3.68848       0.359591       -3.67356         300
