# ASCII 1D datafile generated by TiberCAD
# x ProbabilityDensity_0 ProbabilityDensity_1 ProbabilityDensity_2 ProbabilityDensity_3 ProbabilityDensity_4 ProbabilityDensity_5 ProbabilityDensity_6 ProbabilityDensity_7 ProbabilityDensity_8 ProbabilityDensity_9 ProbabilityDensity_10 ProbabilityDensity_11 ProbabilityDensity_12 ProbabilityDensity_13 ProbabilityDensity_14 ProbabilityDensity_15 ProbabilityDensity_16 ProbabilityDensity_17 ProbabilityDensity_18 ProbabilityDensity_19 ProbabilityDensity_20 ProbabilityDensity_21 ProbabilityDensity_22 EigenEnergyOnMesh_0 EigenEnergyOnMesh_1 EigenEnergyOnMesh_2 EigenEnergyOnMesh_3 EigenEnergyOnMesh_4 EigenEnergyOnMesh_5 EigenEnergyOnMesh_6 EigenEnergyOnMesh_7 EigenEnergyOnMesh_8 EigenEnergyOnMesh_9 EigenEnergyOnMesh_10 EigenEnergyOnMesh_11 EigenEnergyOnMesh_12 EigenEnergyOnMesh_13 EigenEnergyOnMesh_14 EigenEnergyOnMesh_15 EigenEnergyOnMesh_16 EigenEnergyOnMesh_17 EigenEnergyOnMesh_18 EigenEnergyOnMesh_19 EigenEnergyOnMesh_20 EigenEnergyOnMesh_21 EigenEnergyOnMesh_22 eDensity hDensity 
-20 1.69454e-15 1.04627e-14 8.94694e-14 1.61646e-12 1.16077e-10 7.47806e-09 1.10776e-08 8.9198e-09 2.27455e-08 2.9624e-08 2.51261e-08 4.15506e-08 5.60736e-08 5.03188e-08 5.94293e-08 8.60678e-08 8.86673e-08 8.24005e-08 1.08756e-07 1.3323e-07 1.24298e-07 1.25827e-07 1.62842e-07 -0.0010735 0.0240621 0.0753143 0.146227 0.232195 0.287891 0.297541 0.341547 0.401768 0.435629 0.502204 0.58585 0.64531 0.722107 0.829549 0.921528 1.00875 1.12889 1.2589 1.36993 1.49313 1.64904 1.80186 0.251475 0 
-19.0223 0.02357 0.142495 1.16797 19.9296 1338.15 82633.9 121525 94703.9 231117 293790 237768 371257 481460 410858 453209 620190 606365 525482 644755 743660 650261 608187 730496 -0.0010735 0.0240621 0.0753143 0.146227 0.232195 0.287891 0.297541 0.341547 0.401768 0.435629 0.502204 0.58585 0.64531 0.722107 0.829549 0.921528 1.00875 1.12889 1.2589 1.36993 1.49313 1.64904 1.80186 2.78636e+12 0 
-18.1307 0.136883 0.788926 5.86011 87.0399 4917.45 270712 390173 277050 593494 699937 486905 623357 697393 487140 397410 409646 297804 161633 106243 60892.5 16713.8 71.9974 11591.9 -0.0010735 0.0240621 0.0753143 0.146227 0.232195 0.287891 0.297541 0.341547 0.401768 0.435629 0.502204 0.58585 0.64531 0.722107 0.829549 0.921528 1.00875 1.12889 1.2589 1.36993 1.49313 1.64904 1.80186 9.2587e+12 0 
-17.3175 0.522895 2.84389 18.6878 231.703 10293 477223 666628 407706 697412 715452 365195 287971 205629 62815.8 2643.58 13894.4 66593.8 150854 320359 490746 523506 561029 704469 -0.0010735 0.0240621 0.0753143 0.146227 0.232195 0.287891 0.297541 0.341547 0.401768 0.435629 0.502204 0.58585 0.64531 0.722107 0.829549 0.921528 1.00875 1.12889 1.2589 1.36993 1.49313 1.64904 1.80186 1.70978e+13 0 
-16.5759 1.69119 8.67494 50.2421 513.194 17281 645305 864742 429019 511982 404554 96933.7 4101.8 17996.5 100410 277231 534460 605085 537557 572569 518884 302141 126329 35192.9 -0.0010735 0.0240621 0.0753143 0.146227 0.232195 0.287891 0.297541 0.341547 0.401768 0.435629 0.502204 0.58585 0.64531 0.722107 0.829549 0.921528 1.00875 1.12889 1.2589 1.36993 1.49313 1.64904 1.80186 2.59789e+13 0 
-15.8995 4.8914 23.7428 121.878 1028.65 25893.7 752388 957656 358616 230709 95074.4 2175.94 156887 384506 466055 552331 631750 438144 169985 35570.3 1391.64 67700.6 227813 485056 -0.0010735 0.0240621 0.0753143 0.146227 0.232195 0.287891 0.297541 0.341547 0.401768 0.435629 0.502204 0.58585 0.64531 0.722107 0.829549 0.921528 1.00875 1.12889 1.2589 1.36993 1.49313 1.64904 1.80186 3.8453e+13 0 
-15.2827 12.8928 59.4874 273.087 1924.85 36268.7 799171 956529 245085 38357.1 2126.48 133110 487380 715411 534911 316977 150456 14521 38071.1 252495 510831 579703 539748 481034 -0.0010735 0.0240621 0.0753143 0.146227 0.232195 0.287891 0.297541 0.341547 0.401768 0.435629 0.502204 0.58585 0.64531 0.722107 0.829549 0.921528 1.00875 1.12889 1.2589 1.36993 1.49313 1.64904 1.80186 6.08791e+13 0 
-14.7201 31.2881 137.856 571.459 3409.91 48611.1 797507 888239 133427 7680.35 132788 343754 635674 640810 267208 23747.6 32649.1 201401 406288 622012 622019 334424 78051.1 761.616 -0.0010735 0.0240621 0.0753143 0.146227 0.232195 0.287891 0.297541 0.341547 0.401768 0.435629 0.502204 0.58585 0.64531 0.722107 0.829549 0.921528 1.00875 1.12889 1.2589 1.36993 1.49313 1.64904 1.80186 1.0515e+14 0 
-14.207 70.4366 297.636 1124.58 5762.13 63149.8 762111 780982 51040.4 114690 375763 483780 516904 312850 27688.3 77717.6 398750 588987 502051 334760 111694 193.9 138862 462117 -0.0010735 0.0240621 0.0753143 0.146227 0.232195 0.287891 0.297541 0.341547 0.401768 0.435629 0.502204 0.58585 0.64531 0.722107 0.829549 0.921528 1.00875 1.12889 1.2589 1.36993 1.49313 1.64904 1.80186 1.91445e+14 0 
-13.7391 148.042 602.319 2092.37 9333.27 80105.2 706275 657645 7790.39 293387 610267 495106 270750 49252.4 38793.2 352274 685826 581631 208967 7951.84 75751 309452 525454 604686 -0.0010735 0.0240621 0.0753143 0.146227 0.232195 0.287891 0.297541 0.341547 0.401768 0.435629 0.502204 0.58585 0.64531 0.722107 0.829549 0.921528 1.00875 1.12889 1.2589 1.36993 1.49313 1.64904 1.80186 3.51842e+14 0 
-13.3123 292.163 1148.61 3697.63 14544.1 99664 640307 534122 1658.12 479406 761968 402175 68757.5 15818.8 240219 538321 591135 259232 2827.51 161286 503474 592449 398786 138940 -0.0010735 0.0240621 0.0753143 0.146227 0.232195 0.287891 0.297541 0.341547 0.401768 0.435629 0.502204 0.58585 0.64531 0.722107 0.829549 0.921528 1.00875 1.12889 1.2589 1.36993 1.49313 1.64904 1.80186 6.34311e+14 0 
-12.9231 544.235 2074.13 6232.04 21871 121961 571421 420050 24733 629892 809385 263562 35.2245 181810 455855 502035 278697 18710.5 112743 504117 687175 396578 55611.9 41545.1 -0.0010735 0.0240621 0.0753143 0.146227 0.232195 0.287891 0.297541 0.341547 0.401768 0.435629 0.502204 0.58585 0.64531 0.722107 0.829549 0.921528 1.00875 1.12889 1.2589 1.36993 1.49313 1.64904 1.80186 1.10636e+15 0 
-12.5681 961.493 3562.55 10055.4 31824 147067 504239 320339 67521.1 725696 766836 132971 62857.5 423785 560527 315426 39960.2 55964 366059 608468 439237 72169.6 51534.8 415799 -0.0010735 0.0240621 0.0753143 0.146227 0.232195 0.287891 0.297541 0.341547 0.401768 0.435629 0.502204 0.58585 0.64531 0.722107 0.829549 0.921528 1.00875 1.12889 1.2589 1.36993 1.49313 1.64904 1.80186 1.85747e+15 0 
-12.2444 1618.14 5844.27 15586.3 44918 174981 441451 236705 121363 765363 664238 42538.5 205832 627733 529180 119200 18125.7 285274 517030 419486 105450 21598.8 330975 649142 -0.0010735 0.0240621 0.0753143 0.146227 0.232195 0.287891 0.297541 0.341547 0.401768 0.435629 0.502204 0.58585 0.64531 0.722107 0.829549 0.921528 1.00875 1.12889 1.2589 1.36993 1.49313 1.64904 1.80186 2.99945e+15 0 
-11.9491 2604.65 9191.6 23284.2 61639.5 205624 384399 168911 179441 757527 532688 2603.59 369540 733893 405155 11089.6 178253 521286 478001 151763 3812.63 241243 531474 483871 -0.0010735 0.0240621 0.0753143 0.146227 0.232195 0.287891 0.297541 0.341547 0.401768 0.435629 0.502204 0.58585 0.64531 0.722107 0.829549 0.921528 1.00875 1.12889 1.2589 1.36993 1.49313 1.64904 1.80186 4.66417e+15 0 
-11.6799 4025.02 13907.9 33624 82413.9 238850 333553 115648 236942 714771 397107 8628.41 509814 735026 251388 15590.4 404542 637563 313491 7094.37 163534 491398 480562 165996 -0.0010735 0.0240621 0.0753143 0.146227 0.232195 0.287891 0.297541 0.341547 0.401768 0.435629 0.502204 0.58585 0.64531 0.722107 0.829549 0.921528 1.00875 1.12889 1.2589 1.36993 1.49313 1.64904 1.80186 6.99839e+15 0 
-11.4343 5991.75 20311.3 47065.8 107575 274445 288845 75117.5 290806 649743 274094 48865.5 603830 655481 118235 105549 592419 608991 135318 43241.6 425903 587898 269918 2607.41 -0.0010735 0.0240621 0.0753143 0.146227 0.232195 0.287891 0.297541 0.341547 0.401768 0.435629 0.502204 0.58585 0.64531 0.722107 0.829549 0.921528 1.00875 1.12889 1.2589 1.36993 1.49313 1.64904 1.80186 1.01561e+16 0 
-11.2103 8619.34 28714.7 64023.3 137340 312137 249908 45392.1 339338 573173 172654 110012 646540 530218 32594.7 235295 688035 479057 23372.2 202494 626025 505895 74028.6 81521.8 -0.0010735 0.0240621 0.0753143 0.146227 0.232195 0.287891 0.297541 0.341547 0.401768 0.435629 0.502204 0.58585 0.64531 0.722107 0.829549 0.921528 1.00875 1.12889 1.2589 1.36993 1.49313 1.64904 1.80186 1.42888e+16 0 
-11.0061 12016.7 39404.6 84834.4 171798 351614 216221 24614.8 381815 493209 96051.9 180399 644025 391264 525.193 364005 685859 311970 3285.73 391283 686165 325915 46.492 301626 -0.0010735 0.0240621 0.0753143 0.146227 0.232195 0.287891 0.297541 0.341547 0.401768 0.435629 0.502204 0.58585 0.64531 0.722107 0.829549 0.921528 1.00875 1.12889 1.2589 1.36993 1.49313 1.64904 1.80186 1.95356e+16 0 
-10.8198 16279.3 52620.4 109736 210899 392531 187212 11103.4 418158 415479 43785.6 251262 607426 261777 14862 465507 609169 160731 60146.5 537066 614690 146301 56090.5 516554 -0.0010735 0.0240621 0.0753143 0.146227 0.232195 0.287891 0.297541 0.341547 0.401768 0.435629 0.502204 0.58585 0.64531 0.722107 0.829549 0.921528 1.00875 1.12889 1.2589 1.36993 1.49313 1.64904 1.80186 2.6013e+16 0 
-10.6499 21482.6 68536.9 138850 254461 434526 162306 3390.64 448685 343492 13222.2 316840 548745 155251 62597.9 528613 490737 55547.6 161513 606907 464788 31229.6 190460 632472 -0.0010735 0.0240621 0.0753143 0.146227 0.232195 0.287891 0.297541 0.341547 0.401768 0.435629 0.502204 0.58585 0.64531 0.722107 0.829549 0.921528 1.00875 1.12889 1.2589 1.36993 1.49313 1.64904 1.80186 3.38063e+16 0 
-10.4949 27676.3 87252.4 172170 302179 477232 140966 229.946 473923 279137 778.175 373909 478531 77240.1 130021 553148 360384 5535.92 274994 601112 295480 589.102 339984 628575 -0.0010735 0.0240621 0.0753143 0.146227 0.232195 0.287891 0.297541 0.341547 0.401768 0.435629 0.502204 0.58585 0.64531 0.722107 0.829549 0.921528 1.00875 1.12889 1.2589 1.36993 1.49313 1.64904 1.80186 4.29643e+16 0 
-10.3536 34881.2 108782 209569 353644 520289 122699 582.135 494497 223154 2680.51 421130 404944 27840.1 205480 545223 239578 5713.22 376923 538546 150286 42626.9 458663 533436 -0.0010735 0.0240621 0.0753143 0.146227 0.232195 0.287891 0.297541 0.341547 0.401768 0.435629 0.502204 0.58585 0.64531 0.722107 0.829549 0.921528 1.00875 1.12889 1.2589 1.36993 1.49313 1.64904 1.80186 5.3495e+16 0 
-10.2247 43087.7 133056 250802 408364 563353 107068 3593.41 511047 175520 15403.5 458436 333673 3963.36 280387 513422 140738 44188.6 454188 443590 51824.2 131378 525190 393226 -0.0010735 0.0240621 0.0753143 0.146227 0.232195 0.287891 0.297541 0.341547 0.401768 0.435629 0.502204 0.58585 0.64531 0.722107 0.829549 0.921528 1.00875 1.12889 1.2589 1.36993 1.49313 1.64904 1.80186 6.5366e+16 0 
-10.1072 52256.4 159927 295525 465788 606103 93691.8 8570.49 524183 135746 35881.7 486527 268262 1065.39 349186 466347 68880.9 107431 502441 338099 5317.92 239785 538270 249677 -0.0010735 0.0240621 0.0753143 0.146227 0.232195 0.287891 0.297541 0.341547 0.401768 0.435629 0.502204 0.58585 0.64531 0.722107 0.829549 0.921528 1.00875 1.12889 1.2589 1.36993 1.49313 1.64904 1.80186 7.85063e+16 0 
-10 62321.4 189177 343311 525329 648250 82237.9 14956.1 534462 103090 61579.7 506502 210589 14282.6 408825 411337 23944.8 183313 523161 237981 4987.88 346558 508215 130613 -0.0010735 0.0240621 0.0753143 0.146227 0.232195 0.287891 0.297541 0.341547 0.401768 0.435629 0.502204 0.58585 0.64531 0.722107 0.829549 0.921528 1.00875 1.12889 1.2589 1.36993 1.49313 1.64904 1.80186 9.28109e+16 0 
-10 62321.4 189177 343311 525329 648250 82237.9 14956.1 534462 103090 61579.7 506502 210589 14282.6 408825 411337 23944.8 183313 523161 237981 4987.88 346558 508215 130613 -0.0010735 0.0240621 0.0753143 0.146227 0.232195 0.287891 0.297541 0.341547 0.401768 0.435629 0.502204 0.58585 0.64531 0.722107 0.829549 0.921528 1.00875 1.12889 1.2589 1.36993 1.49313 1.64904 1.80186 9.28109e+16 0 
-9.8995 70013 211315 378688 567675 675317 74386.4 20223.6 537339 82437.3 82293.6 513364 171989 31589.6 442979 365696 6219.47 239987 518332 171153 27964.1 411855 460865 65383.2 -0.0010735 0.0240621 0.0753143 0.146227 0.232195 0.287891 0.297541 0.341547 0.401768 0.435629 0.502204 0.58585 0.64531 0.722107 0.829549 0.921528 1.00875 1.12889 1.2589 1.36993 1.49313 1.64904 1.80186 1.03638e+17 0 
-9.79899 78061.7 234208 414239 607866 696406 66121.4 26012.5 533040 62967.9 104450 510464 133928 54669.3 466220 312293 2.71931 294371 492479 108969 67427.2 458980 390172 20078.5 -0.0010735 0.0240621 0.0753143 0.146227 0.232195 0.287891 0.297541 0.341547 0.401768 0.435629 0.502204 0.58585 0.64531 0.722107 0.829549 0.921528 1.00875 1.12889 1.2589 1.36993 1.49313 1.64904 1.80186 1.14833e+17 0 
-9.69849 86449.5 257763 449693 645397 711131 57633.6 32186.8 521690 45286 127313 497921 98081.9 82412.3 477313 254397 5714.39 342468 447730 57094.2 119479 482881 304497 533.503 -0.0010735 0.0240621 0.0753143 0.146227 0.232195 0.287891 0.297541 0.341547 0.401768 0.435629 0.502204 0.58585 0.64531 0.722107 0.829549 0.921528 1.00875 1.12889 1.2589 1.36993 1.49313 1.64904 1.80186 1.26352e+17 0 
-9.59799 95158 281887 484784 679798 719227 49118.2 38601.6 503601 29939.2 150122 476222 66025.9 113486 475674 195543 22969.4 380746 387762 20253.9 178981 481002 213971 9264.59 -0.0010735 0.0240621 0.0753143 0.146227 0.232195 0.287891 0.297541 0.341547 0.401768 0.435629 0.502204 0.58585 0.64531 0.722107 0.829549 0.921528 1.00875 1.12889 1.2589 1.36993 1.49313 1.64904 1.80186 1.38153e+17 0 
-9.49749 104168 306486 519246 710643 720556 40770.6 45106.9 479265 17402.1 172122 446199 39167 146401 461400 139326 50604.7 406398 317497 1800.52 240061 453554 129290 45148.5 -0.0010735 0.0240621 0.0753143 0.146227 0.232195 0.287891 0.297541 0.341547 0.401768 0.435629 0.502204 0.58585 0.64531 0.722107 0.829549 0.921528 1.00875 1.12889 1.2589 1.36993 1.49313 1.64904 1.80186 1.5019e+17 0 
-9.39698 113462 331464 552823 737550 715105 32781.8 51550.8 449338 8061.57 192586 408999 18683 179579 435262 89172.8 86759.1 417545 242694 3413.05 296696 403488 60454.8 103570 -0.0010735 0.0240621 0.0753143 0.146227 0.232195 0.287891 0.297541 0.341547 0.401768 0.435629 0.502204 0.58585 0.64531 0.722107 0.829549 0.921528 1.00875 1.12889 1.2589 1.36993 1.49313 1.64904 1.80186 1.62421e+17 0 
-9.29648 123020 356726 585268 760193 702992 25334.2 57783.3 414624 2205.57 210838 366041 5470.9 211433 398663 48141 128999 413377 169481 24945.1 343304 336182 15593.5 177016 -0.0010735 0.0240621 0.0753143 0.146227 0.232195 0.287891 0.297541 0.341547 0.401768 0.435629 0.502204 0.58585 0.64531 0.722107 0.829549 0.921528 1.00875 1.12889 1.2589 1.36993 1.49313 1.64904 1.80186 1.74801e+17 0 
-9.19598 132823 382178 616343 778297 684457 18597.7 63659.7 376050 14.2811 226276 318956 108.885 240440 353561 18728.8 174484 394208 103852 64440.3 375294 258855 0.0260625 256047 -0.0010735 0.0240621 0.0753143 0.146227 0.232195 0.287891 0.297541 0.341547 0.401768 0.435629 0.502204 0.58585 0.64531 0.722107 0.829549 0.921528 1.00875 1.12889 1.2589 1.36993 1.49313 1.64904 1.80186 1.87289e+17 0 
-9.09548 142852 407726 645823 791650 659861 12725.2 69043.9 334644 1555.08 238394 269531 2831.34 265215 302367 2725.63 220158 361451 51175.4 118312 389520 179798 15514.2 330508 -0.0010735 0.0240621 0.0753143 0.146227 0.232195 0.287891 0.297541 0.341547 0.401768 0.435629 0.502204 0.58585 0.64531 0.722107 0.829549 0.921528 1.00875 1.12889 1.2589 1.36993 1.49313 1.64904 1.80186 1.99843e+17 0 
-8.99497 153089 433276 673497 800097 629676 7849.93 73811.6 291508 6780.74 246796 219637 13519.5 284579 247813 1104.52 262952 317516 15758.7 181670 384587 107483 60307.1 390836 -0.0010735 0.0240621 0.0753143 0.146227 0.232195 0.287891 0.297541 0.341547 0.401768 0.435629 0.502204 0.58585 0.64531 0.722107 0.829549 0.921528 1.00875 1.12889 1.2589 1.36993 1.49313 1.64904 1.80186 2.12421e+17 0 
-8.89447 163514 458738 699169 803549 594476 4082.33 77853.3 247786 15531.3 251208 171163 31707.5 297610 192806 13964.1 299998 265630 495.99 248766 360988 49653.9 129099 429289 -0.0010735 0.0240621 0.0753143 0.146227 0.232195 0.287891 0.297541 0.341547 0.401768 0.435629 0.502204 0.58585 0.64531 0.722107 0.829549 0.921528 1.00875 1.12889 1.2589 1.36993 1.49313 1.64904 1.80186 2.24984e+17 0 
-8.79397 174108 484020 722659 801975 554930 1507.44 81076.5 204634 27539.2 251490 125937 56603.1 303692 140274 40524 328811 209598 6633.95 313517 321053 12502.8 213786 440935 -0.0010735 0.0240621 0.0753143 0.146227 0.232195 0.287891 0.297541 0.341547 0.401768 0.435629 0.502204 0.58585 0.64531 0.722107 0.829549 0.921528 1.00875 1.12889 1.2589 1.36993 1.49313 1.64904 1.80186 2.37494e+17 0 
-8.69347 184854 509036 743806 795412 511782 183.326 83407.7 163192 42437.8 247637 85666.2 87123.2 302540 93011.1 79173.6 347464 153529 33671.9 370056 268720 4.88819 304393 424286 -0.0010735 0.0240621 0.0753143 0.146227 0.232195 0.287891 0.297541 0.341547 0.401768 0.435629 0.502204 0.58585 0.64531 0.722107 0.829549 0.921528 1.00875 1.12889 1.2589 1.36993 1.49313 1.64904 1.80186 2.49913e+17 0 
-8.59296 195733 533700 762466 783956 465843 139.768 84794.7 124552 59773.2 239780 51866.5 121942 294215 53528.9 127571 354712 101529 79404.4 413263 209142 13497.4 390255 381488 -0.0010735 0.0240621 0.0753143 0.146227 0.232195 0.287891 0.297541 0.341547 0.401768 0.435629 0.502204 0.58585 0.64531 0.722107 0.829549 0.921528 1.00875 1.12889 1.2589 1.36993 1.49313 1.64904 1.80186 2.62207e+17 0 
-8.49246 206728 557929 778515 767763 417970 1377.76 85206.8 89731.7 79017.6 228183 25809.5 159547 279118 23923.2 182785 350075 57404.3 140103 439230 148184 51538 461268 318040 -0.0010735 0.0240621 0.0753143 0.146227 0.232195 0.287891 0.297541 0.341547 0.401768 0.435629 0.502204 0.58585 0.64531 0.722107 0.829549 0.921528 1.00875 1.12889 1.2589 1.36993 1.49313 1.64904 1.80186 2.74341e+17 0 
-8.39196 217820 581643 791850 747048 369057 3869.59 84636.1 59644 99586.3 213230 8473.86 198308 257974 5764.29 241474 333871 24382.6 210823 445613 91841.7 110062 509082 242085 -0.0010735 0.0240621 0.0753143 0.146227 0.232195 0.287891 0.297541 0.341547 0.401768 0.435629 0.502204 0.58585 0.64531 0.722107 0.829549 0.921528 1.00875 1.12889 1.2589 1.36993 1.49313 1.64904 1.80186 2.86285e+17 0 
-8.29146 228993 604765 802386 722081 320011 7559.58 83097.2 35078 120855 195416 510.271 236546 231793 14.6988 300092 307190 4877.81 285805 431840 45654.9 182817 528080 163371 -0.0010735 0.0240621 0.0753143 0.146227 0.232195 0.287891 0.297541 0.341547 0.401768 0.435629 0.502204 0.58585 0.64531 0.722107 0.829549 0.921528 1.00875 1.12889 1.2589 1.36993 1.49313 1.64904 1.80186 2.98007e+17 0 
-8.19095 240230 627222 810063 693182 271742 12365.4 80627.2 16676.2 142181 175329 2217.21 272608 201825 6978.93 355098 271825 314.982 358948 399167 14162.5 262035 516035 91993 -0.0010735 0.0240621 0.0753143 0.146227 0.232195 0.287891 0.297541 0.341547 0.401768 0.435629 0.502204 0.58585 0.64531 0.722107 0.829549 0.921528 1.00875 1.12889 1.2589 1.36993 1.49313 1.64904 1.80186 3.0948e+17 0 
-8.09045 251516 648945 814839 660718 225140 18180.2 77284.2 4919.42 162918 153628 13530.9 304935 169497 26288.7 403171 230145 11027.4 424302 350557 458.095 339262 474373 37101.7 -0.0010735 0.0240621 0.0753143 0.146227 0.232195 0.287891 0.297541 0.341547 0.401768 0.435629 0.502204 0.58585 0.64531 0.722107 0.829549 0.921528 1.00875 1.12889 1.2589 1.36993 1.49313 1.64904 1.80186 3.20679e+17 0 
-7.98995 262833 669867 816693 625099 181064 24874.6 73146.3 114.133 182440 131028 34028.5 332134 136347 56923.5 441414 184943 36233.7 476556 290412 5887.3 406260 408001 5732.37 -0.0010735 0.0240621 0.0753143 0.146227 0.232195 0.287891 0.297541 0.341547 0.401768 0.435629 0.502204 0.58585 0.64531 0.722107 0.829549 0.921528 1.00875 1.12889 1.2589 1.36993 1.49313 1.64904 1.80186 3.3158e+17 0 
-7.88945 274167 689925 815628 586770 140323 32300.4 68309.6 2385.5 200160 108267 62944.8 353033 103951 97265.5 467526 139242 74095.9 511470 224176 29917.5 455886 324725 1904.22 -0.0010735 0.0240621 0.0753143 0.146227 0.232195 0.287891 0.297541 0.341547 0.401768 0.435629 0.502204 0.58585 0.64531 0.722107 0.829549 0.921528 1.00875 1.12889 1.2589 1.36993 1.49313 1.64904 1.80186 3.4216e+17 0 
-7.78894 285504 709062 811664 546207 103664 40293.3 62886 11674.6 215546 86091.9 99201.3 366735 73845.3 145186 479939 96098.9 121855 526211 157839 70191.8 482853 234337 26107.8 -0.0010735 0.0240621 0.0753143 0.146227 0.232195 0.287891 0.297541 0.341547 0.401768 0.435629 0.502204 0.58585 0.64531 0.722107 0.829549 0.921528 1.00875 1.12889 1.2589 1.36993 1.49313 1.64904 1.80186 3.524e+17 0 
-7.68844 296828 727224 804844 503913 71756.5 48676.7 57000.5 27740.5 228135 65226.2 141448 372654 47458.3 198159 477911 58394.9 176032 519592 97396.7 122761 484293 147458 75244.7 -0.0010735 0.0240621 0.0753143 0.146227 0.232195 0.287891 0.297541 0.341547 0.401768 0.435629 0.502204 0.58585 0.64531 0.722107 0.829549 0.921528 1.00875 1.12889 1.2589 1.36993 1.49313 1.64904 1.80186 3.62284e+17 0 
-7.58794 308127 744360 795230 460409 45182.3 57266 50788.4 50167.4 237552 46350.6 188112 370542 26039.9 253393 461574 28647.4 232685 492158 48309.7 182474 460062 74291.9 143026 -0.0010735 0.0240621 0.0753143 0.146227 0.232195 0.287891 0.297541 0.341547 0.401768 0.435629 0.502204 0.58585 0.64531 0.722107 0.829549 0.921528 1.00875 1.12889 1.2589 1.36993 1.49313 1.64904 1.80186 3.71795e+17 0 
-7.48744 319388 760425 782904 416225 24424.6 65872.4 44391.9 78375.4 243518 30080.2 237460 360496 10603.9 307982 431919 8841.1 287692 446146 15010.5 243481 412749 23430.7 220780 -0.0010735 0.0240621 0.0753143 0.146227 0.232195 0.287891 0.297541 0.341547 0.401768 0.435629 0.502204 0.58585 0.64531 0.722107 0.829549 0.921528 1.00875 1.12889 1.2589 1.36993 1.49313 1.64904 1.80186 3.8092e+17 0 
-7.38693 330598 775377 767964 371903 9860.15 74307 37957.4 111637 245856 16944.2 287661 342954 1880.23 359055 390738 296.725 337055 385297 504.482 299808 347401 844.065 298562 -0.0010735 0.0240621 0.0753143 0.146227 0.232195 0.287891 0.297541 0.341547 0.401768 0.435629 0.502204 0.58585 0.64531 0.722107 0.829549 0.921528 1.00875 1.12889 1.2589 1.36993 1.49313 1.64904 1.80186 3.89649e+17 0 
-7.28643 341744 789180 750527 327978 1752.58 82385.3 31631.5 149094 244501 7369.45 336853 318678 281.081 403930 340518 3583.68 377189 314556 6100.46 345943 270985 9182.24 366428 -0.0010735 0.0240621 0.0753143 0.146227 0.232195 0.287891 0.297541 0.341547 0.401768 0.435629 0.502204 0.58585 0.64531 0.722107 0.829549 0.921528 1.00875 1.12889 1.2589 1.36993 1.49313 1.64904 1.80186 3.97971e+17 0 
-7.18593 352817 801801 730727 284984 248.367 89931 25558.3 189784 239496 1666.6 383215 288716 5882.02 440253 284284 18483.2 405182 239664 31294 377375 191642 47467.6 415704 -0.0010735 0.0240621 0.0753143 0.146227 0.232195 0.287891 0.297541 0.341547 0.401768 0.435629 0.502204 0.58585 0.64531 0.722107 0.829549 0.921528 1.00875 1.12889 1.2589 1.36993 1.49313 1.64904 1.80186 4.0588e+17 0 
-7.08543 363804 813212 708713 243436 5374.68 96779.7 19875.8 232661 230996 20.5088 425035 254362 18419 466120 225421 44003.9 419006 166698 73814.8 391033 117821 111211 440098 -0.0010735 0.0240621 0.0753143 0.146227 0.232195 0.287891 0.297541 0.341547 0.401768 0.435629 0.502204 0.58585 0.64531 0.722107 0.829549 0.921528 1.00875 1.12889 1.2589 1.36993 1.49313 1.64904 1.80186 4.13371e+17 0 
-6.98492 374697 823388 684646 203834 17039.4 102783 14712.7 276627 219260 2484.49 460767 217096 37301.2 480180 167471 78448.4 417662 101573 129832 385586 57379.6 192943 436497 -0.0010735 0.0240621 0.0753143 0.146227 0.232195 0.287891 0.297541 0.341547 0.401768 0.435629 0.502204 0.58585 0.64531 0.722107 0.829549 0.921528 1.00875 1.12889 1.2589 1.36993 1.49313 1.64904 1.80186 4.2044e+17 0 
-6.88442 385485 832310 658702 166651 35033.4 107810 10185.9 320556 204642 8978.95 489097 178520 61639.8 481703 113915 119527 401256 49568.1 194302 361573 16748.8 283085 405370 -0.0010735 0.0240621 0.0753143 0.146227 0.232195 0.287891 0.297541 0.341547 0.401768 0.435629 0.502204 0.58585 0.64531 0.722107 0.829549 0.921528 1.00875 1.12889 1.2589 1.36993 1.49313 1.64904 1.80186 4.27085e+17 0 
-6.78392 396159 839962 631069 132330 59034.7 111754 6397.66 363325 187583 19294.2 508984 140293 90289.9 470614 67970.6 164512 370983 14894.5 261421 321349 250.609 371081 350697 -0.0010735 0.0240621 0.0753143 0.146227 0.232195 0.287891 0.297541 0.341547 0.401768 0.435629 0.502204 0.58585 0.64531 0.722107 0.829549 0.921528 1.00875 1.12889 1.2589 1.36993 1.49313 1.64904 1.80186 4.33306e+17 0 
-6.68342 406712 846335 601943 101278 88614.6 114530 3433.37 403845 168596 33097.7 519699 104054 121905 447504 32395.3 210415 329047 359.676 325152 268848 9639.26 446626 279468 -0.0010735 0.0240621 0.0753143 0.146227 0.232195 0.287891 0.297541 0.341547 0.401768 0.435629 0.502204 0.58585 0.64531 0.722107 0.829549 0.921528 1.00875 1.12889 1.2589 1.36993 1.49313 1.64904 1.80186 4.39106e+17 0 
-6.58291 417135 851419 571531 73862 123246 116079 1359.76 441083 148249 49944.8 520855 71358.5 155000 413590 9322.81 254193 278492 7139.98 379763 209208 43917.2 500882 200783 -0.0010735 0.0240621 0.0753143 0.146227 0.232195 0.287891 0.297541 0.341547 0.401768 0.435629 0.502204 0.58585 0.64531 0.722107 0.829549 0.921528 1.00875 1.12889 1.2589 1.36993 1.49313 1.64904 1.80186 4.44486e+17 0 
-6.48241 427420 855214 540043 50405.7 162313 116368 223.434 474094 127152 69293.6 512417 43606.1 188022 370656 136.205 292941 222988 34687.2 420348 148256 99442.6 527502 124689 -0.0010735 0.0240621 0.0753143 0.146227 0.232195 0.287891 0.297541 0.341547 0.401768 0.435629 0.502204 0.58585 0.64531 0.722107 0.829549 0.921528 1.00875 1.12889 1.2589 1.36993 1.49313 1.64904 1.80186 4.49452e+17 0 
-6.38191 437562 857718 507701 31184.6 205123 115394 49.8916 502042 105936 90522.4 494704 21985 219424 320953 5385.92 324094 166560 80774.5 443262 91948.8 170318 523377 60901.2 -0.0010735 0.0240621 0.0753143 0.146227 0.232195 0.287891 0.297541 0.341547 0.401768 0.435629 0.502204 0.58585 0.64531 0.722107 0.829549 0.921528 1.00875 1.12889 1.2589 1.36993 1.49313 1.64904 1.80186 4.5401e+17 0 
-6.28141 447554 858938 474725 16423.9 250917 113180 843.028 524221 85233.1 112950 468375 7419.78 247735 267089 24757.8 345590 113298 141678 446451 45785.3 249019 488998 17560 -0.0010735 0.0240621 0.0753143 0.146227 0.232195 0.287891 0.297541 0.341547 0.401768 0.435629 0.502204 0.58585 0.64531 0.722107 0.829549 0.921528 1.00875 1.12889 1.2589 1.36993 1.49313 1.64904 1.80186 4.58166e+17 0 
-6.1809 457390 858882 441342 6295.9 298886 109774 2585.12 540073 65660.5 135857 434406 532.72 271629 211884 57092.9 356008 67059.6 212478 429636 14272.2 327192 428393 195.63 -0.0010735 0.0240621 0.0753143 0.146227 0.232195 0.287891 0.297541 0.341547 0.401768 0.435629 0.502204 0.58585 0.64531 0.722107 0.829549 0.921528 1.00875 1.12889 1.2589 1.36993 1.49313 1.64904 1.80186 4.61929e+17 0 
-6.0804 467066 857562 407777 918.518 348184 105252 5237.28 549202 47800.6 158510 394054 1617.94 289992 158227 100458 354663 31192.4 287459 394331 485.145 396544 348658 11023 -0.0010735 0.0240621 0.0753143 0.146227 0.232195 0.287891 0.297541 0.341547 0.401768 0.435629 0.502204 0.58585 0.64531 0.722107 0.829549 0.921528 1.00875 1.12889 1.2589 1.36993 1.49313 1.64904 1.80186 4.65308e+17 0 
-5.9799 476575 854994 374258 354.211 397944 99713.9 8740.4 551384 32184.3 180185 348807 10629.2 301967 108924 152261 341649 8291.99 360569 343715 5769.15 449720 259121 48661.7 -0.0010735 0.0240621 0.0753143 0.146227 0.232195 0.287891 0.297541 0.341547 0.401768 0.435629 0.502204 0.58585 0.64531 0.722107 0.829549 0.921528 1.00875 1.12889 1.2589 1.36993 1.49313 1.64904 1.80186 4.68314e+17 0 
-5.8794 485915 851196 341010 4609.55 447292 93280 13016.5 546570 19275 200190 300333 27182.5 306996 66549.9 209409 317832 14.8499 425913 282336 29609.1 481084 170255 108314 -0.0010735 0.0240621 0.0753143 0.146227 0.232195 0.287891 0.297541 0.341547 0.401768 0.435629 0.502204 0.58585 0.64531 0.722107 0.829549 0.921528 1.00875 1.12889 1.2589 1.36993 1.49313 1.64904 1.80186 4.70957e+17 0 
-5.77889 495081 846192 308252 13635.5 495364 86090.5 17970.6 534890 9455.48 217887 250415 50573 304849 33318.5 268490 284792 6959.45 478223 215709 69681.1 487315 92449.2 182376 -0.0010735 0.0240621 0.0753143 0.146227 0.232195 0.287891 0.297541 0.341547 0.401768 0.435629 0.502204 0.58585 0.64531 0.722107 0.829549 0.921528 1.00875 1.12889 1.2589 1.36993 1.49313 1.64904 1.80186 4.73249e+17 0 
-5.67839 504070 840005 276202 27328.2 541320 78301.7 23492.8 516646 3016.62 232712 200888 79805.3 295631 10963.5 325980 244720 28624.1 513285 149814 122080 467759 34797.7 261413 -0.0010735 0.0240621 0.0753143 0.146227 0.232195 0.287891 0.297541 0.341547 0.401768 0.435629 0.502204 0.58585 0.64531 0.722107 0.829549 0.921528 1.00875 1.12889 1.2589 1.36993 1.49313 1.64904 1.80186 4.75202e+17 0 
-5.57789 512880 832666 245071 45530.7 584357 70082.1 29460.7 492309 148.879 244195 153570 113636 279775 650.822 378452 200268 63444.1 528277 90567.3 181701 424495 4037.32 335357 -0.0010735 0.0240621 0.0753143 0.146227 0.232195 0.287891 0.297541 0.341547 0.401768 0.435629 0.502204 0.58585 0.64531 0.722107 0.829549 0.921528 1.00875 1.12889 1.2589 1.36993 1.49313 1.64904 1.80186 4.76831e+17 0 
-5.47739 521506 824204 215063 68034.7 623729 61609.3 35742.2 462498 937.025 251971 110197 150629 258026 2917.94 422779 154377 108906 521999 43282.4 242738 362113 3761.48 394790 -0.0010735 0.0240621 0.0753143 0.146227 0.232195 0.287891 0.297541 0.341547 0.401768 0.435629 0.502204 0.58585 0.64531 0.722107 0.829549 0.921528 1.00875 1.12889 1.2589 1.36993 1.49313 1.64904 1.80186 4.78147e+17 0 
-5.37688 529949 814654 186372 94583.6 658751 53066.1 42198.8 427973 5357.82 255797 72358.4 189213 231402 17646.9 456324 110083 161728 494961 12200.3 299248 287229 34002.6 432149 -0.0010735 0.0240621 0.0753143 0.146227 0.232195 0.287891 0.297541 0.341547 0.401768 0.435629 0.502204 0.58585 0.64531 0.722107 0.829549 0.921528 1.00875 1.12889 1.2589 1.36993 1.49313 1.64904 1.80186 4.79166e+17 0 
-5.27638 538205 804052 159185 124875 688819 44636.5 48687.8 389611 13280.9 255552 41439 227750 201149 44071.1 477092 70313.3 218101 449348 107.68 345732 207780 91230.2 442680 -0.0010735 0.0240621 0.0753143 0.146227 0.232195 0.287891 0.297541 0.341547 0.401768 0.435629 0.502204 0.58585 0.64531 0.722107 0.829549 0.921528 1.00875 1.12889 1.2589 1.36993 1.49313 1.64904 1.80186 4.79901e+17 0 
-5.17588 546273 792435 133676 158566 713414 36501.5 55066.5 348385 24473 251248 18570 264608 168680 80815.9 483851 37694.2 273960 388840 8088.32 377670 132184 168765 425047 -0.0010735 0.0240621 0.0753143 0.146227 0.232195 0.287891 0.297541 0.341547 0.401768 0.435629 0.502204 0.58585 0.64531 0.722107 0.829549 0.921528 1.00875 1.12889 1.2589 1.36993 1.49313 1.64904 1.80186 4.80366e+17 0 
-5.07538 554152 779846 110010 195274 732117 28835.7 61194.5 305336 38604.7 243024 4587.45 298226 135511 125971 476204 14380 325280 318312 35427.4 391956 68447.1 257558 381500 -0.0010735 0.0240621 0.0753143 0.146227 0.232195 0.287891 0.297541 0.341547 0.401768 0.435629 0.502204 0.58585 0.64531 0.722107 0.829549 0.921528 1.00875 1.12889 1.2589 1.36993 1.49313 1.64904 1.80186 4.80577e+17 0 
-4.97487 561842 766325 88335.6 234585 744608 21803.4 66937.4 261553 55260.5 231145 2.04431 327181 103189 177189 454612 1909.45 368364 243447 79676.5 387204 23319.3 347251 317586 -0.0010735 0.0240621 0.0753143 0.146227 0.232195 0.287891 0.297541 0.341547 0.401768 0.435629 0.502204 0.58585 0.64531 0.722107 0.829549 0.921528 1.00875 1.12889 1.2589 1.36993 1.49313 1.64904 1.80186 4.80548e+17 0 
-4.87437 569342 751919 68791.9 276057 750678 15555 72169.4 218139 73951.3 215992 4981.16 350249 73220.7 231811 420364 1105.28 400110 170272 136874 363882 1577.79 427383 241442 -0.0010735 0.0240621 0.0753143 0.146227 0.232195 0.287891 0.297541 0.341547 0.401768 0.435629 0.502204 0.58585 0.64531 0.722107 0.829549 0.921528 1.00875 1.12889 1.2589 1.36993 1.49313 1.64904 1.80186 4.80294e+17 0 
-4.77387 576651 736673 51502 319224 750231 10224.1 76775.9 176188 94128.7 198048 19343.3 366457 47001.5 287002 375504 12020.6 418236 104676 201901 324261 5523.71 488611 162757 -0.0010735 0.0240621 0.0753143 0.146227 0.232195 0.287891 0.297541 0.341547 0.401768 0.435629 0.502204 0.58585 0.64531 0.722107 0.829549 0.921528 1.00875 1.12889 1.2589 1.36993 1.49313 1.64904 1.80186 4.79829e+17 0 
-4.67337 583770 720635 36574.5 363601 743281 5924.26 80656.5 136755 115201 177884 42565.2 375122 25752.1 339898 322702 33936 421439 51935.8 268938 272198 34739.7 523798 91545.1 -0.0010735 0.0240621 0.0753143 0.146227 0.232195 0.287891 0.297541 0.341547 0.401768 0.435629 0.502204 0.58585 0.64531 0.722107 0.829549 0.921528 1.00875 1.12889 1.2589 1.36993 1.49313 1.64904 1.80186 4.79168e+17 0 
-4.57286 590700 703854 24103 408693 729957 2747.26 83726.6 100831 136552 156144 73801.4 375882 10461.3 387756 265103 65407.6 409495 16294.1 331990 212756 86135.5 528846 36863.5 -0.0010735 0.0240621 0.0753143 0.146227 0.232195 0.287891 0.297541 0.341547 0.401768 0.435629 0.502204 0.58585 0.64531 0.722107 0.829549 0.921528 1.00875 1.12889 1.2589 1.36993 1.49313 1.64904 1.80186 4.78325e+17 0 
-4.47236 597440 686381 14165.1 453998 710498 760.685 85919.9 69316.9 157555 133517 111915 368708 1839.9 428098 206131 104363 383266 616.262 385419 151717 154276 503173 5667.1 -0.0010735 0.0240621 0.0753143 0.146227 0.232195 0.287891 0.297541 0.341547 0.401768 0.435629 0.502204 0.58585 0.64531 0.722107 0.829549 0.921528 1.00875 1.12889 1.2589 1.36993 1.49313 1.64904 1.80186 4.77315e+17 0 
-4.37186 603992 668266 6822.64 499010 685247 6.76011 87188.9 43003.8 177598 110722 155521 353906 288.722 458835 149292 148236 344644 6162.34 424449 95013.1 231956 449775 1922.87 -0.0010735 0.0240621 0.0753143 0.146227 0.232195 0.287891 0.297541 0.341547 0.401768 0.435629 0.502204 0.58585 0.64531 0.722107 0.829549 0.921528 1.00875 1.12889 1.2589 1.36993 1.49313 1.64904 1.80186 4.76151e+17 0 
-4.27136 610355 649563 2120.98 543231 654647 501.505 87506.8 22550.2 196096 88482.4 203035 332107 5879.81 478378 97964.9 194141 296411 32486.9 445594 48155.2 310966 374881 26106.9 -0.0010735 0.0240621 0.0753143 0.146227 0.232195 0.287891 0.297541 0.341547 0.401768 0.435629 0.502204 0.58585 0.64531 0.722107 0.829549 0.921528 1.00875 1.12889 1.2589 1.36993 1.49313 1.64904 1.80186 4.74848e+17 0 
-4.17085 616533 630325 89.0779 586172 619234 2234.43 86867.3 8467.84 212508 67502.8 252731 304234 18353.7 485718 55197.2 239057 242040 77475.5 446967 15695.7 382956 287221 75145.5 -0.0010735 0.0240621 0.0753143 0.146227 0.232195 0.287891 0.297541 0.341547 0.401768 0.435629 0.502204 0.58585 0.64531 0.722107 0.829549 0.921528 1.00875 1.12889 1.2589 1.36993 1.49313 1.64904 1.80186 4.73418e+17 0 
-4.07035 622525 610605 739.423 627357 579623 5168.84 85285.3 1108.83 226356 48447.7 302806 271466 37131.5 480480 23528.4 280031 185443 137516 428451 787.463 440320 197012 142807 -0.0010735 0.0240621 0.0753143 0.146227 0.232195 0.287891 0.297541 0.341547 0.401768 0.435629 0.502204 0.58585 0.64531 0.722107 0.829549 0.921528 1.00875 1.12889 1.2589 1.36993 1.49313 1.64904 1.80186 4.71875e+17 0 
-3.96985 628334 590457 4068.05 666335 536504 9242.64 82796.1 656.941 237239 31919.8 351444 235190 61342.6 462938 4837.9 314369 130692 207787 391702 4878.25 477000 114765 220493 -0.0010735 0.0240621 0.0753143 0.146227 0.232195 0.287891 0.297541 0.341547 0.401768 0.435629 0.502204 0.58585 0.64531 0.722107 0.829549 0.921528 1.00875 1.12889 1.2589 1.36993 1.49313 1.64904 1.80186 4.70231e+17 0 
-3.86935 633960 569938 10054.7 702676 490622 14369.7 79454.9 7123.49 244840 18441.7 396884 196937 89864.6 434005 234.549 339816 81721.5 282651 340009 27571 489124 50060.5 298337 -0.0010735 0.0240621 0.0753143 0.146227 0.232195 0.287891 0.297541 0.341547 0.401768 0.435629 0.502204 0.58585 0.64531 0.722107 0.829549 0.921528 1.00875 1.12889 1.2589 1.36993 1.49313 1.64904 1.80186 4.68498e+17 0 
-3.76884 639406 549101 18663.1 735983 442772 20441.8 75335.1 20347.3 248939 8439.22 437479 158324 121376 395183 9991.43 354701 42052.9 356100 277993 66663.3 475417 10435.1 366449 -0.0010735 0.0240621 0.0753143 0.146227 0.232195 0.287891 0.297541 0.341547 0.401768 0.435629 0.502204 0.58585 0.64531 0.722107 0.829549 0.921528 1.00875 1.12889 1.2589 1.36993 1.49313 1.64904 1.80186 4.66689e+17 0 
-3.66834 644673 528002 29841.1 765893 393780 27330.7 70527.2 39999.1 249419 2228.24 471762 120977 154418 348483 33530.2 358048 14536.4 422244 211194 118361 437328 503.223 416182 -0.0010735 0.0240621 0.0753143 0.146227 0.232195 0.287891 0.297541 0.341547 0.401768 0.435629 0.502204 0.58585 0.64531 0.722107 0.829549 0.921528 1.00875 1.12889 1.2589 1.36993 1.49313 1.64904 1.80186 4.64815e+17 0 
-3.56784 649764 506695 43521.5 792080 344489 34891.4 65136.7 65589.7 246268 4.71036 498494 86473.8 187460 296324 69456 349641 1148.63 475778 145580 177650 378885 21421.3 441221 -0.0010735 0.0240621 0.0753143 0.146227 0.232195 0.287891 0.297541 0.341547 0.401768 0.435629 0.502204 0.58585 0.64531 0.722107 0.829549 0.921528 1.00875 1.12889 1.2589 1.36993 1.49313 1.64904 1.80186 4.62886e+17 0 
-3.46734 654680 485237 59622 814262 295748 42964.5 59281.4 96482.9 239579 1838.76 516709 56266.8 218975 241405 115641 330035 2851.07 512413 87011.4 238777 306262 70754.4 438390 -0.0010735 0.0240621 0.0753143 0.146227 0.232195 0.287891 0.297541 0.341547 0.401768 0.435629 0.502204 0.58585 0.64531 0.722107 0.829549 0.921528 1.00875 1.12889 1.2589 1.36993 1.49313 1.64904 1.80186 4.60914e+17 0 
-3.36683 659423 463681 78046.2 832198 248394 51380.3 53089.1 131911 229550 7672.61 525753 31628.9 247504 186567 169349 300519 19521.6 529213 40716.9 295815 227127 142761 408051 -0.0010735 0.0240621 0.0753143 0.146227 0.232195 0.287891 0.297541 0.341547 0.401768 0.435629 0.502204 0.58585 0.64531 0.722107 0.829549 0.921528 1.00875 1.12889 1.2589 1.36993 1.49313 1.64904 1.80186 4.58908e+17 0 
-3.26633 663995 442081 98684.1 845697 203240 59961.8 46694.9 170994 216473 17322.5 525302 13597.4 271729 134645 227401 263035 49963.7 524836 10829.3 343234 149837 229061 354060 -0.0010735 0.0240621 0.0753143 0.146227 0.232195 0.287891 0.297541 0.341547 0.401768 0.435629 0.502204 0.58585 0.64531 0.722107 0.829549 0.921528 1.00875 1.12889 1.2589 1.36993 1.49313 1.64904 1.80186 4.56878e+17 0 
-3.16583 668399 420493 121413 854617 161060 68528.9 40238.1 212763 200732 30484.9 515375 2931.27 290532 88323.5 286362 220046 91992.9 499636 16.0733 376437 82550 319614 283274 -0.0010735 0.0240621 0.0753143 0.146227 0.232195 0.287891 0.297541 0.341547 0.401768 0.435629 0.502204 0.58585 0.64531 0.722107 0.829549 0.921528 1.00875 1.12889 1.2589 1.36993 1.49313 1.64904 1.80186 4.54832e+17 0 
-3.06533 672637 398969 146098 858865 122576 76901.8 33859.2 256182 182784 46745.5 496336 79.1447 303044 49995.1 342742 174374 142594 455636 9242.09 392208 32368.4 403886 204679 -0.0010735 0.0240621 0.0753143 0.146227 0.232195 0.287891 0.297541 0.341547 0.401768 0.435629 0.502204 0.58585 0.64531 0.722107 0.829549 0.921528 1.00875 1.12889 1.2589 1.36993 1.49313 1.64904 1.80186 4.5278e+17 0 
-2.96482 676711 377561 172592 858401 88445.7 84905.1 27696.9 300175 163153 65593.2 468875 5161.01 308689 21639.4 393208 129020 198138 396366 37684.4 389019 4587.62 472075 128252 -0.0010735 0.0240621 0.0753143 0.146227 0.232195 0.287891 0.297541 0.341547 0.401768 0.435629 0.502204 0.58585 0.64531 0.722107 0.829549 0.921528 1.00875 1.12889 1.2589 1.36993 1.49313 1.64904 1.80186 4.5073e+17 0 
-2.86432 680623 356322 200740 853234 59252.5 92371.1 21884.9 343653 142411 86435.7 433989 17963.3 307209 4720.61 434776 86959.9 254641 326577 82806 367182 2138.77 516250 63695.2 -0.0010735 0.0240621 0.0753143 0.146227 0.232195 0.287891 0.297541 0.341547 0.401768 0.435629 0.502204 0.58585 0.64531 0.722107 0.829549 0.921528 1.00875 1.12889 1.2589 1.36993 1.49313 1.64904 1.80186 4.48689e+17 0 
-2.76382 684375 335303 230376 843427 35494.7 99143.6 16549.5 385540 121160 108618 392941 37948.1 298673 111.923 464988 50953.7 308054 251863 140583 328817 25280.3 531278 19200 -0.0010735 0.0240621 0.0753143 0.146227 0.232195 0.287891 0.297541 0.341547 0.401768 0.435629 0.502204 0.58585 0.64531 0.722107 0.829549 0.921528 1.00875 1.12889 1.2589 1.36993 1.49313 1.64904 1.80186 4.46665e+17 0 
-2.66332 687970 314553 261324 829093 17577.2 105081 11806.2 424802 100019 131445 347215 64276 283477 8051.21 482062 23363.9 354548 178211 205864 277643 71571.4 515412 412.828 -0.0010735 0.0240621 0.0753143 0.146227 0.232195 0.287891 0.297541 0.341547 0.401768 0.435629 0.502204 0.58585 0.64531 0.722107 0.829549 0.921528 1.00875 1.12889 1.2589 1.36993 1.49313 1.64904 1.80186 4.44665e+17 0 
-2.56281 691410 294121 293406 810392 5805.41 110060 7758 460467 79600.9 154199 298465 95841.7 262325 28129 484990 5999.96 390791 111520 272829 218620 136130 470502 9717.48 -0.0010735 0.0240621 0.0753143 0.146227 0.232195 0.287891 0.297541 0.341547 0.401768 0.435629 0.502204 0.58585 0.64531 0.722107 0.829549 0.921528 1.00875 1.12889 1.2589 1.36993 1.49313 1.64904 1.80186 4.42694e+17 0 
-2.46231 694696 274056 326431 787534 379.583 113976 4492.41 491656 60499.3 176167 248451 131320 236196 59309.9 473602 0.626228 414188 57131.5 335508 157469 212149 401772 45933.6 -0.0010735 0.0240621 0.0753143 0.146227 0.232195 0.287891 0.297541 0.341547 0.401768 0.435629 0.502204 0.58585 0.64531 0.722107 0.829549 0.921528 1.00875 1.12889 1.2589 1.36993 1.49313 1.64904 1.80186 4.4076e+17 0 
-2.36181 697833 254404 360209 760772 1392.06 116748 2080.15 517599 43268.1 196660 198981 169223 206296 99986.3 448573 5759.26 423063 19401.7 388317 100116 291612 317215 104467 -0.0010735 0.0240621 0.0753143 0.146227 0.232195 0.287891 0.297541 0.341547 0.401768 0.435629 0.502204 0.58585 0.64531 0.722107 0.829549 0.921528 1.00875 1.12889 1.2589 1.36993 1.49313 1.64904 1.80186 4.38867e+17 0 
-2.26131 700820 235209 394541 730402 8825.66 118319 573.364 537658 28407.1 215037 151839 207959 174007 148062 411385 22898.4 416784 1351 426549 52115.3 366143 226663 177894 -0.0010735 0.0240621 0.0753143 0.146227 0.232195 0.287891 0.297541 0.341547 0.401768 0.435629 0.502204 0.58585 0.64531 0.722107 0.829549 0.921528 1.00875 1.12889 1.2589 1.36993 1.49313 1.64904 1.80186 4.37021e+17 0 
-2.1608 703661 216517 429230 696759 22554.2 118656 4.63066 551340 16347 230721 108727 245906 140819 201059 364237 50294.9 395802 4424.55 446800 18118 427885 140645 256903 -0.0010735 0.0240621 0.0753143 0.146227 0.232195 0.287891 0.297541 0.341547 0.401768 0.435629 0.502204 0.58585 0.64531 0.722107 0.829549 0.921528 1.00875 1.12889 1.2589 1.36993 1.49313 1.64904 1.80186 4.35226e+17 0 
-2.0603 706358 198370 464072 660212 42344.6 117752 386.235 558308 7437.18 243223 71198.7 281472 108265 256247 309916 86153.6 361622 28376.4 447267 1416.77 470332 69160.9 331473 -0.0010735 0.0240621 0.0753143 0.146227 0.232195 0.287891 0.297541 0.341547 0.401768 0.435629 0.502204 0.58585 0.64531 0.722107 0.829549 0.921528 1.00875 1.12889 1.2589 1.36993 1.49313 1.64904 1.80186 4.33487e+17 0 
-1.9598 708912 180808 498868 621161 67861.4 115628 1709.94 558393 1935.79 252151 40608.3 313166 77845.8 310784 251634 128125 316694 71289.7 427909 3628.89 489011 20518.8 392150 -0.0010735 0.0240621 0.0753143 0.146227 0.232195 0.287891 0.297541 0.341547 0.401768 0.435629 0.502204 0.58585 0.64531 0.722107 0.829549 0.921528 1.00875 1.12889 1.2589 1.36993 1.49313 1.64904 1.80186 4.31809e+17 0 
-1.8593 711325 163870 533416 580034 98672.2 112327 3947.19 551595 2.06527 257227 18057.9 339661 50965.5 361861 192833 173461 264237 129731 390454 24540.3 481954 372.908 431241 -0.0010735 0.0240621 0.0753143 0.146227 0.232195 0.287891 0.297541 0.341547 0.401768 0.435629 0.502204 0.58585 0.64531 0.722107 0.829549 0.921528 1.00875 1.12889 1.2589 1.36993 1.49313 1.64904 1.80186 4.30194e+17 0 
-1.75879 713600 147596 567515 537280 134255 107920 7049.73 538085 1691.99 258292 4360.18 359848 28863.6 406849 136986 219191 208008 199024 338240 62126.2 449909 11064.4 443791 -0.0010735 0.0240621 0.0753143 0.146227 0.232195 0.287891 0.297541 0.341547 0.401768 0.435629 0.502204 0.58585 0.64531 0.722107 0.829549 0.921528 1.00875 1.12889 1.2589 1.36993 1.49313 1.64904 1.80186 4.28647e+17 0 
-1.65829 715738 132020 600971 493364 174008 102499 10950.7 518197 6956.67 255314 8.48218 372882 12558.9 443432 87392.2 262322 152036 273625 275919 112748 396253 51351 428210 -0.0010735 0.0240621 0.0753143 0.146227 0.232195 0.287891 0.297541 0.341547 0.401768 0.435629 0.502204 0.58585 0.64531 0.722107 0.829549 0.921528 1.00875 1.12889 1.2589 1.36993 1.49313 1.64904 1.80186 4.27171e+17 0 
-1.55779 717741 117178 633591 448764 217257 96177.6 15566 492424 15643.9 248388 5159.58 378218 2803.21 469729 46979.7 300029 100328 347568 209044 171505 326643 116552 386475 -0.0010735 0.0240621 0.0753143 0.146227 0.232195 0.287891 0.297541 0.341547 0.401768 0.435629 0.502204 0.58585 0.64531 0.722107 0.829549 0.921528 1.00875 1.12889 1.2589 1.36993 1.49313 1.64904 1.80186 4.25769e+17 0 
-1.45729 719611 103101 665187 403966 263273 89087.6 20796.2 461404 27502.4 237730 19628 375633 46.0721 484385 18134.3 329844 56587.2 414939 143572 232711 248414 199090 323878 -0.0010735 0.0240621 0.0753143 0.146227 0.232195 0.287891 0.297541 0.341547 0.401768 0.435629 0.502204 0.58585 0.64531 0.722107 0.829549 0.921528 1.00875 1.12889 1.2589 1.36993 1.49313 1.64904 1.80186 4.24442e+17 0 
-1.35678 721348 89821.1 695578 359456 311276 81377.3 26528.7 425903 42189.5 223676 42893 365237 4414.57 486649 2558.85 349816 23943.9 470350 85334.8 290440 169809 289378 248357 -0.0010735 0.0240621 0.0753143 0.146227 0.232195 0.287891 0.297541 0.341547 0.401768 0.435629 0.502204 0.58585 0.64531 0.722107 0.829549 0.921528 1.00875 1.12889 1.2589 1.36993 1.49313 1.64904 1.80186 4.23195e+17 0 
-1.25628 722955 77366.5 724590 315717 360456 73208 32640.1 386797 59280.8 206666 74117.4 347467 15707.4 476406 1172.57 358639 4735.42 509370 39518.8 339107 99112.5 376926 169485 -0.0010735 0.0240621 0.0753143 0.146227 0.232195 0.287891 0.297541 0.341547 0.401768 0.435629 0.502204 0.58585 0.64531 0.722107 0.829549 0.921528 1.00875 1.12889 1.2589 1.36993 1.49313 1.64904 1.80186 4.22028e+17 0 
-1.15578 724433 65764.4 752057 273223 409982 64750.1 38999 345051 78282.4 187232 112177 323067 33404.5 454183 14057.3 355735 336.586 528880 10204 374002 43771.4 451563 97259.6 -0.0010735 0.0240621 0.0753143 0.146227 0.232195 0.287891 0.297541 0.341547 0.401768 0.435629 0.502204 0.58585 0.64531 0.722107 0.829549 0.921528 1.00875 1.12889 1.2589 1.36993 1.49313 1.64904 1.80186 4.20945e+17 0 
-1.05528 725783 55039.8 777823 232433 459019 56180.1 45468.4 301694 98645.5 165984 155704 293061 56690.6 421126 40452.9 341296 11062.2 527321 0.95084 391749 9616.61 504621 40837.4 -0.0010735 0.0240621 0.0753143 0.146227 0.232195 0.287891 0.297541 0.341547 0.401768 0.435629 0.502204 0.58585 0.64531 0.722107 0.829549 0.921528 1.00875 1.12889 1.2589 1.36993 1.49313 1.64904 1.80186 4.19945e+17 0 
-0.954774 727007 45215.8 801739 193791 506737 47676.7 51909.2 257796 119782 143585 203132 258705 84493.4 378937 78801.8 316268 36144.9 504819 9818.13 390631 246.097 529936 7369.49 -0.0010735 0.0240621 0.0753143 0.146227 0.232195 0.287891 0.297541 0.341547 0.401768 0.435629 0.502204 0.58585 0.64531 0.722107 0.829549 0.921528 1.00875 1.12889 1.2589 1.36993 1.49313 1.64904 1.80186 4.19033e+17 0 
-0.854271 728105 36313.6 823669 157712 552333 39417.3 58183 214438 141082 120738 252755 221439 115533 329787 126842 282289 73789.6 463175 38781.5 370757 16647 524570 1097.81 -0.0010735 0.0240621 0.0753143 0.146227 0.232195 0.287891 0.297541 0.341547 0.401768 0.435629 0.502204 0.58585 0.64531 0.722107 0.829549 0.921528 1.00875 1.12889 1.2589 1.36993 1.49313 1.64904 1.80186 4.18207e+17 0 
-0.753769 729078 28352.2 843489 124588 595037 31573.9 64154.9 172688 161930 98156.5 302788 182822 148379 276206 181738 241584 121303 405718 84312.4 334050 57091.8 489145 22817.3 -0.0010735 0.0240621 0.0753143 0.146227 0.232195 0.287891 0.297541 0.341547 0.401768 0.435629 0.502204 0.58585 0.64531 0.722107 0.829549 0.921528 1.00875 1.12889 1.2589 1.36993 1.49313 1.64904 1.80186 4.17471e+17 0 
-0.653266 729928 21348.5 861086 94776.9 634129 24310.1 69696.6 133575 181724 76546.9 351434 144473 181521 220951 240254 196817 175285 337044 142358 284065 117320 427779 69775.3 -0.0010735 0.0240621 0.0753143 0.146227 0.232195 0.287891 0.297541 0.341547 0.401768 0.435629 0.502204 0.58585 0.64531 0.722107 0.829549 0.921528 1.00875 1.12889 1.2589 1.36993 1.49313 1.64904 1.80186 4.16824e+17 0 
-0.552764 730655 15317.5 876359 68599.5 668950 17777 74688.8 98061.4 199894 56585.2 396942 107995 213432 166864 298937 150918 231874 262644 207750 225636 190989 347599 136021 -0.0010735 0.0240621 0.0753143 0.146227 0.232195 0.287891 0.297541 0.341547 0.401768 0.435629 0.502204 0.58585 0.64531 0.722107 0.829549 0.921528 1.00875 1.12889 1.2589 1.36993 1.49313 1.64904 1.80186 4.16268e+17 0 
-0.452261 731260 10272 889221 46338.9 698912 12110.8 79024.5 67022 215914 38895.3 437678 74916.7 242643 116729 354325 106890 287022 188465 274667 164419 270339 257918 213158 -0.0010735 0.0240621 0.0753143 0.146227 0.232195 0.287891 0.297541 0.341547 0.401768 0.435629 0.502204 0.58585 0.64531 0.722107 0.829549 0.921528 1.00875 1.12889 1.2589 1.36993 1.49313 1.64904 1.80186 4.15804e+17 0 
-0.351759 731743 6222.69 899600 28235.2 723512 7429.43 82610.3 41220.8 229323 24030.3 472176 46621.8 267810 73123.9 403153 67615.5 336782 120440 337154 106336 347012 169154 291413 -0.0010735 0.0240621 0.0753143 0.146227 0.232195 0.287891 0.297541 0.341547 0.401768 0.435629 0.502204 0.58585 0.64531 0.722107 0.829549 0.921528 1.00875 1.12889 1.2589 1.36993 1.49313 1.64904 1.80186 4.15432e+17 0 
-0.251256 732105 3178.2 907436 14483.8 742334 3830.38 85369.3 21293 239734 12454.9 499196 24294.7 287775 38292.2 442541 35663.5 377597 64004.4 389648 57007.3 412934 91615.1 360867 -0.0010735 0.0240621 0.0753143 0.146227 0.232195 0.287891 0.297541 0.341547 0.401768 0.435629 0.502204 0.58585 0.64531 0.722107 0.829549 0.921528 1.00875 1.12889 1.2589 1.36993 1.49313 1.64904 1.80186 4.15152e+17 0 
-0.150754 732346 1144.96 912685 5232.97 755060 1388.57 87242.3 7728.85 246846 4530.96 517768 8869.75 301618 14025.5 470165 13124.9 406544 23671.7 427475 21205.7 461162 34307.7 412719 -0.0010735 0.0240621 0.0753143 0.146227 0.232195 0.287891 0.297541 0.341547 0.401768 0.435629 0.502204 0.58585 0.64531 0.722107 0.829549 0.921528 1.00875 1.12889 1.2589 1.36993 1.49313 1.64904 1.80186 4.14966e+17 0 
-0.0502513 732467 127.263 915317 582.489 761478 154.823 88188.9 862.3 250454 506.078 527224 992.456 308703 1571.88 484396 1474.42 421555 2665.77 447270 2394.88 486616 3887.4 440399 -0.0010735 0.0240621 0.0753143 0.146227 0.232195 0.287891 0.297541 0.341547 0.401768 0.435629 0.502204 0.58585 0.64531 0.722107 0.829549 0.921528 1.00875 1.12889 1.2589 1.36993 1.49313 1.64904 1.80186 4.14872e+17 0 
0.0502513 732467 127.263 915317 582.489 761478 154.823 88188.9 862.3 250454 506.078 527224 992.456 308703 1571.88 484396 1474.42 421555 2665.77 447270 2394.88 486616 3887.4 440399 -0.0010735 0.0240621 0.0753143 0.146227 0.232195 0.287891 0.297541 0.341547 0.401768 0.435629 0.502204 0.58585 0.64531 0.722107 0.829549 0.921528 1.00875 1.12889 1.2589 1.36993 1.49313 1.64904 1.80186 4.14872e+17 0 
0.150754 732346 1144.96 912685 5232.97 755060 1388.57 87242.3 7728.85 246846 4530.96 517768 8869.75 301618 14025.5 470165 13124.9 406544 23671.7 427475 21205.7 461162 34307.7 412719 -0.0010735 0.0240621 0.0753143 0.146227 0.232195 0.287891 0.297541 0.341547 0.401768 0.435629 0.502204 0.58585 0.64531 0.722107 0.829549 0.921528 1.00875 1.12889 1.2589 1.36993 1.49313 1.64904 1.80186 4.14966e+17 0 
0.251256 732105 3178.2 907436 14483.8 742334 3830.38 85369.3 21293 239734 12454.9 499196 24294.7 287775 38292.2 442541 35663.5 377597 64004.4 389648 57007.3 412934 91615.1 360867 -0.0010735 0.0240621 0.0753143 0.146227 0.232195 0.287891 0.297541 0.341547 0.401768 0.435629 0.502204 0.58585 0.64531 0.722107 0.829549 0.921528 1.00875 1.12889 1.2589 1.36993 1.49313 1.64904 1.80186 4.15152e+17 0 
0.351759 731743 6222.69 899600 28235.2 723512 7429.43 82610.3 41220.8 229323 24030.3 472176 46621.8 267810 73123.9 403153 67615.5 336782 120440 337154 106336 347012 169154 291413 -0.0010735 0.0240621 0.0753143 0.146227 0.232195 0.287891 0.297541 0.341547 0.401768 0.435629 0.502204 0.58585 0.64531 0.722107 0.829549 0.921528 1.00875 1.12889 1.2589 1.36993 1.49313 1.64904 1.80186 4.15432e+17 0 
0.452261 731260 10272 889221 46338.9 698912 12110.8 79024.5 67022 215914 38895.3 437678 74916.7 242643 116729 354325 106890 287022 188465 274667 164419 270339 257918 213158 -0.0010735 0.0240621 0.0753143 0.146227 0.232195 0.287891 0.297541 0.341547 0.401768 0.435629 0.502204 0.58585 0.64531 0.722107 0.829549 0.921528 1.00875 1.12889 1.2589 1.36993 1.49313 1.64904 1.80186 4.15804e+17 0 
0.552764 730655 15317.5 876359 68599.5 668950 17777 74688.8 98061.4 199894 56585.2 396942 107995 213432 166864 298937 150918 231874 262644 207750 225636 190989 347599 136021 -0.0010735 0.0240621 0.0753143 0.146227 0.232195 0.287891 0.297541 0.341547 0.401768 0.435629 0.502204 0.58585 0.64531 0.722107 0.829549 0.921528 1.00875 1.12889 1.2589 1.36993 1.49313 1.64904 1.80186 4.16268e+17 0 
0.653266 729928 21348.5 861086 94776.9 634129 24310.1 69696.6 133575 181724 76546.9 351434 144473 181521 220951 240254 196817 175285 337044 142358 284065 117320 427779 69775.3 -0.0010735 0.0240621 0.0753143 0.146227 0.232195 0.287891 0.297541 0.341547 0.401768 0.435629 0.502204 0.58585 0.64531 0.722107 0.829549 0.921528 1.00875 1.12889 1.2589 1.36993 1.49313 1.64904 1.80186 4.16824e+17 0 
0.753769 729078 28352.2 843489 124588 595037 31573.9 64154.9 172688 161930 98156.5 302788 182822 148379 276206 181738 241584 121303 405718 84312.4 334050 57091.8 489145 22817.3 -0.0010735 0.0240621 0.0753143 0.146227 0.232195 0.287891 0.297541 0.341547 0.401768 0.435629 0.502204 0.58585 0.64531 0.722107 0.829549 0.921528 1.00875 1.12889 1.2589 1.36993 1.49313 1.64904 1.80186 4.17471e+17 0 
0.854271 728105 36313.6 823669 157712 552333 39417.3 58183 214438 141082 120738 252755 221439 115533 329787 126842 282289 73789.6 463175 38781.5 370757 16647 524570 1097.81 -0.0010735 0.0240621 0.0753143 0.146227 0.232195 0.287891 0.297541 0.341547 0.401768 0.435629 0.502204 0.58585 0.64531 0.722107 0.829549 0.921528 1.00875 1.12889 1.2589 1.36993 1.49313 1.64904 1.80186 4.18207e+17 0 
0.954774 727007 45215.8 801739 193791 506737 47676.7 51909.2 257796 119782 143585 203132 258705 84493.4 378937 78801.8 316268 36144.9 504819 9818.13 390631 246.097 529936 7369.49 -0.0010735 0.0240621 0.0753143 0.146227 0.232195 0.287891 0.297541 0.341547 0.401768 0.435629 0.502204 0.58585 0.64531 0.722107 0.829549 0.921528 1.00875 1.12889 1.2589 1.36993 1.49313 1.64904 1.80186 4.19033e+17 0 
1.05528 725783 55039.8 777823 232433 459019 56180.1 45468.4 301694 98645.5 165984 155704 293061 56690.6 421126 40452.9 341296 11062.2 527321 0.95084 391749 9616.61 504621 40837.4 -0.0010735 0.0240621 0.0753143 0.146227 0.232195 0.287891 0.297541 0.341547 0.401768 0.435629 0.502204 0.58585 0.64531 0.722107 0.829549 0.921528 1.00875 1.12889 1.2589 1.36993 1.49313 1.64904 1.80186 4.19945e+17 0 
1.15578 724433 65764.4 752057 273223 409982 64750.1 38999 345051 78282.4 187232 112177 323067 33404.5 454183 14057.3 355735 336.586 528880 10204 374002 43771.4 451563 97259.6 -0.0010735 0.0240621 0.0753143 0.146227 0.232195 0.287891 0.297541 0.341547 0.401768 0.435629 0.502204 0.58585 0.64531 0.722107 0.829549 0.921528 1.00875 1.12889 1.2589 1.36993 1.49313 1.64904 1.80186 4.20945e+17 0 
1.25628 722955 77366.5 724590 315717 360456 73208 32640.1 386797 59280.8 206666 74117.4 347467 15707.4 476406 1172.57 358639 4735.42 509370 39518.8 339107 99112.5 376926 169485 -0.0010735 0.0240621 0.0753143 0.146227 0.232195 0.287891 0.297541 0.341547 0.401768 0.435629 0.502204 0.58585 0.64531 0.722107 0.829549 0.921528 1.00875 1.12889 1.2589 1.36993 1.49313 1.64904 1.80186 4.22028e+17 0 
1.35678 721348 89821.1 695578 359456 311276 81377.3 26528.7 425903 42189.5 223676 42893 365237 4414.57 486649 2558.85 349816 23943.9 470350 85334.8 290440 169809 289378 248357 -0.0010735 0.0240621 0.0753143 0.146227 0.232195 0.287891 0.297541 0.341547 0.401768 0.435629 0.502204 0.58585 0.64531 0.722107 0.829549 0.921528 1.00875 1.12889 1.2589 1.36993 1.49313 1.64904 1.80186 4.23195e+17 0 
1.45729 719611 103101 665187 403966 263273 89087.6 20796.2 461404 27502.4 237730 19628 375633 46.0721 484385 18134.3 329844 56587.2 414939 143572 232711 248414 199090 323878 -0.0010735 0.0240621 0.0753143 0.146227 0.232195 0.287891 0.297541 0.341547 0.401768 0.435629 0.502204 0.58585 0.64531 0.722107 0.829549 0.921528 1.00875 1.12889 1.2589 1.36993 1.49313 1.64904 1.80186 4.24442e+17 0 
1.55779 717741 117178 633591 448764 217257 96177.6 15566 492424 15643.9 248388 5159.58 378218 2803.21 469729 46979.7 300029 100328 347568 209044 171505 326643 116552 386475 -0.0010735 0.0240621 0.0753143 0.146227 0.232195 0.287891 0.297541 0.341547 0.401768 0.435629 0.502204 0.58585 0.64531 0.722107 0.829549 0.921528 1.00875 1.12889 1.2589 1.36993 1.49313 1.64904 1.80186 4.25769e+17 0 
1.65829 715738 132020 600971 493364 174008 102499 10950.7 518197 6956.67 255314 8.48218 372882 12558.9 443432 87392.2 262322 152036 273625 275919 112748 396253 51351 428210 -0.0010735 0.0240621 0.0753143 0.146227 0.232195 0.287891 0.297541 0.341547 0.401768 0.435629 0.502204 0.58585 0.64531 0.722107 0.829549 0.921528 1.00875 1.12889 1.2589 1.36993 1.49313 1.64904 1.80186 4.27171e+17 0 
1.75879 713600 147596 567515 537280 134255 107920 7049.73 538085 1691.99 258292 4360.18 359848 28863.6 406849 136986 219191 208008 199024 338240 62126.2 449909 11064.4 443791 -0.0010735 0.0240621 0.0753143 0.146227 0.232195 0.287891 0.297541 0.341547 0.401768 0.435629 0.502204 0.58585 0.64531 0.722107 0.829549 0.921528 1.00875 1.12889 1.2589 1.36993 1.49313 1.64904 1.80186 4.28647e+17 0 
1.8593 711325 163870 533416 580034 98672.2 112327 3947.19 551595 2.06527 257227 18057.9 339661 50965.5 361861 192833 173461 264237 129731 390454 24540.3 481954 372.908 431241 -0.0010735 0.0240621 0.0753143 0.146227 0.232195 0.287891 0.297541 0.341547 0.401768 0.435629 0.502204 0.58585 0.64531 0.722107 0.829549 0.921528 1.00875 1.12889 1.2589 1.36993 1.49313 1.64904 1.80186 4.30194e+17 0 
1.9598 708912 180808 498868 621161 67861.4 115628 1709.94 558393 1935.79 252151 40608.3 313166 77845.8 310784 251634 128125 316694 71289.7 427909 3628.89 489011 20518.8 392150 -0.0010735 0.0240621 0.0753143 0.146227 0.232195 0.287891 0.297541 0.341547 0.401768 0.435629 0.502204 0.58585 0.64531 0.722107 0.829549 0.921528 1.00875 1.12889 1.2589 1.36993 1.49313 1.64904 1.80186 4.31809e+17 0 
2.0603 706358 198370 464072 660212 42344.6 117752 386.235 558308 7437.18 243223 71198.7 281472 108265 256247 309916 86153.6 361622 28376.4 447267 1416.77 470332 69160.9 331473 -0.0010735 0.0240621 0.0753143 0.146227 0.232195 0.287891 0.297541 0.341547 0.401768 0.435629 0.502204 0.58585 0.64531 0.722107 0.829549 0.921528 1.00875 1.12889 1.2589 1.36993 1.49313 1.64904 1.80186 4.33487e+17 0 
2.1608 703661 216517 429230 696759 22554.2 118656 4.63066 551340 16347 230721 108727 245906 140819 201059 364237 50294.9 395802 4424.55 446800 18118 427885 140645 256903 -0.0010735 0.0240621 0.0753143 0.146227 0.232195 0.287891 0.297541 0.341547 0.401768 0.435629 0.502204 0.58585 0.64531 0.722107 0.829549 0.921528 1.00875 1.12889 1.2589 1.36993 1.49313 1.64904 1.80186 4.35226e+17 0 
2.26131 700820 235209 394541 730402 8825.66 118319 573.364 537658 28407.1 215037 151839 207959 174007 148062 411385 22898.4 416784 1351 426549 52115.3 366143 226663 177894 -0.0010735 0.0240621 0.0753143 0.146227 0.232195 0.287891 0.297541 0.341547 0.401768 0.435629 0.502204 0.58585 0.64531 0.722107 0.829549 0.921528 1.00875 1.12889 1.2589 1.36993 1.49313 1.64904 1.80186 4.37021e+17 0 
2.36181 697833 254404 360209 760772 1392.06 116748 2080.15 517599 43268.1 196660 198981 169223 206296 99986.3 448573 5759.26 423063 19401.7 388317 100116 291612 317215 104467 -0.0010735 0.0240621 0.0753143 0.146227 0.232195 0.287891 0.297541 0.341547 0.401768 0.435629 0.502204 0.58585 0.64531 0.722107 0.829549 0.921528 1.00875 1.12889 1.2589 1.36993 1.49313 1.64904 1.80186 4.38867e+17 0 
2.46231 694696 274056 326431 787534 379.583 113976 4492.41 491656 60499.3 176167 248451 131320 236196 59309.9 473602 0.626228 414188 57131.5 335508 157469 212149 401772 45933.6 -0.0010735 0.0240621 0.0753143 0.146227 0.232195 0.287891 0.297541 0.341547 0.401768 0.435629 0.502204 0.58585 0.64531 0.722107 0.829549 0.921528 1.00875 1.12889 1.2589 1.36993 1.49313 1.64904 1.80186 4.4076e+17 0 
2.56281 691410 294121 293406 810392 5805.41 110060 7758 460467 79600.9 154199 298465 95841.7 262325 28129 484990 5999.96 390791 111520 272829 218620 136130 470502 9717.48 -0.0010735 0.0240621 0.0753143 0.146227 0.232195 0.287891 0.297541 0.341547 0.401768 0.435629 0.502204 0.58585 0.64531 0.722107 0.829549 0.921528 1.00875 1.12889 1.2589 1.36993 1.49313 1.64904 1.80186 4.42694e+17 0 
2.66332 687970 314553 261324 829093 17577.2 105081 11806.2 424802 100019 131445 347215 64276 283477 8051.21 482062 23363.9 354548 178211 205864 277643 71571.4 515412 412.828 -0.0010735 0.0240621 0.0753143 0.146227 0.232195 0.287891 0.297541 0.341547 0.401768 0.435629 0.502204 0.58585 0.64531 0.722107 0.829549 0.921528 1.00875 1.12889 1.2589 1.36993 1.49313 1.64904 1.80186 4.44665e+17 0 
2.76382 684375 335303 230376 843427 35494.7 99143.6 16549.5 385540 121160 108618 392941 37948.1 298673 111.923 464988 50953.7 308054 251863 140583 328817 25280.3 531278 19200 -0.0010735 0.0240621 0.0753143 0.146227 0.232195 0.287891 0.297541 0.341547 0.401768 0.435629 0.502204 0.58585 0.64531 0.722107 0.829549 0.921528 1.00875 1.12889 1.2589 1.36993 1.49313 1.64904 1.80186 4.46665e+17 0 
2.86432 680623 356322 200740 853234 59252.5 92371.1 21884.9 343653 142411 86435.7 433989 17963.3 307209 4720.61 434776 86959.9 254641 326577 82806 367182 2138.77 516250 63695.2 -0.0010735 0.0240621 0.0753143 0.146227 0.232195 0.287891 0.297541 0.341547 0.401768 0.435629 0.502204 0.58585 0.64531 0.722107 0.829549 0.921528 1.00875 1.12889 1.2589 1.36993 1.49313 1.64904 1.80186 4.48689e+17 0 
2.96482 676711 377561 172592 858401 88445.7 84905.1 27696.9 300175 163153 65593.2 468875 5161.01 308689 21639.4 393208 129020 198138 396366 37684.4 389019 4587.62 472075 128252 -0.0010735 0.0240621 0.0753143 0.146227 0.232195 0.287891 0.297541 0.341547 0.401768 0.435629 0.502204 0.58585 0.64531 0.722107 0.829549 0.921528 1.00875 1.12889 1.2589 1.36993 1.49313 1.64904 1.80186 4.5073e+17 0 
3.06533 672637 398969 146098 858865 122576 76901.8 33859.2 256182 182784 46745.5 496336 79.1447 303044 49995.1 342742 174374 142594 455636 9242.09 392208 32368.4 403886 204679 -0.0010735 0.0240621 0.0753143 0.146227 0.232195 0.287891 0.297541 0.341547 0.401768 0.435629 0.502204 0.58585 0.64531 0.722107 0.829549 0.921528 1.00875 1.12889 1.2589 1.36993 1.49313 1.64904 1.80186 4.5278e+17 0 
3.16583 668399 420493 121413 854617 161060 68528.9 40238.1 212763 200732 30484.9 515375 2931.27 290532 88323.5 286362 220046 91992.9 499636 16.0733 376437 82550 319614 283274 -0.0010735 0.0240621 0.0753143 0.146227 0.232195 0.287891 0.297541 0.341547 0.401768 0.435629 0.502204 0.58585 0.64531 0.722107 0.829549 0.921528 1.00875 1.12889 1.2589 1.36993 1.49313 1.64904 1.80186 4.54832e+17 0 
3.26633 663995 442081 98684.1 845697 203240 59961.8 46694.9 170994 216473 17322.5 525302 13597.4 271729 134645 227401 263035 49963.7 524836 10829.3 343234 149837 229061 354060 -0.0010735 0.0240621 0.0753143 0.146227 0.232195 0.287891 0.297541 0.341547 0.401768 0.435629 0.502204 0.58585 0.64531 0.722107 0.829549 0.921528 1.00875 1.12889 1.2589 1.36993 1.49313 1.64904 1.80186 4.56878e+17 0 
3.36683 659423 463681 78046.2 832198 248394 51380.3 53089.1 131911 229550 7672.61 525753 31628.9 247504 186567 169349 300519 19521.6 529213 40716.9 295815 227127 142761 408051 -0.0010735 0.0240621 0.0753143 0.146227 0.232195 0.287891 0.297541 0.341547 0.401768 0.435629 0.502204 0.58585 0.64531 0.722107 0.829549 0.921528 1.00875 1.12889 1.2589 1.36993 1.49313 1.64904 1.80186 4.58908e+17 0 
3.46734 654680 485237 59622 814262 295748 42964.5 59281.4 96482.9 239579 1838.76 516709 56266.8 218975 241405 115641 330035 2851.07 512413 87011.4 238777 306262 70754.4 438390 -0.0010735 0.0240621 0.0753143 0.146227 0.232195 0.287891 0.297541 0.341547 0.401768 0.435629 0.502204 0.58585 0.64531 0.722107 0.829549 0.921528 1.00875 1.12889 1.2589 1.36993 1.49313 1.64904 1.80186 4.60914e+17 0 
3.56784 649764 506695 43521.5 792080 344489 34891.4 65136.7 65589.7 246268 4.71036 498494 86473.8 187460 296324 69456 349641 1148.63 475778 145580 177650 378885 21421.3 441221 -0.0010735 0.0240621 0.0753143 0.146227 0.232195 0.287891 0.297541 0.341547 0.401768 0.435629 0.502204 0.58585 0.64531 0.722107 0.829549 0.921528 1.00875 1.12889 1.2589 1.36993 1.49313 1.64904 1.80186 4.62886e+17 0 
3.66834 644673 528002 29841.1 765893 393780 27330.7 70527.2 39999.1 249419 2228.24 471762 120977 154418 348483 33530.2 358048 14536.4 422244 211194 118361 437328 503.223 416182 -0.0010735 0.0240621 0.0753143 0.146227 0.232195 0.287891 0.297541 0.341547 0.401768 0.435629 0.502204 0.58585 0.64531 0.722107 0.829549 0.921528 1.00875 1.12889 1.2589 1.36993 1.49313 1.64904 1.80186 4.64815e+17 0 
3.76884 639406 549101 18663.1 735983 442772 20441.8 75335.1 20347.3 248939 8439.22 437479 158324 121376 395183 9991.43 354701 42052.9 356100 277993 66663.3 475417 10435.1 366449 -0.0010735 0.0240621 0.0753143 0.146227 0.232195 0.287891 0.297541 0.341547 0.401768 0.435629 0.502204 0.58585 0.64531 0.722107 0.829549 0.921528 1.00875 1.12889 1.2589 1.36993 1.49313 1.64904 1.80186 4.66689e+17 0 
3.86935 633960 569938 10054.7 702676 490622 14369.7 79454.9 7123.49 244840 18441.7 396884 196937 89864.6 434005 234.549 339816 81721.5 282651 340009 27571 489124 50060.5 298337 -0.0010735 0.0240621 0.0753143 0.146227 0.232195 0.287891 0.297541 0.341547 0.401768 0.435629 0.502204 0.58585 0.64531 0.722107 0.829549 0.921528 1.00875 1.12889 1.2589 1.36993 1.49313 1.64904 1.80186 4.68498e+17 0 
3.96985 628334 590457 4068.05 666335 536504 9242.64 82796.1 656.941 237239 31919.8 351444 235190 61342.6 462938 4837.9 314369 130692 207787 391702 4878.25 477000 114765 220493 -0.0010735 0.0240621 0.0753143 0.146227 0.232195 0.287891 0.297541 0.341547 0.401768 0.435629 0.502204 0.58585 0.64531 0.722107 0.829549 0.921528 1.00875 1.12889 1.2589 1.36993 1.49313 1.64904 1.80186 4.70231e+17 0 
4.07035 622525 610605 739.423 627357 579623 5168.84 85285.3 1108.83 226356 48447.7 302806 271466 37131.5 480480 23528.4 280031 185443 137516 428451 787.463 440320 197012 142807 -0.0010735 0.0240621 0.0753143 0.146227 0.232195 0.287891 0.297541 0.341547 0.401768 0.435629 0.502204 0.58585 0.64531 0.722107 0.829549 0.921528 1.00875 1.12889 1.2589 1.36993 1.49313 1.64904 1.80186 4.71875e+17 0 
4.17085 616533 630325 89.0779 586172 619234 2234.43 86867.3 8467.84 212508 67502.8 252731 304234 18353.7 485718 55197.2 239057 242040 77475.5 446967 15695.7 382956 287221 75145.5 -0.0010735 0.0240621 0.0753143 0.146227 0.232195 0.287891 0.297541 0.341547 0.401768 0.435629 0.502204 0.58585 0.64531 0.722107 0.829549 0.921528 1.00875 1.12889 1.2589 1.36993 1.49313 1.64904 1.80186 4.73418e+17 0 
4.27136 610355 649563 2120.98 543231 654647 501.505 87506.8 22550.2 196096 88482.4 203035 332107 5879.81 478378 97964.9 194141 296411 32486.9 445594 48155.2 310966 374881 26106.9 -0.0010735 0.0240621 0.0753143 0.146227 0.232195 0.287891 0.297541 0.341547 0.401768 0.435629 0.502204 0.58585 0.64531 0.722107 0.829549 0.921528 1.00875 1.12889 1.2589 1.36993 1.49313 1.64904 1.80186 4.74848e+17 0 
4.37186 603992 668266 6822.64 499010 685247 6.76011 87188.9 43003.8 177598 110722 155521 353906 288.722 458835 149292 148236 344644 6162.34 424449 95013.1 231956 449775 1922.87 -0.0010735 0.0240621 0.0753143 0.146227 0.232195 0.287891 0.297541 0.341547 0.401768 0.435629 0.502204 0.58585 0.64531 0.722107 0.829549 0.921528 1.00875 1.12889 1.2589 1.36993 1.49313 1.64904 1.80186 4.76151e+17 0 
4.47236 597440 686381 14165.1 453998 710498 760.685 85919.9 69316.9 157555 133517 111915 368708 1839.9 428098 206131 104363 383266 616.262 385419 151717 154276 503173 5667.1 -0.0010735 0.0240621 0.0753143 0.146227 0.232195 0.287891 0.297541 0.341547 0.401768 0.435629 0.502204 0.58585 0.64531 0.722107 0.829549 0.921528 1.00875 1.12889 1.2589 1.36993 1.49313 1.64904 1.80186 4.77315e+17 0 
4.57286 590700 703854 24103 408693 729957 2747.26 83726.6 100831 136552 156144 73801.4 375882 10461.3 387756 265103 65407.6 409495 16294.1 331990 212756 86135.5 528846 36863.5 -0.0010735 0.0240621 0.0753143 0.146227 0.232195 0.287891 0.297541 0.341547 0.401768 0.435629 0.502204 0.58585 0.64531 0.722107 0.829549 0.921528 1.00875 1.12889 1.2589 1.36993 1.49313 1.64904 1.80186 4.78325e+17 0 
4.67337 583770 720635 36574.5 363601 743281 5924.26 80656.5 136755 115201 177884 42565.2 375122 25752.1 339898 322702 33936 421439 51935.8 268938 272198 34739.7 523798 91545.1 -0.0010735 0.0240621 0.0753143 0.146227 0.232195 0.287891 0.297541 0.341547 0.401768 0.435629 0.502204 0.58585 0.64531 0.722107 0.829549 0.921528 1.00875 1.12889 1.2589 1.36993 1.49313 1.64904 1.80186 4.79168e+17 0 
4.77387 576651 736673 51502 319224 750231 10224.1 76775.9 176188 94128.7 198048 19343.3 366457 47001.5 287002 375504 12020.6 418236 104676 201901 324261 5523.71 488611 162757 -0.0010735 0.0240621 0.0753143 0.146227 0.232195 0.287891 0.297541 0.341547 0.401768 0.435629 0.502204 0.58585 0.64531 0.722107 0.829549 0.921528 1.00875 1.12889 1.2589 1.36993 1.49313 1.64904 1.80186 4.79829e+17 0 
4.87437 569342 751919 68791.9 276057 750678 15555 72169.4 218139 73951.3 215992 4981.16 350249 73220.7 231811 420364 1105.28 400110 170272 136874 363882 1577.79 427383 241442 -0.0010735 0.0240621 0.0753143 0.146227 0.232195 0.287891 0.297541 0.341547 0.401768 0.435629 0.502204 0.58585 0.64531 0.722107 0.829549 0.921528 1.00875 1.12889 1.2589 1.36993 1.49313 1.64904 1.80186 4.80294e+17 0 
4.97487 561842 766325 88335.6 234585 744608 21803.4 66937.4 261553 55260.5 231145 2.04431 327181 103189 177189 454612 1909.45 368364 243447 79676.5 387204 23319.3 347251 317586 -0.0010735 0.0240621 0.0753143 0.146227 0.232195 0.287891 0.297541 0.341547 0.401768 0.435629 0.502204 0.58585 0.64531 0.722107 0.829549 0.921528 1.00875 1.12889 1.2589 1.36993 1.49313 1.64904 1.80186 4.80548e+17 0 
5.07538 554152 779846 110010 195274 732117 28835.7 61194.5 305336 38604.7 243024 4587.45 298226 135511 125971 476204 14380 325280 318312 35427.4 391956 68447.1 257558 381500 -0.0010735 0.0240621 0.0753143 0.146227 0.232195 0.287891 0.297541 0.341547 0.401768 0.435629 0.502204 0.58585 0.64531 0.722107 0.829549 0.921528 1.00875 1.12889 1.2589 1.36993 1.49313 1.64904 1.80186 4.80577e+17 0 
5.17588 546273 792435 133676 158566 713414 36501.5 55066.5 348385 24473 251248 18570 264608 168680 80815.9 483851 37694.2 273960 388840 8088.32 377670 132184 168765 425047 -0.0010735 0.0240621 0.0753143 0.146227 0.232195 0.287891 0.297541 0.341547 0.401768 0.435629 0.502204 0.58585 0.64531 0.722107 0.829549 0.921528 1.00875 1.12889 1.2589 1.36993 1.49313 1.64904 1.80186 4.80366e+17 0 
5.27638 538205 804052 159185 124875 688819 44636.5 48687.8 389611 13280.9 255552 41439 227750 201149 44071.1 477092 70313.3 218101 449348 107.68 345732 207780 91230.2 442680 -0.0010735 0.0240621 0.0753143 0.146227 0.232195 0.287891 0.297541 0.341547 0.401768 0.435629 0.502204 0.58585 0.64531 0.722107 0.829549 0.921528 1.00875 1.12889 1.2589 1.36993 1.49313 1.64904 1.80186 4.79901e+17 0 
5.37688 529949 814654 186372 94583.6 658751 53066.1 42198.8 427973 5357.82 255797 72358.4 189213 231402 17646.9 456324 110083 161728 494961 12200.3 299248 287229 34002.6 432149 -0.0010735 0.0240621 0.0753143 0.146227 0.232195 0.287891 0.297541 0.341547 0.401768 0.435629 0.502204 0.58585 0.64531 0.722107 0.829549 0.921528 1.00875 1.12889 1.2589 1.36993 1.49313 1.64904 1.80186 4.79166e+17 0 
5.47739 521506 824204 215063 68034.7 623729 61609.3 35742.2 462498 937.025 251971 110197 150629 258026 2917.94 422779 154377 108906 521999 43282.4 242738 362113 3761.48 394790 -0.0010735 0.0240621 0.0753143 0.146227 0.232195 0.287891 0.297541 0.341547 0.401768 0.435629 0.502204 0.58585 0.64531 0.722107 0.829549 0.921528 1.00875 1.12889 1.2589 1.36993 1.49313 1.64904 1.80186 4.78147e+17 0 
5.57789 512880 832666 245071 45530.7 584357 70082.1 29460.7 492309 148.879 244195 153570 113636 279775 650.822 378452 200268 63444.1 528277 90567.3 181701 424495 4037.32 335357 -0.0010735 0.0240621 0.0753143 0.146227 0.232195 0.287891 0.297541 0.341547 0.401768 0.435629 0.502204 0.58585 0.64531 0.722107 0.829549 0.921528 1.00875 1.12889 1.2589 1.36993 1.49313 1.64904 1.80186 4.76831e+17 0 
5.67839 504070 840005 276202 27328.2 541320 78301.7 23492.8 516646 3016.62 232712 200888 79805.3 295631 10963.5 325980 244720 28624.1 513285 149814 122080 467759 34797.7 261413 -0.0010735 0.0240621 0.0753143 0.146227 0.232195 0.287891 0.297541 0.341547 0.401768 0.435629 0.502204 0.58585 0.64531 0.722107 0.829549 0.921528 1.00875 1.12889 1.2589 1.36993 1.49313 1.64904 1.80186 4.75202e+17 0 
5.77889 495081 846192 308252 13635.5 495364 86090.5 17970.6 534890 9455.48 217887 250415 50573 304849 33318.5 268490 284792 6959.45 478223 215709 69681.1 487315 92449.2 182376 -0.0010735 0.0240621 0.0753143 0.146227 0.232195 0.287891 0.297541 0.341547 0.401768 0.435629 0.502204 0.58585 0.64531 0.722107 0.829549 0.921528 1.00875 1.12889 1.2589 1.36993 1.49313 1.64904 1.80186 4.73249e+17 0 
5.8794 485915 851196 341010 4609.55 447292 93280 13016.5 546570 19275 200190 300333 27182.5 306996 66549.9 209409 317832 14.8499 425913 282336 29609.1 481084 170255 108314 -0.0010735 0.0240621 0.0753143 0.146227 0.232195 0.287891 0.297541 0.341547 0.401768 0.435629 0.502204 0.58585 0.64531 0.722107 0.829549 0.921528 1.00875 1.12889 1.2589 1.36993 1.49313 1.64904 1.80186 4.70957e+17 0 
5.9799 476575 854994 374258 354.211 397944 99713.9 8740.4 551384 32184.3 180185 348807 10629.2 301967 108924 152261 341649 8291.99 360569 343715 5769.15 449720 259121 48661.7 -0.0010735 0.0240621 0.0753143 0.146227 0.232195 0.287891 0.297541 0.341547 0.401768 0.435629 0.502204 0.58585 0.64531 0.722107 0.829549 0.921528 1.00875 1.12889 1.2589 1.36993 1.49313 1.64904 1.80186 4.68314e+17 0 
6.0804 467066 857562 407777 918.518 348184 105252 5237.28 549202 47800.6 158510 394054 1617.94 289992 158227 100458 354663 31192.4 287459 394331 485.145 396544 348658 11023 -0.0010735 0.0240621 0.0753143 0.146227 0.232195 0.287891 0.297541 0.341547 0.401768 0.435629 0.502204 0.58585 0.64531 0.722107 0.829549 0.921528 1.00875 1.12889 1.2589 1.36993 1.49313 1.64904 1.80186 4.65308e+17 0 
6.1809 457390 858882 441342 6295.9 298886 109774 2585.12 540073 65660.5 135857 434406 532.72 271629 211884 57092.9 356008 67059.6 212478 429636 14272.2 327192 428393 195.63 -0.0010735 0.0240621 0.0753143 0.146227 0.232195 0.287891 0.297541 0.341547 0.401768 0.435629 0.502204 0.58585 0.64531 0.722107 0.829549 0.921528 1.00875 1.12889 1.2589 1.36993 1.49313 1.64904 1.80186 4.61929e+17 0 
6.28141 447554 858938 474725 16423.9 250917 113180 843.028 524221 85233.1 112950 468375 7419.78 247735 267089 24757.8 345590 113298 141678 446451 45785.3 249019 488998 17560 -0.0010735 0.0240621 0.0753143 0.146227 0.232195 0.287891 0.297541 0.341547 0.401768 0.435629 0.502204 0.58585 0.64531 0.722107 0.829549 0.921528 1.00875 1.12889 1.2589 1.36993 1.49313 1.64904 1.80186 4.58166e+17 0 
6.38191 437562 857718 507701 31184.6 205123 115394 49.8916 502042 105936 90522.4 494704 21985 219424 320953 5385.92 324094 166560 80774.5 443262 91948.8 170318 523377 60901.2 -0.0010735 0.0240621 0.0753143 0.146227 0.232195 0.287891 0.297541 0.341547 0.401768 0.435629 0.502204 0.58585 0.64531 0.722107 0.829549 0.921528 1.00875 1.12889 1.2589 1.36993 1.49313 1.64904 1.80186 4.5401e+17 0 
6.48241 427420 855214 540043 50405.7 162313 116368 223.434 474094 127152 69293.6 512417 43606.1 188022 370656 136.205 292941 222988 34687.2 420348 148256 99442.6 527502 124689 -0.0010735 0.0240621 0.0753143 0.146227 0.232195 0.287891 0.297541 0.341547 0.401768 0.435629 0.502204 0.58585 0.64531 0.722107 0.829549 0.921528 1.00875 1.12889 1.2589 1.36993 1.49313 1.64904 1.80186 4.49452e+17 0 
6.58291 417135 851419 571531 73862 123246 116079 1359.76 441083 148249 49944.8 520855 71358.5 155000 413590 9322.81 254193 278492 7139.98 379763 209208 43917.2 500882 200783 -0.0010735 0.0240621 0.0753143 0.146227 0.232195 0.287891 0.297541 0.341547 0.401768 0.435629 0.502204 0.58585 0.64531 0.722107 0.829549 0.921528 1.00875 1.12889 1.2589 1.36993 1.49313 1.64904 1.80186 4.44486e+17 0 
6.68342 406712 846335 601943 101278 88614.6 114530 3433.37 403845 168596 33097.7 519699 104054 121905 447504 32395.3 210415 329047 359.676 325152 268848 9639.26 446626 279468 -0.0010735 0.0240621 0.0753143 0.146227 0.232195 0.287891 0.297541 0.341547 0.401768 0.435629 0.502204 0.58585 0.64531 0.722107 0.829549 0.921528 1.00875 1.12889 1.2589 1.36993 1.49313 1.64904 1.80186 4.39106e+17 0 
6.78392 396159 839962 631069 132330 59034.7 111754 6397.66 363325 187583 19294.2 508984 140293 90289.9 470614 67970.6 164512 370983 14894.5 261421 321349 250.609 371081 350697 -0.0010735 0.0240621 0.0753143 0.146227 0.232195 0.287891 0.297541 0.341547 0.401768 0.435629 0.502204 0.58585 0.64531 0.722107 0.829549 0.921528 1.00875 1.12889 1.2589 1.36993 1.49313 1.64904 1.80186 4.33306e+17 0 
6.88442 385485 832310 658702 166651 35033.4 107810 10185.9 320556 204642 8978.95 489097 178520 61639.8 481703 113915 119527 401256 49568.1 194302 361573 16748.8 283085 405370 -0.0010735 0.0240621 0.0753143 0.146227 0.232195 0.287891 0.297541 0.341547 0.401768 0.435629 0.502204 0.58585 0.64531 0.722107 0.829549 0.921528 1.00875 1.12889 1.2589 1.36993 1.49313 1.64904 1.80186 4.27085e+17 0 
6.98492 374697 823388 684646 203834 17039.4 102783 14712.7 276627 219260 2484.49 460767 217096 37301.2 480180 167471 78448.4 417662 101573 129832 385586 57379.6 192943 436497 -0.0010735 0.0240621 0.0753143 0.146227 0.232195 0.287891 0.297541 0.341547 0.401768 0.435629 0.502204 0.58585 0.64531 0.722107 0.829549 0.921528 1.00875 1.12889 1.2589 1.36993 1.49313 1.64904 1.80186 4.2044e+17 0 
7.08543 363804 813212 708713 243436 5374.68 96779.7 19875.8 232661 230996 20.5088 425035 254362 18419 466120 225421 44003.9 419006 166698 73814.8 391033 117821 111211 440098 -0.0010735 0.0240621 0.0753143 0.146227 0.232195 0.287891 0.297541 0.341547 0.401768 0.435629 0.502204 0.58585 0.64531 0.722107 0.829549 0.921528 1.00875 1.12889 1.2589 1.36993 1.49313 1.64904 1.80186 4.13371e+17 0 
7.18593 352817 801801 730727 284984 248.367 89931 25558.3 189784 239496 1666.6 383215 288716 5882.02 440253 284284 18483.2 405182 239664 31294 377375 191642 47467.6 415704 -0.0010735 0.0240621 0.0753143 0.146227 0.232195 0.287891 0.297541 0.341547 0.401768 0.435629 0.502204 0.58585 0.64531 0.722107 0.829549 0.921528 1.00875 1.12889 1.2589 1.36993 1.49313 1.64904 1.80186 4.0588e+17 0 
7.28643 341744 789180 750527 327978 1752.58 82385.3 31631.5 149094 244501 7369.45 336853 318678 281.081 403930 340518 3583.68 377189 314556 6100.46 345943 270985 9182.24 366428 -0.0010735 0.0240621 0.0753143 0.146227 0.232195 0.287891 0.297541 0.341547 0.401768 0.435629 0.502204 0.58585 0.64531 0.722107 0.829549 0.921528 1.00875 1.12889 1.2589 1.36993 1.49313 1.64904 1.80186 3.97971e+17 0 
7.38693 330598 775377 767964 371903 9860.15 74307 37957.4 111637 245856 16944.2 287661 342954 1880.23 359055 390738 296.725 337055 385297 504.482 299808 347401 844.065 298562 -0.0010735 0.0240621 0.0753143 0.146227 0.232195 0.287891 0.297541 0.341547 0.401768 0.435629 0.502204 0.58585 0.64531 0.722107 0.829549 0.921528 1.00875 1.12889 1.2589 1.36993 1.49313 1.64904 1.80186 3.89649e+17 0 
7.48744 319388 760425 782904 416225 24424.6 65872.4 44391.9 78375.4 243518 30080.2 237460 360496 10603.9 307982 431919 8841.1 287692 446146 15010.5 243481 412749 23430.7 220780 -0.0010735 0.0240621 0.0753143 0.146227 0.232195 0.287891 0.297541 0.341547 0.401768 0.435629 0.502204 0.58585 0.64531 0.722107 0.829549 0.921528 1.00875 1.12889 1.2589 1.36993 1.49313 1.64904 1.80186 3.8092e+17 0 
7.58794 308127 744360 795230 460409 45182.3 57266 50788.4 50167.4 237552 46350.6 188112 370542 26039.9 253393 461574 28647.4 232685 492158 48309.7 182474 460062 74291.9 143026 -0.0010735 0.0240621 0.0753143 0.146227 0.232195 0.287891 0.297541 0.341547 0.401768 0.435629 0.502204 0.58585 0.64531 0.722107 0.829549 0.921528 1.00875 1.12889 1.2589 1.36993 1.49313 1.64904 1.80186 3.71795e+17 0 
7.68844 296828 727224 804844 503913 71756.5 48676.7 57000.5 27740.5 228135 65226.2 141448 372654 47458.3 198159 477911 58394.9 176032 519592 97396.7 122761 484293 147458 75244.7 -0.0010735 0.0240621 0.0753143 0.146227 0.232195 0.287891 0.297541 0.341547 0.401768 0.435629 0.502204 0.58585 0.64531 0.722107 0.829549 0.921528 1.00875 1.12889 1.2589 1.36993 1.49313 1.64904 1.80186 3.62284e+17 0 
7.78894 285504 709062 811664 546207 103664 40293.3 62886 11674.6 215546 86091.9 99201.3 366735 73845.3 145186 479939 96098.9 121855 526211 157839 70191.8 482853 234337 26107.8 -0.0010735 0.0240621 0.0753143 0.146227 0.232195 0.287891 0.297541 0.341547 0.401768 0.435629 0.502204 0.58585 0.64531 0.722107 0.829549 0.921528 1.00875 1.12889 1.2589 1.36993 1.49313 1.64904 1.80186 3.524e+17 0 
7.88945 274167 689925 815628 586770 140323 32300.4 68309.6 2385.5 200160 108267 62944.8 353033 103951 97265.5 467526 139242 74095.9 511470 224176 29917.5 455886 324725 1904.22 -0.0010735 0.0240621 0.0753143 0.146227 0.232195 0.287891 0.297541 0.341547 0.401768 0.435629 0.502204 0.58585 0.64531 0.722107 0.829549 0.921528 1.00875 1.12889 1.2589 1.36993 1.49313 1.64904 1.80186 3.4216e+17 0 
7.98995 262833 669867 816693 625099 181064 24874.6 73146.3 114.133 182440 131028 34028.5 332134 136347 56923.5 441414 184943 36233.7 476556 290412 5887.3 406260 408001 5732.37 -0.0010735 0.0240621 0.0753143 0.146227 0.232195 0.287891 0.297541 0.341547 0.401768 0.435629 0.502204 0.58585 0.64531 0.722107 0.829549 0.921528 1.00875 1.12889 1.2589 1.36993 1.49313 1.64904 1.80186 3.3158e+17 0 
8.09045 251516 648945 814839 660718 225140 18180.2 77284.2 4919.42 162918 153628 13530.9 304935 169497 26288.7 403171 230145 11027.4 424302 350557 458.095 339262 474373 37101.7 -0.0010735 0.0240621 0.0753143 0.146227 0.232195 0.287891 0.297541 0.341547 0.401768 0.435629 0.502204 0.58585 0.64531 0.722107 0.829549 0.921528 1.00875 1.12889 1.2589 1.36993 1.49313 1.64904 1.80186 3.20679e+17 0 
8.19095 240230 627222 810063 693182 271742 12365.4 80627.2 16676.2 142181 175329 2217.21 272608 201825 6978.93 355098 271825 314.982 358948 399167 14162.5 262035 516035 91993 -0.0010735 0.0240621 0.0753143 0.146227 0.232195 0.287891 0.297541 0.341547 0.401768 0.435629 0.502204 0.58585 0.64531 0.722107 0.829549 0.921528 1.00875 1.12889 1.2589 1.36993 1.49313 1.64904 1.80186 3.0948e+17 0 
8.29146 228993 604765 802386 722081 320011 7559.58 83097.2 35078 120855 195416 510.271 236546 231793 14.6988 300092 307190 4877.81 285805 431840 45654.9 182817 528080 163371 -0.0010735 0.0240621 0.0753143 0.146227 0.232195 0.287891 0.297541 0.341547 0.401768 0.435629 0.502204 0.58585 0.64531 0.722107 0.829549 0.921528 1.00875 1.12889 1.2589 1.36993 1.49313 1.64904 1.80186 2.98007e+17 0 
8.39196 217820 581643 791850 747048 369057 3869.59 84636.1 59644 99586.3 213230 8473.86 198308 257974 5764.29 241474 333871 24382.6 210823 445613 91841.7 110062 509082 242085 -0.0010735 0.0240621 0.0753143 0.146227 0.232195 0.287891 0.297541 0.341547 0.401768 0.435629 0.502204 0.58585 0.64531 0.722107 0.829549 0.921528 1.00875 1.12889 1.2589 1.36993 1.49313 1.64904 1.80186 2.86285e+17 0 
8.49246 206728 557929 778515 767763 417970 1377.76 85206.8 89731.7 79017.6 228183 25809.5 159547 279118 23923.2 182785 350075 57404.3 140103 439230 148184 51538 461268 318040 -0.0010735 0.0240621 0.0753143 0.146227 0.232195 0.287891 0.297541 0.341547 0.401768 0.435629 0.502204 0.58585 0.64531 0.722107 0.829549 0.921528 1.00875 1.12889 1.2589 1.36993 1.49313 1.64904 1.80186 2.74341e+17 0 
8.59296 195733 533700 762466 783956 465843 139.768 84794.7 124552 59773.2 239780 51866.5 121942 294215 53528.9 127571 354712 101529 79404.4 413263 209142 13497.4 390255 381488 -0.0010735 0.0240621 0.0753143 0.146227 0.232195 0.287891 0.297541 0.341547 0.401768 0.435629 0.502204 0.58585 0.64531 0.722107 0.829549 0.921528 1.00875 1.12889 1.2589 1.36993 1.49313 1.64904 1.80186 2.62207e+17 0 
8.69347 184854 509036 743806 795412 511782 183.326 83407.7 163192 42437.8 247637 85666.2 87123.2 302540 93011.1 79173.6 347464 153529 33671.9 370056 268720 4.88819 304393 424286 -0.0010735 0.0240621 0.0753143 0.146227 0.232195 0.287891 0.297541 0.341547 0.401768 0.435629 0.502204 0.58585 0.64531 0.722107 0.829549 0.921528 1.00875 1.12889 1.2589 1.36993 1.49313 1.64904 1.80186 2.49913e+17 0 
8.79397 174108 484020 722659 801975 554930 1507.44 81076.5 204634 27539.2 251490 125937 56603.1 303692 140274 40524 328811 209598 6633.95 313517 321053 12502.8 213786 440935 -0.0010735 0.0240621 0.0753143 0.146227 0.232195 0.287891 0.297541 0.341547 0.401768 0.435629 0.502204 0.58585 0.64531 0.722107 0.829549 0.921528 1.00875 1.12889 1.2589 1.36993 1.49313 1.64904 1.80186 2.37494e+17 0 
8.89447 163514 458738 699169 803549 594476 4082.33 77853.3 247786 15531.3 251208 171163 31707.5 297610 192806 13964.1 299998 265630 495.99 248766 360988 49653.9 129099 429289 -0.0010735 0.0240621 0.0753143 0.146227 0.232195 0.287891 0.297541 0.341547 0.401768 0.435629 0.502204 0.58585 0.64531 0.722107 0.829549 0.921528 1.00875 1.12889 1.2589 1.36993 1.49313 1.64904 1.80186 2.24984e+17 0 
8.99497 153089 433276 673497 800097 629676 7849.93 73811.6 291508 6780.74 246796 219637 13519.5 284579 247813 1104.52 262952 317516 15758.7 181670 384587 107483 60307.1 390836 -0.0010735 0.0240621 0.0753143 0.146227 0.232195 0.287891 0.297541 0.341547 0.401768 0.435629 0.502204 0.58585 0.64531 0.722107 0.829549 0.921528 1.00875 1.12889 1.2589 1.36993 1.49313 1.64904 1.80186 2.12421e+17 0 
9.09548 142852 407726 645823 791650 659861 12725.2 69043.9 334644 1555.08 238394 269531 2831.34 265215 302367 2725.63 220158 361451 51175.4 118312 389520 179798 15514.2 330508 -0.0010735 0.0240621 0.0753143 0.146227 0.232195 0.287891 0.297541 0.341547 0.401768 0.435629 0.502204 0.58585 0.64531 0.722107 0.829549 0.921528 1.00875 1.12889 1.2589 1.36993 1.49313 1.64904 1.80186 1.99843e+17 0 
9.19598 132823 382178 616343 778297 684457 18597.7 63659.7 376050 14.2811 226276 318956 108.885 240440 353561 18728.8 174484 394208 103852 64440.3 375294 258855 0.0260624 256047 -0.0010735 0.0240621 0.0753143 0.146227 0.232195 0.287891 0.297541 0.341547 0.401768 0.435629 0.502204 0.58585 0.64531 0.722107 0.829549 0.921528 1.00875 1.12889 1.2589 1.36993 1.49313 1.64904 1.80186 1.87289e+17 0 
9.29648 123020 356726 585268 760193 702992 25334.2 57783.3 414624 2205.57 210838 366041 5470.9 211433 398663 48141 128999 413377 169481 24945.1 343304 336182 15593.5 177016 -0.0010735 0.0240621 0.0753143 0.146227 0.232195 0.287891 0.297541 0.341547 0.401768 0.435629 0.502204 0.58585 0.64531 0.722107 0.829549 0.921528 1.00875 1.12889 1.2589 1.36993 1.49313 1.64904 1.80186 1.74801e+17 0 
9.39698 113462 331464 552823 737550 715105 32781.8 51550.8 449338 8061.57 192586 408999 18683 179579 435262 89172.8 86759.1 417545 242694 3413.05 296696 403488 60454.8 103570 -0.0010735 0.0240621 0.0753143 0.146227 0.232195 0.287891 0.297541 0.341547 0.401768 0.435629 0.502204 0.58585 0.64531 0.722107 0.829549 0.921528 1.00875 1.12889 1.2589 1.36993 1.49313 1.64904 1.80186 1.62421e+17 0 
9.49749 104168 306486 519246 710643 720556 40770.6 45106.9 479265 17402.1 172122 446199 39167 146401 461400 139326 50604.7 406398 317497 1800.52 240061 453554 129290 45148.5 -0.0010735 0.0240621 0.0753143 0.146227 0.232195 0.287891 0.297541 0.341547 0.401768 0.435629 0.502204 0.58585 0.64531 0.722107 0.829549 0.921528 1.00875 1.12889 1.2589 1.36993 1.49313 1.64904 1.80186 1.5019e+17 0 
9.59799 95158 281887 484784 679798 719227 49118.2 38601.6 503601 29939.2 150122 476222 66025.9 113486 475674 195543 22969.4 380746 387762 20253.9 178981 481002 213971 9264.59 -0.0010735 0.0240621 0.0753143 0.146227 0.232195 0.287891 0.297541 0.341547 0.401768 0.435629 0.502204 0.58585 0.64531 0.722107 0.829549 0.921528 1.00875 1.12889 1.2589 1.36993 1.49313 1.64904 1.80186 1.38153e+17 0 
9.69849 86449.5 257763 449693 645397 711131 57633.6 32186.8 521690 45286 127313 497921 98081.9 82412.3 477313 254397 5714.39 342468 447730 57094.2 119479 482881 304497 533.503 -0.0010735 0.0240621 0.0753143 0.146227 0.232195 0.287891 0.297541 0.341547 0.401768 0.435629 0.502204 0.58585 0.64531 0.722107 0.829549 0.921528 1.00875 1.12889 1.2589 1.36993 1.49313 1.64904 1.80186 1.26352e+17 0 
9.79899 78061.7 234208 414239 607866 696406 66121.4 26012.5 533040 62967.9 104450 510464 133928 54669.3 466220 312293 2.71931 294371 492479 108969 67427.2 458980 390172 20078.5 -0.0010735 0.0240621 0.0753143 0.146227 0.232195 0.287891 0.297541 0.341547 0.401768 0.435629 0.502204 0.58585 0.64531 0.722107 0.829549 0.921528 1.00875 1.12889 1.2589 1.36993 1.49313 1.64904 1.80186 1.14833e+17 0 
9.8995 70013 211315 378688 567675 675317 74386.4 20223.6 537339 82437.3 82293.6 513364 171989 31589.6 442979 365696 6219.47 239987 518332 171153 27964.1 411855 460865 65383.2 -0.0010735 0.0240621 0.0753143 0.146227 0.232195 0.287891 0.297541 0.341547 0.401768 0.435629 0.502204 0.58585 0.64531 0.722107 0.829549 0.921528 1.00875 1.12889 1.2589 1.36993 1.49313 1.64904 1.80186 1.03638e+17 0 
10 62321.4 189177 343311 525329 648250 82237.9 14956.1 534462 103090 61579.7 506502 210589 14282.6 408825 411337 23944.8 183313 523161 237981 4987.88 346558 508215 130613 -0.0010735 0.0240621 0.0753143 0.146227 0.232195 0.287891 0.297541 0.341547 0.401768 0.435629 0.502204 0.58585 0.64531 0.722107 0.829549 0.921528 1.00875 1.12889 1.2589 1.36993 1.49313 1.64904 1.80186 9.28109e+16 0 
10 62321.4 189177 343311 525329 648250 82237.9 14956.1 534462 103090 61579.7 506502 210589 14282.6 408825 411337 23944.8 183313 523161 237981 4987.88 346558 508215 130613 -0.0010735 0.0240621 0.0753143 0.146227 0.232195 0.287891 0.297541 0.341547 0.401768 0.435629 0.502204 0.58585 0.64531 0.722107 0.829549 0.921528 1.00875 1.12889 1.2589 1.36993 1.49313 1.64904 1.80186 9.28109e+16 0 
10.1072 52256.4 159927 295525 465788 606103 93691.8 8570.49 524183 135746 35881.7 486527 268262 1065.39 349186 466347 68880.9 107431 502441 338099 5317.92 239785 538270 249677 -0.0010735 0.0240621 0.0753143 0.146227 0.232195 0.287891 0.297541 0.341547 0.401768 0.435629 0.502204 0.58585 0.64531 0.722107 0.829549 0.921528 1.00875 1.12889 1.2589 1.36993 1.49313 1.64904 1.80186 7.85063e+16 0 
10.2247 43087.7 133056 250802 408364 563353 107068 3593.41 511047 175520 15403.5 458436 333673 3963.36 280387 513422 140738 44188.6 454188 443590 51824.2 131378 525190 393226 -0.0010735 0.0240621 0.0753143 0.146227 0.232195 0.287891 0.297541 0.341547 0.401768 0.435629 0.502204 0.58585 0.64531 0.722107 0.829549 0.921528 1.00875 1.12889 1.2589 1.36993 1.49313 1.64904 1.80186 6.5366e+16 0 
10.3536 34881.2 108782 209569 353644 520289 122699 582.135 494497 223154 2680.51 421130 404944 27840.1 205480 545223 239578 5713.22 376923 538546 150286 42626.9 458663 533436 -0.0010735 0.0240621 0.0753143 0.146227 0.232195 0.287891 0.297541 0.341547 0.401768 0.435629 0.502204 0.58585 0.64531 0.722107 0.829549 0.921528 1.00875 1.12889 1.2589 1.36993 1.49313 1.64904 1.80186 5.3495e+16 0 
10.4949 27676.3 87252.4 172170 302179 477232 140966 229.946 473923 279137 778.175 373909 478531 77240.1 130021 553148 360384 5535.92 274994 601112 295480 589.102 339984 628575 -0.0010735 0.0240621 0.0753143 0.146227 0.232195 0.287891 0.297541 0.341547 0.401768 0.435629 0.502204 0.58585 0.64531 0.722107 0.829549 0.921528 1.00875 1.12889 1.2589 1.36993 1.49313 1.64904 1.80186 4.29643e+16 0 
10.6499 21482.6 68536.9 138850 254461 434526 162306 3390.64 448685 343492 13222.2 316840 548745 155251 62597.9 528613 490737 55547.6 161513 606907 464788 31229.6 190460 632472 -0.0010735 0.0240621 0.0753143 0.146227 0.232195 0.287891 0.297541 0.341547 0.401768 0.435629 0.502204 0.58585 0.64531 0.722107 0.829549 0.921528 1.00875 1.12889 1.2589 1.36993 1.49313 1.64904 1.80186 3.38063e+16 0 
10.8198 16279.3 52620.4 109736 210899 392531 187212 11103.4 418158 415479 43785.6 251262 607426 261777 14862 465507 609169 160731 60146.5 537066 614690 146301 56090.5 516554 -0.0010735 0.0240621 0.0753143 0.146227 0.232195 0.287891 0.297541 0.341547 0.401768 0.435629 0.502204 0.58585 0.64531 0.722107 0.829549 0.921528 1.00875 1.12889 1.2589 1.36993 1.49313 1.64904 1.80186 2.6013e+16 0 
11.0061 12016.7 39404.6 84834.4 171798 351614 216221 24614.8 381815 493209 96051.9 180399 644025 391264 525.193 364005 685859 311970 3285.73 391283 686165 325915 46.492 301626 -0.0010735 0.0240621 0.0753143 0.146227 0.232195 0.287891 0.297541 0.341547 0.401768 0.435629 0.502204 0.58585 0.64531 0.722107 0.829549 0.921528 1.00875 1.12889 1.2589 1.36993 1.49313 1.64904 1.80186 1.95356e+16 0 
11.2103 8619.34 28714.7 64023.3 137340 312137 249908 45392.1 339338 573173 172654 110012 646540 530218 32594.7 235295 688035 479057 23372.2 202494 626025 505895 74028.6 81521.8 -0.0010735 0.0240621 0.0753143 0.146227 0.232195 0.287891 0.297541 0.341547 0.401768 0.435629 0.502204 0.58585 0.64531 0.722107 0.829549 0.921528 1.00875 1.12889 1.2589 1.36993 1.49313 1.64904 1.80186 1.42888e+16 0 
11.4343 5991.75 20311.3 47065.8 107575 274445 288845 75117.5 290806 649743 274094 48865.5 603830 655481 118235 105549 592419 608991 135318 43241.6 425903 587898 269918 2607.41 -0.0010735 0.0240621 0.0753143 0.146227 0.232195 0.287891 0.297541 0.341547 0.401768 0.435629 0.502204 0.58585 0.64531 0.722107 0.829549 0.921528 1.00875 1.12889 1.2589 1.36993 1.49313 1.64904 1.80186 1.01561e+16 0 
11.6799 4025.02 13907.9 33624 82413.9 238850 333553 115648 236942 714771 397107 8628.41 509814 735026 251388 15590.4 404542 637563 313491 7094.37 163534 491398 480562 165996 -0.0010735 0.0240621 0.0753143 0.146227 0.232195 0.287891 0.297541 0.341547 0.401768 0.435629 0.502204 0.58585 0.64531 0.722107 0.829549 0.921528 1.00875 1.12889 1.2589 1.36993 1.49313 1.64904 1.80186 6.99839e+15 0 
11.9491 2604.65 9191.6 23284.2 61639.5 205624 384399 168911 179441 757527 532688 2603.59 369540 733893 405155 11089.6 178253 521286 478001 151763 3812.63 241243 531474 483871 -0.0010735 0.0240621 0.0753143 0.146227 0.232195 0.287891 0.297541 0.341547 0.401768 0.435629 0.502204 0.58585 0.64531 0.722107 0.829549 0.921528 1.00875 1.12889 1.2589 1.36993 1.49313 1.64904 1.80186 4.66417e+15 0 
12.2444 1618.14 5844.27 15586.3 44918 174981 441451 236705 121363 765363 664238 42538.5 205832 627733 529180 119200 18125.7 285274 517030 419486 105450 21598.8 330975 649142 -0.0010735 0.0240621 0.0753143 0.146227 0.232195 0.287891 0.297541 0.341547 0.401768 0.435629 0.502204 0.58585 0.64531 0.722107 0.829549 0.921528 1.00875 1.12889 1.2589 1.36993 1.49313 1.64904 1.80186 2.99945e+15 0 
12.5681 961.493 3562.55 10055.4 31824 147067 504239 320339 67521.1 725696 766836 132971 62857.5 423785 560527 315426 39960.2 55964 366059 608468 439237 72169.6 51534.8 415799 -0.0010735 0.0240621 0.0753143 0.146227 0.232195 0.287891 0.297541 0.341547 0.401768 0.435629 0.502204 0.58585 0.64531 0.722107 0.829549 0.921528 1.00875 1.12889 1.2589 1.36993 1.49313 1.64904 1.80186 1.85747e+15 0 
12.9231 544.235 2074.13 6232.04 21871 121961 571421 420050 24733 629892 809385 263562 35.2245 181810 455855 502035 278697 18710.5 112743 504117 687175 396578 55611.9 41545.1 -0.0010735 0.0240621 0.0753143 0.146227 0.232195 0.287891 0.297541 0.341547 0.401768 0.435629 0.502204 0.58585 0.64531 0.722107 0.829549 0.921528 1.00875 1.12889 1.2589 1.36993 1.49313 1.64904 1.80186 1.10636e+15 0 
13.3123 292.163 1148.61 3697.63 14544.1 99664 640307 534122 1658.12 479406 761968 402175 68757.5 15818.8 240219 538321 591135 259232 2827.51 161286 503474 592449 398786 138940 -0.0010735 0.0240621 0.0753143 0.146227 0.232195 0.287891 0.297541 0.341547 0.401768 0.435629 0.502204 0.58585 0.64531 0.722107 0.829549 0.921528 1.00875 1.12889 1.2589 1.36993 1.49313 1.64904 1.80186 6.34311e+14 0 
13.7391 148.042 602.319 2092.37 9333.27 80105.2 706275 657645 7790.39 293387 610267 495106 270750 49252.4 38793.2 352274 685826 581631 208967 7951.84 75751 309452 525454 604686 -0.0010735 0.0240621 0.0753143 0.146227 0.232195 0.287891 0.297541 0.341547 0.401768 0.435629 0.502204 0.58585 0.64531 0.722107 0.829549 0.921528 1.00875 1.12889 1.2589 1.36993 1.49313 1.64904 1.80186 3.51842e+14 0 
14.207 70.4366 297.636 1124.58 5762.13 63149.8 762111 780982 51040.4 114690 375763 483780 516904 312850 27688.3 77717.6 398750 588987 502051 334760 111694 193.9 138862 462117 -0.0010735 0.0240621 0.0753143 0.146227 0.232195 0.287891 0.297541 0.341547 0.401768 0.435629 0.502204 0.58585 0.64531 0.722107 0.829549 0.921528 1.00875 1.12889 1.2589 1.36993 1.49313 1.64904 1.80186 1.91445e+14 0 
14.7201 31.2881 137.856 571.459 3409.91 48611.1 797507 888239 133427 7680.35 132788 343754 635674 640810 267208 23747.6 32649.1 201401 406288 622012 622019 334424 78051.1 761.616 -0.0010735 0.0240621 0.0753143 0.146227 0.232195 0.287891 0.297541 0.341547 0.401768 0.435629 0.502204 0.58585 0.64531 0.722107 0.829549 0.921528 1.00875 1.12889 1.2589 1.36993 1.49313 1.64904 1.80186 1.0515e+14 0 
15.2827 12.8928 59.4874 273.087 1924.85 36268.7 799171 956529 245085 38357.1 2126.48 133110 487380 715411 534911 316977 150456 14521 38071.1 252495 510831 579703 539748 481034 -0.0010735 0.0240621 0.0753143 0.146227 0.232195 0.287891 0.297541 0.341547 0.401768 0.435629 0.502204 0.58585 0.64531 0.722107 0.829549 0.921528 1.00875 1.12889 1.2589 1.36993 1.49313 1.64904 1.80186 6.08791e+13 0 
15.8995 4.8914 23.7428 121.878 1028.65 25893.7 752388 957656 358616 230709 95074.4 2175.94 156887 384506 466055 552331 631750 438144 169985 35570.3 1391.64 67700.6 227813 485056 -0.0010735 0.0240621 0.0753143 0.146227 0.232195 0.287891 0.297541 0.341547 0.401768 0.435629 0.502204 0.58585 0.64531 0.722107 0.829549 0.921528 1.00875 1.12889 1.2589 1.36993 1.49313 1.64904 1.80186 3.8453e+13 0 
16.5759 1.69119 8.67494 50.2421 513.194 17281 645305 864742 429019 511982 404554 96933.7 4101.8 17996.5 100410 277231 534460 605085 537557 572569 518884 302141 126329 35192.9 -0.0010735 0.0240621 0.0753143 0.146227 0.232195 0.287891 0.297541 0.341547 0.401768 0.435629 0.502204 0.58585 0.64531 0.722107 0.829549 0.921528 1.00875 1.12889 1.2589 1.36993 1.49313 1.64904 1.80186 2.59789e+13 0 
17.3175 0.522895 2.84389 18.6878 231.703 10293 477223 666628 407706 697412 715452 365195 287971 205629 62815.8 2643.58 13894.4 66593.8 150854 320359 490746 523506 561029 704469 -0.0010735 0.0240621 0.0753143 0.146227 0.232195 0.287891 0.297541 0.341547 0.401768 0.435629 0.502204 0.58585 0.64531 0.722107 0.829549 0.921528 1.00875 1.12889 1.2589 1.36993 1.49313 1.64904 1.80186 1.70978e+13 0 
18.1307 0.136883 0.788926 5.86011 87.0399 4917.45 270712 390173 277050 593494 699937 486905 623357 697393 487140 397410 409646 297804 161633 106243 60892.5 16713.8 71.9974 11591.9 -0.0010735 0.0240621 0.0753143 0.146227 0.232195 0.287891 0.297541 0.341547 0.401768 0.435629 0.502204 0.58585 0.64531 0.722107 0.829549 0.921528 1.00875 1.12889 1.2589 1.36993 1.49313 1.64904 1.80186 9.2587e+12 0 
19.0223 0.02357 0.142495 1.16797 19.9296 1338.15 82633.9 121525 94703.9 231117 293790 237768 371257 481460 410858 453209 620190 606365 525482 644755 743660 650261 608187 730496 -0.0010735 0.0240621 0.0753143 0.146227 0.232195 0.287891 0.297541 0.341547 0.401768 0.435629 0.502204 0.58585 0.64531 0.722107 0.829549 0.921528 1.00875 1.12889 1.2589 1.36993 1.49313 1.64904 1.80186 2.78636e+12 0 
20 1.69453e-15 1.04628e-14 8.94694e-14 1.61646e-12 1.16077e-10 7.47806e-09 1.10776e-08 8.9198e-09 2.27455e-08 2.9624e-08 2.51261e-08 4.15506e-08 5.60736e-08 5.03188e-08 5.94293e-08 8.60678e-08 8.86673e-08 8.24005e-08 1.08756e-07 1.3323e-07 1.24298e-07 1.25827e-07 1.62842e-07 -0.0010735 0.0240621 0.0753143 0.146227 0.232195 0.287891 0.297541 0.341547 0.401768 0.435629 0.502204 0.58585 0.64531 0.722107 0.829549 0.921528 1.00875 1.12889 1.2589 1.36993 1.49313 1.64904 1.80186 0.251475 0 