# efaschroedinger eigenstates (quantum_el)
# Index Particle EigenEnergy     Occupation  FermiLevel Temperature
      0      el    -0.0010735        0.51038              0         300
      1      el     0.0240621        0.28277              0         300
      2      el     0.0753143      0.0515008              0         300
      3      el      0.146227     0.00348319              0         300
      4      el      0.232195    0.000125676              0         300
      5      el      0.287891    1.45761e-05              0         300
      6      el      0.297541    1.00353e-05              0         300
      7      el      0.341547    1.82924e-06              0         300
      8      el      0.401768    1.78074e-07              0         300
      9      el      0.435629    4.80575e-08              0         300
     10      el      0.502204    3.65896e-09              0         300
     11      el       0.58585    1.43933e-10              0         300
     12      el       0.64531    1.44307e-11              0         300
     13      el      0.722107    7.39873e-13              0         300
     14      el      0.829549    1.15932e-14              0         300
     15      el      0.921528    3.30385e-16              0         300
     16      el       1.00875    1.13161e-17              0         300
     17      el       1.12889    1.08503e-19              0         300
     18      el        1.2589    7.10181e-22              0         300
     19      el       1.36993    9.68936e-24              0         300
     20      el       1.49313    8.25169e-26              0         300
     21      el       1.64904    1.98333e-28              0         300
     22      el       1.80186    5.37145e-31              0         300
