# ASCII 1D datafile generated by TiberCAD
# x Ec Ev eQFermi hQFermi ElPotential Eg eDensity hDensity eMobility hMobility ElField_x ElField_y ElField_z CurrentDensity_x CurrentDensity_y CurrentDensity_z eCurrentDensity_x eCurrentDensity_y eCurrentDensity_z hCurrentDensity_x hCurrentDensity_y hCurrentDensity_z IonizedDonors IonizedAcceptors eNetRecombination eSRHRecombination eAugerRecombination eOpticalGeneration hNetRecombination hSRHRecombination hAugerRecombination hOpticalGeneration 
-1 0.0425109 -1.0763 0 0 2.18097 1.11881 4.96051e+18 43.6562 108.05 73.1657 0.00209978 0 0 0.174673 0 0 0.181707 0 0 -0.00703312 0 0 4.96051e+18 0 -1e+21 0 0 -1e+21 -1e+21 0 0 -1e+21 
-0.980036 0.0425109 -1.0763 4.22425e-09 -0.504407 2.18097 1.11881 4.96051e+18 1.29925e+10 108.05 47.1501 0.00206459 0 0 0.174673 0 0 0.181547 0 0 -0.00687389 0 0 4.96051e+18 0 -9.95664e+20 4.33518e+18 6.49865e+14 -1e+21 -9.95664e+20 4.33518e+18 6.49865e+14 -1e+21 
-0.960432 0.0425109 -1.0763 8.3654e-09 -0.541072 2.18097 1.11881 4.96051e+18 5.36603e+10 108.05 69.1174 0.00203107 0 0 0.174673 0 0 0.181237 0 0 -0.00656328 0 0 4.96051e+18 0 -9.82093e+20 1.79046e+19 2.68399e+15 -1e+21 -9.82093e+20 1.79046e+19 2.68399e+15 -1e+21 
-0.941179 0.0425109 -1.0763 1.24253e-08 -0.555713 2.18097 1.11881 4.96051e+18 9.45366e+10 108.05 71.4879 0.00203203 0 0 0.174673 0 0 0.180936 0 0 -0.00626244 0 0 4.96051e+18 0 -9.68452e+20 3.15437e+19 4.72856e+15 -1e+21 -9.68452e+20 3.15437e+19 4.72856e+15 -1e+21 
-0.922272 0.0425109 -1.0763 1.64057e-08 -0.56453 2.18097 1.11881 4.96051e+18 1.32961e+11 108.05 72.156 0.00203202 0 0 0.174673 0 0 0.180644 0 0 -0.00597102 0 0 4.96051e+18 0 -9.55629e+20 4.43646e+19 6.65047e+15 -1e+21 -9.55629e+20 4.43646e+19 6.65047e+15 -1e+21 
-0.903705 0.0425109 -1.0763 2.03084e-08 -0.570715 2.18097 1.11881 4.96051e+18 1.68902e+11 108.05 72.4631 0.00203217 0 0 0.174673 0 0 0.180362 0 0 -0.00568853 0 0 4.96051e+18 0 -9.43635e+20 5.63568e+19 8.44817e+15 -1e+21 -9.43635e+20 5.63568e+19 8.44817e+15 -1e+21 
-0.885472 0.0425109 -1.0763 2.41351e-08 -0.575403 2.18097 1.11881 4.96051e+18 2.0248e+11 108.05 72.638 0.00203232 0 0 0.174673 0 0 0.180088 0 0 -0.0054145 0 0 4.96051e+18 0 -9.32429e+20 6.75608e+19 1.01277e+16 -1e+21 -9.32429e+20 6.75608e+19 1.01277e+16 -1e+21 
-0.867566 0.0425109 -1.0763 2.78874e-08 -0.579124 2.18097 1.11881 4.96051e+18 2.33825e+11 108.05 72.7502 0.00203246 0 0 0.174673 0 0 0.179822 0 0 -0.0051485 0 0 4.96051e+18 0 -9.21969e+20 7.80197e+19 1.16955e+16 -1e+21 -9.21969e+20 7.80197e+19 1.16955e+16 -1e+21 
-0.849982 0.0425109 -1.0763 3.15669e-08 -0.58217 2.18097 1.11881 4.96051e+18 2.6306e+11 108.05 72.8281 0.00203257 0 0 0.174673 0 0 0.179564 0 0 -0.00489013 0 0 4.96051e+18 0 -9.12213e+20 8.77742e+19 1.31578e+16 -1e+21 -9.12213e+20 8.77742e+19 1.31578e+16 -1e+21 
-0.832714 0.0425109 -1.0763 3.51752e-08 -0.584717 2.18097 1.11881 4.96051e+18 2.90297e+11 108.05 72.8851 0.00203268 0 0 0.174673 0 0 0.179312 0 0 -0.00463901 0 0 4.96051e+18 0 -9.03123e+20 9.68624e+19 1.45202e+16 -1e+21 -9.03123e+20 9.68624e+19 1.45202e+16 -1e+21 
-0.815756 0.0425109 -1.0763 3.87137e-08 -0.586881 2.18097 1.11881 4.96051e+18 3.15643e+11 108.05 72.9285 0.00203277 0 0 0.174673 0 0 0.179068 0 0 -0.00439478 0 0 4.96051e+18 0 -8.94665e+20 1.0532e+20 1.57879e+16 -1e+21 -8.94665e+20 1.0532e+20 1.57879e+16 -1e+21 
-0.799102 0.0425109 -1.0763 4.2184e-08 -0.588741 2.18097 1.11881 4.96051e+18 3.39198e+11 108.05 72.9626 0.00203286 0 0 0.174673 0 0 0.178831 0 0 -0.00415712 0 0 4.96051e+18 0 -8.86804e+20 1.13179e+20 1.69661e+16 -1e+21 -8.86804e+20 1.13179e+20 1.69661e+16 -1e+21 
-0.782748 0.0425109 -1.0763 4.55875e-08 -0.590356 2.18097 1.11881 4.96051e+18 3.61054e+11 108.05 72.9902 0.00203294 0 0 0.174673 0 0 0.178599 0 0 -0.00392572 0 0 4.96051e+18 0 -8.7951e+20 1.20472e+20 1.80593e+16 -1e+21 -8.7951e+20 1.20472e+20 1.80593e+16 -1e+21 
-0.766688 0.0425109 -1.0763 4.89256e-08 -0.591766 2.18097 1.11881 4.96051e+18 3.81299e+11 108.05 73.0128 0.00203302 0 0 0.174673 0 0 0.178374 0 0 -0.00370028 0 0 4.96051e+18 0 -8.72754e+20 1.27227e+20 1.90719e+16 -1e+21 -8.72754e+20 1.27227e+20 1.90719e+16 -1e+21 
-0.750917 0.0425109 -1.0763 5.21996e-08 -0.593005 2.18097 1.11881 4.96051e+18 4.00015e+11 108.05 73.0318 0.00203309 0 0 0.174673 0 0 0.178154 0 0 -0.00348053 0 0 4.96051e+18 0 -8.66508e+20 1.33472e+20 2.00081e+16 -1e+21 -8.66508e+20 1.33472e+20 2.00081e+16 -1e+21 
-0.735428 0.0425109 -1.0763 5.54108e-08 -0.594097 2.18097 1.11881 4.96051e+18 4.17281e+11 108.05 73.048 0.00203316 0 0 0.174673 0 0 0.17794 0 0 -0.00326623 0 0 4.96051e+18 0 -8.60746e+20 1.39233e+20 2.08717e+16 -1e+21 -8.60746e+20 1.39233e+20 2.08717e+16 -1e+21 
-0.720218 0.0425109 -1.0763 5.85607e-08 -0.595063 2.18097 1.11881 4.96051e+18 4.3317e+11 108.05 73.0619 0.00203322 0 0 0.174673 0 0 0.177731 0 0 -0.00305712 0 0 4.96051e+18 0 -8.55444e+20 1.44534e+20 2.16664e+16 -1e+21 -8.55444e+20 1.44534e+20 2.16664e+16 -1e+21 
-0.705282 0.0425109 -1.0763 6.16503e-08 -0.595919 2.18097 1.11881 4.96051e+18 4.47752e+11 108.05 73.074 0.00203328 0 0 0.174673 0 0 0.177526 0 0 -0.00285298 0 0 4.96051e+18 0 -8.50578e+20 1.494e+20 2.23958e+16 -1e+21 -8.50578e+20 1.494e+20 2.23958e+16 -1e+21 
-0.690613 0.0425109 -1.0763 6.4681e-08 -0.596678 2.18097 1.11881 4.96051e+18 4.61092e+11 108.05 73.0847 0.00203334 0 0 0.174673 0 0 0.177327 0 0 -0.00265361 0 0 4.96051e+18 0 -8.46126e+20 1.53851e+20 2.3063e+16 -1e+21 -8.46126e+20 1.53851e+20 2.3063e+16 -1e+21 
-0.676209 0.0425109 -1.0763 6.76539e-08 -0.597351 2.18097 1.11881 4.96051e+18 4.73253e+11 108.05 73.0941 0.0020334 0 0 0.174673 0 0 0.177132 0 0 -0.0024588 0 0 4.96051e+18 0 -8.42068e+20 1.57909e+20 2.36713e+16 -1e+21 -8.42068e+20 1.57909e+20 2.36713e+16 -1e+21 
-0.662063 0.0425109 -1.0763 7.05702e-08 -0.597947 2.18097 1.11881 4.96051e+18 4.84295e+11 108.05 73.1026 0.00203346 0 0 0.174673 0 0 0.176942 0 0 -0.00226837 0 0 4.96051e+18 0 -8.38383e+20 1.61593e+20 2.42236e+16 -1e+21 -8.38383e+20 1.61593e+20 2.42236e+16 -1e+21 
-0.648171 0.0425109 -1.0763 7.34311e-08 -0.598475 2.18097 1.11881 4.96051e+18 4.94273e+11 108.05 73.1102 0.00203351 0 0 0.174673 0 0 0.176756 0 0 -0.00208214 0 0 4.96051e+18 0 -8.35053e+20 1.64922e+20 2.47227e+16 -1e+21 -8.35053e+20 1.64922e+20 2.47227e+16 -1e+21 
-0.634529 0.042511 -1.0763 7.62376e-08 -0.598939 2.18097 1.11881 4.96051e+18 5.03241e+11 108.05 73.1171 0.00203356 0 0 0.174673 0 0 0.176573 0 0 -0.00189995 0 0 4.96051e+18 0 -8.3206e+20 1.67915e+20 2.51713e+16 -1e+21 -8.3206e+20 1.67915e+20 2.51713e+16 -1e+21 
-0.621132 0.042511 -1.0763 7.8991e-08 -0.599348 2.18097 1.11881 4.96051e+18 5.11251e+11 108.05 73.1234 0.00203361 0 0 0.174673 0 0 0.176395 0 0 -0.00172164 0 0 4.96051e+18 0 -8.29387e+20 1.70587e+20 2.55719e+16 -1e+21 -8.29387e+20 1.70587e+20 2.55719e+16 -1e+21 
-0.607975 0.042511 -1.0763 8.16921e-08 -0.599704 2.18097 1.11881 4.96051e+18 5.18349e+11 108.05 73.1292 0.00203366 0 0 0.174673 0 0 0.176221 0 0 -0.00154706 0 0 4.96051e+18 0 -8.27018e+20 1.72956e+20 2.59269e+16 -1e+21 -8.27018e+20 1.72956e+20 2.59269e+16 -1e+21 
-0.595055 0.042511 -1.0763 8.43421e-08 -0.600013 2.18097 1.11881 4.96051e+18 5.24583e+11 108.05 73.1345 0.00203371 0 0 0.174673 0 0 0.17605 0 0 -0.00137608 0 0 4.96051e+18 0 -8.24938e+20 1.75036e+20 2.62387e+16 -1e+21 -8.24938e+20 1.75036e+20 2.62387e+16 -1e+21 
-0.582368 0.042511 -1.0763 8.6942e-08 -0.600279 2.18097 1.11881 4.96051e+18 5.29995e+11 108.05 73.1394 0.00203375 0 0 0.174673 0 0 0.175882 0 0 -0.00120857 0 0 4.96051e+18 0 -8.23132e+20 1.76842e+20 2.65095e+16 -1e+21 -8.23132e+20 1.76842e+20 2.65095e+16 -1e+21 
-0.569908 0.042511 -1.0763 8.94928e-08 -0.600504 2.18097 1.11881 4.96051e+18 5.34628e+11 108.05 73.1439 0.0020338 0 0 0.174673 0 0 0.175718 0 0 -0.0010444 0 0 4.96051e+18 0 -8.21586e+20 1.78387e+20 2.67412e+16 -1e+21 -8.21586e+20 1.78387e+20 2.67412e+16 -1e+21 
-0.557672 0.042511 -1.0763 9.19954e-08 -0.600691 2.18097 1.11881 4.96051e+18 5.38521e+11 108.05 73.148 0.00203384 0 0 0.174673 0 0 0.175557 0 0 -0.000883465 0 0 4.96051e+18 0 -8.20287e+20 1.79686e+20 2.69359e+16 -1e+21 -8.20287e+20 1.79686e+20 2.69359e+16 -1e+21 
-0.545655 0.042511 -1.0763 9.44509e-08 -0.600844 2.18097 1.11881 4.96051e+18 5.41711e+11 108.05 73.1519 0.00203388 0 0 0.174673 0 0 0.175399 0 0 -0.000725646 0 0 4.96051e+18 0 -8.19222e+20 1.80751e+20 2.70955e+16 -1e+21 -8.19222e+20 1.80751e+20 2.70955e+16 -1e+21 
-0.533855 0.042511 -1.0763 9.686e-08 -0.600964 2.18097 1.11881 4.96051e+18 5.44236e+11 108.05 73.1554 0.00203392 0 0 0.174673 0 0 0.175244 0 0 -0.000570842 0 0 4.96051e+18 0 -8.18379e+20 1.81593e+20 2.72218e+16 -1e+21 -8.18379e+20 1.81593e+20 2.72218e+16 -1e+21 
-0.522267 0.042511 -1.0763 9.92239e-08 -0.601054 2.18097 1.11881 4.96051e+18 5.46128e+11 108.05 73.1587 0.00203397 0 0 0.174673 0 0 0.175092 0 0 -0.000418957 0 0 4.96051e+18 0 -8.17748e+20 1.82225e+20 2.73164e+16 -1e+21 -8.17748e+20 1.82225e+20 2.73164e+16 -1e+21 
-0.510887 0.042511 -1.0763 1.01543e-07 -0.601115 2.18097 1.11881 4.96051e+18 5.47422e+11 108.05 73.1616 0.00203401 0 0 0.174673 0 0 0.174943 0 0 -0.000269898 0 0 4.96051e+18 0 -8.17316e+20 1.82656e+20 2.73811e+16 -1e+21 -8.17316e+20 1.82656e+20 2.73811e+16 -1e+21 
-0.499711 0.042511 -1.0763 1.03819e-07 -0.601149 2.18097 1.11881 4.96051e+18 5.48147e+11 108.05 73.1641 0.00203404 0 0 0.174673 0 0 0.174797 0 0 -0.000123577 0 0 4.96051e+18 0 -8.17074e+20 1.82898e+20 2.74174e+16 -1e+21 -8.17074e+20 1.82898e+20 2.74174e+16 -1e+21 
-0.488737 0.042511 -1.0763 1.06052e-07 -0.601158 2.18097 1.11881 4.96051e+18 5.48335e+11 108.05 73.1649 0.00203408 0 0 0.174673 0 0 0.174653 0 0 2.00881e-05 0 0 4.96051e+18 0 -8.17012e+20 1.82961e+20 2.74268e+16 -1e+21 -8.17012e+20 1.82961e+20 2.74268e+16 -1e+21 
-0.477959 0.042511 -1.0763 1.08243e-07 -0.601143 2.18097 1.11881 4.96051e+18 5.48013e+11 108.05 73.1635 0.00203412 0 0 0.174673 0 0 0.174512 0 0 0.000161176 0 0 4.96051e+18 0 -8.17119e+20 1.82853e+20 2.74107e+16 -1e+21 -8.17119e+20 1.82853e+20 2.74107e+16 -1e+21 
-0.467375 0.042511 -1.0763 1.10393e-07 -0.601105 2.18097 1.11881 4.96051e+18 5.47208e+11 108.05 73.161 0.00203416 0 0 0.174673 0 0 0.174374 0 0 0.00029976 0 0 4.96051e+18 0 -8.17388e+20 1.82585e+20 2.73704e+16 -1e+21 -8.17388e+20 1.82585e+20 2.73704e+16 -1e+21 
-0.456981 0.042511 -1.0763 1.12503e-07 -0.601045 2.18097 1.11881 4.96051e+18 5.45946e+11 108.05 73.1583 0.00203419 0 0 0.174673 0 0 0.174238 0 0 0.000435912 0 0 4.96051e+18 0 -8.17809e+20 1.82164e+20 2.73073e+16 -1e+21 -8.17809e+20 1.82164e+20 2.73073e+16 -1e+21 
-0.446774 0.042511 -1.0763 1.14573e-07 -0.600965 2.18097 1.11881 4.96051e+18 5.44253e+11 108.05 73.1555 0.00203423 0 0 0.174673 0 0 0.174104 0 0 0.000569699 0 0 4.96051e+18 0 -8.18374e+20 1.81599e+20 2.72226e+16 -1e+21 -8.18374e+20 1.81599e+20 2.72226e+16 -1e+21 
-0.436751 0.042511 -1.0763 1.16605e-07 -0.600865 2.18097 1.11881 4.96051e+18 5.42151e+11 108.05 73.1525 0.00203426 0 0 0.174673 0 0 0.173972 0 0 0.000701183 0 0 4.96051e+18 0 -8.19075e+20 1.80898e+20 2.71175e+16 -1e+21 -8.19075e+20 1.80898e+20 2.71175e+16 -1e+21 
-0.426907 0.042511 -1.0763 1.18598e-07 -0.600746 2.18097 1.11881 4.96051e+18 5.39663e+11 108.05 73.1494 0.0020343 0 0 0.174673 0 0 0.173843 0 0 0.000830426 0 0 4.96051e+18 0 -8.19906e+20 1.80067e+20 2.6993e+16 -1e+21 -8.19906e+20 1.80067e+20 2.6993e+16 -1e+21 
-0.41724 0.042511 -1.0763 1.20554e-07 -0.600609 2.18097 1.11881 4.96051e+18 5.36811e+11 108.05 73.1462 0.00203433 0 0 0.174673 0 0 0.173716 0 0 0.000957484 0 0 4.96051e+18 0 -8.20857e+20 1.79116e+20 2.68504e+16 -1e+21 -8.20857e+20 1.79116e+20 2.68504e+16 -1e+21 
-0.407747 0.042511 -1.0763 1.22474e-07 -0.600454 2.18097 1.11881 4.96051e+18 5.33615e+11 108.05 73.1429 0.00203437 0 0 0.174673 0 0 0.173591 0 0 0.00108241 0 0 4.96051e+18 0 -8.21924e+20 1.78049e+20 2.66905e+16 -1e+21 -8.21924e+20 1.78049e+20 2.66905e+16 -1e+21 
-0.398425 0.042511 -1.0763 1.24358e-07 -0.600283 2.18097 1.11881 4.96051e+18 5.30095e+11 108.05 73.1395 0.0020344 0 0 0.174673 0 0 0.173468 0 0 0.00120527 0 0 4.96051e+18 0 -8.23098e+20 1.76875e+20 2.65145e+16 -1e+21 -8.23098e+20 1.76875e+20 2.65145e+16 -1e+21 
-0.38927 0.042511 -1.0763 1.26206e-07 -0.600096 2.18097 1.11881 4.96051e+18 5.26271e+11 108.05 73.136 0.00203443 0 0 0.174673 0 0 0.173347 0 0 0.00132609 0 0 4.96051e+18 0 -8.24375e+20 1.75599e+20 2.63232e+16 -1e+21 -8.24375e+20 1.75599e+20 2.63232e+16 -1e+21 
-0.380279 0.042511 -1.0763 1.28021e-07 -0.599893 2.18097 1.11881 4.96051e+18 5.22159e+11 108.05 73.1325 0.00203447 0 0 0.174673 0 0 0.173229 0 0 0.00144493 0 0 4.96051e+18 0 -8.25747e+20 1.74227e+20 2.61175e+16 -1e+21 -8.25747e+20 1.74227e+20 2.61175e+16 -1e+21 
-0.37145 0.042511 -1.0763 1.29801e-07 -0.599676 2.18097 1.11881 4.96051e+18 5.17777e+11 108.05 73.1288 0.0020345 0 0 0.174673 0 0 0.173112 0 0 0.00156184 0 0 4.96051e+18 0 -8.27209e+20 1.72765e+20 2.58983e+16 -1e+21 -8.27209e+20 1.72765e+20 2.58983e+16 -1e+21 
-0.36278 0.042511 -1.0763 1.31548e-07 -0.599443 2.18097 1.11881 4.96051e+18 5.13142e+11 108.05 73.125 0.00203453 0 0 0.174673 0 0 0.172997 0 0 0.00167686 0 0 4.96051e+18 0 -8.28756e+20 1.71218e+20 2.56665e+16 -1e+21 -8.28756e+20 1.71218e+20 2.56665e+16 -1e+21 
-0.354266 0.042511 -1.0763 1.33263e-07 -0.599196 2.18097 1.11881 4.96051e+18 5.08269e+11 108.05 73.1211 0.00203456 0 0 0.174673 0 0 0.172883 0 0 0.00179003 0 0 4.96051e+18 0 -8.30382e+20 1.69592e+20 2.54227e+16 -1e+21 -8.30382e+20 1.69592e+20 2.54227e+16 -1e+21 
-0.345904 0.042511 -1.0763 1.34946e-07 -0.598936 2.18097 1.11881 4.96051e+18 5.03173e+11 108.05 73.1172 0.00203459 0 0 0.174673 0 0 0.172772 0 0 0.00190139 0 0 4.96051e+18 0 -8.32083e+20 1.67892e+20 2.51679e+16 -1e+21 -8.32083e+20 1.67892e+20 2.51679e+16 -1e+21 
-0.337693 0.042511 -1.0763 1.36597e-07 -0.598662 2.18097 1.11881 4.96051e+18 4.97869e+11 108.05 73.1131 0.00203463 0 0 0.174673 0 0 0.172662 0 0 0.00201097 0 0 4.96051e+18 0 -8.33853e+20 1.66122e+20 2.49026e+16 -1e+21 -8.33853e+20 1.66122e+20 2.49026e+16 -1e+21 
-0.329629 0.042511 -1.0763 1.38218e-07 -0.598375 2.18097 1.11881 4.96051e+18 4.92371e+11 108.05 73.1089 0.00203466 0 0 0.174673 0 0 0.172555 0 0 0.00211882 0 0 4.96051e+18 0 -8.35688e+20 1.64288e+20 2.46276e+16 -1e+21 -8.35688e+20 1.64288e+20 2.46276e+16 -1e+21 
-0.32171 0.042511 -1.0763 1.39809e-07 -0.598075 2.18097 1.11881 4.96051e+18 4.86691e+11 108.05 73.1046 0.00203469 0 0 0.174673 0 0 0.172448 0 0 0.00222497 0 0 4.96051e+18 0 -8.37583e+20 1.62393e+20 2.43435e+16 -1e+21 -8.37583e+20 1.62393e+20 2.43435e+16 -1e+21 
-0.313934 0.042511 -1.0763 1.4137e-07 -0.597762 2.18097 1.11881 4.96051e+18 4.80843e+11 108.05 73.1001 0.00203472 0 0 0.174673 0 0 0.172344 0 0 0.00232945 0 0 4.96051e+18 0 -8.39535e+20 1.60441e+20 2.40509e+16 -1e+21 -8.39535e+20 1.60441e+20 2.40509e+16 -1e+21 
-0.306297 0.042511 -1.0763 1.42902e-07 -0.597437 2.18097 1.11881 4.96051e+18 4.74838e+11 108.05 73.0955 0.00203475 0 0 0.174673 0 0 0.172241 0 0 0.00243229 0 0 4.96051e+18 0 -8.41539e+20 1.58437e+20 2.37506e+16 -1e+21 -8.41539e+20 1.58437e+20 2.37506e+16 -1e+21 
-0.298797 0.042511 -1.0763 1.44406e-07 -0.5971 2.18097 1.11881 4.96051e+18 4.68687e+11 108.05 73.0908 0.00203478 0 0 0.174673 0 0 0.17214 0 0 0.00253353 0 0 4.96051e+18 0 -8.43591e+20 1.56385e+20 2.34429e+16 -1e+21 -8.43591e+20 1.56385e+20 2.34429e+16 -1e+21 
-0.291432 0.042511 -1.0763 1.45882e-07 -0.596751 2.18097 1.11881 4.96051e+18 4.62403e+11 108.05 73.0859 0.00203481 0 0 0.174673 0 0 0.17204 0 0 0.0026332 0 0 4.96051e+18 0 -8.45689e+20 1.54288e+20 2.31286e+16 -1e+21 -8.45689e+20 1.54288e+20 2.31286e+16 -1e+21 
-0.2842 0.042511 -1.0763 1.47331e-07 -0.596391 2.18097 1.11881 4.96051e+18 4.55994e+11 108.05 73.0808 0.00203484 0 0 0.174673 0 0 0.171942 0 0 0.00273132 0 0 4.96051e+18 0 -8.47827e+20 1.5215e+20 2.28081e+16 -1e+21 -8.47827e+20 1.5215e+20 2.28081e+16 -1e+21 
-0.277097 0.042511 -1.0763 1.48752e-07 -0.596018 2.18097 1.11881 4.96051e+18 4.49472e+11 108.05 73.0756 0.00203486 0 0 0.174673 0 0 0.171846 0 0 0.00282792 0 0 4.96051e+18 0 -8.50004e+20 1.49974e+20 2.24818e+16 -1e+21 -8.50004e+20 1.49974e+20 2.24818e+16 -1e+21 
-0.270122 0.042511 -1.0763 1.50148e-07 -0.595634 2.18097 1.11881 4.96051e+18 4.42846e+11 108.05 73.0702 0.00203489 0 0 0.174673 0 0 0.17175 0 0 0.00292304 0 0 4.96051e+18 0 -8.52215e+20 1.47763e+20 2.21504e+16 -1e+21 -8.52215e+20 1.47763e+20 2.21504e+16 -1e+21 
-0.263272 0.042511 -1.0763 1.51517e-07 -0.595239 2.18097 1.11881 4.96051e+18 4.36124e+11 108.05 73.0647 0.00203492 0 0 0.174673 0 0 0.171657 0 0 0.00301669 0 0 4.96051e+18 0 -8.54458e+20 1.4552e+20 2.18142e+16 -1e+21 -8.54458e+20 1.4552e+20 2.18142e+16 -1e+21 
-0.256546 0.042511 -1.0763 1.52862e-07 -0.594832 2.18097 1.11881 4.96051e+18 4.29317e+11 108.05 73.0589 0.00203495 0 0 0.174673 0 0 0.171565 0 0 0.0031089 0 0 4.96051e+18 0 -8.5673e+20 1.43249e+20 2.14737e+16 -1e+21 -8.5673e+20 1.43249e+20 2.14737e+16 -1e+21 
-0.24994 0.042511 -1.0763 1.54181e-07 -0.594414 2.18097 1.11881 4.96051e+18 4.22431e+11 108.05 73.0529 0.00203498 0 0 0.174673 0 0 0.171474 0 0 0.00319969 0 0 4.96051e+18 0 -8.59028e+20 1.40951e+20 2.11293e+16 -1e+21 -8.59028e+20 1.40951e+20 2.11293e+16 -1e+21 
-0.243453 0.042511 -1.0763 1.55476e-07 -0.593985 2.18097 1.11881 4.96051e+18 4.15475e+11 108.05 73.0467 0.00203501 0 0 0.174673 0 0 0.171384 0 0 0.00328909 0 0 4.96051e+18 0 -8.61349e+20 1.3863e+20 2.07814e+16 -1e+21 -8.61349e+20 1.3863e+20 2.07814e+16 -1e+21 
-0.237082 0.042511 -1.0763 1.56747e-07 -0.593545 2.18097 1.11881 4.96051e+18 4.08457e+11 108.05 73.0403 0.00203504 0 0 0.174673 0 0 0.171296 0 0 0.00337713 0 0 4.96051e+18 0 -8.63691e+20 1.36289e+20 2.04303e+16 -1e+21 -8.63691e+20 1.36289e+20 2.04303e+16 -1e+21 
-0.230826 0.042511 -1.0763 1.57995e-07 -0.593093 2.18097 1.11881 4.96051e+18 4.01384e+11 108.05 73.0336 0.00203507 0 0 0.174673 0 0 0.17121 0 0 0.00346382 0 0 4.96051e+18 0 -8.66052e+20 1.33928e+20 2.00765e+16 -1e+21 -8.66052e+20 1.33928e+20 2.00765e+16 -1e+21 
-0.224683 0.042511 -1.0763 1.59219e-07 -0.59263 2.18097 1.11881 4.96051e+18 3.94262e+11 108.05 73.0266 0.00203509 0 0 0.174673 0 0 0.171124 0 0 0.00354918 0 0 4.96051e+18 0 -8.68428e+20 1.31552e+20 1.97203e+16 -1e+21 -8.68428e+20 1.31552e+20 1.97203e+16 -1e+21 
-0.218649 0.042511 -1.0763 1.60421e-07 -0.592156 2.18097 1.11881 4.96051e+18 3.87099e+11 108.05 73.0194 0.00203512 0 0 0.174673 0 0 0.17104 0 0 0.00363324 0 0 4.96051e+18 0 -8.70819e+20 1.29162e+20 1.9362e+16 -1e+21 -8.70819e+20 1.29162e+20 1.9362e+16 -1e+21 
-0.212724 0.042511 -1.0763 1.61601e-07 -0.591671 2.18097 1.11881 4.96051e+18 3.79901e+11 108.05 73.0119 0.00203515 0 0 0.174673 0 0 0.170957 0 0 0.00371602 0 0 4.96051e+18 0 -8.73221e+20 1.2676e+20 1.9002e+16 -1e+21 -8.73221e+20 1.2676e+20 1.9002e+16 -1e+21 
-0.206906 0.042511 -1.0763 1.62759e-07 -0.591174 2.18097 1.11881 4.96051e+18 3.72672e+11 108.05 73.0041 0.00203518 0 0 0.174673 0 0 0.170876 0 0 0.00379754 0 0 4.96051e+18 0 -8.75633e+20 1.24348e+20 1.86404e+16 -1e+21 -8.75633e+20 1.24348e+20 1.86404e+16 -1e+21 
-0.201192 0.042511 -1.0763 1.63896e-07 -0.590666 2.18097 1.11881 4.96051e+18 3.65421e+11 108.05 72.9959 0.00203521 0 0 0.174673 0 0 0.170796 0 0 0.00387781 0 0 4.96051e+18 0 -8.78053e+20 1.21929e+20 1.82777e+16 -1e+21 -8.78053e+20 1.21929e+20 1.82777e+16 -1e+21 
-0.195581 0.042511 -1.0763 1.65012e-07 -0.590147 2.18097 1.11881 4.96051e+18 3.5815e+11 108.05 72.9874 0.00203523 0 0 0.174673 0 0 0.170717 0 0 0.00395686 0 0 4.96051e+18 0 -8.80479e+20 1.19503e+20 1.79141e+16 -1e+21 -8.80479e+20 1.19503e+20 1.79141e+16 -1e+21 
-0.19007 0.042511 -1.0763 1.66107e-07 -0.589616 2.18097 1.11881 4.96051e+18 3.50867e+11 108.05 72.9786 0.00203526 0 0 0.174673 0 0 0.170639 0 0 0.0040347 0 0 4.96051e+18 0 -8.8291e+20 1.17073e+20 1.75498e+16 -1e+21 -8.8291e+20 1.17073e+20 1.75498e+16 -1e+21 
-0.184659 0.042511 -1.0763 1.67182e-07 -0.589073 2.18097 1.11881 4.96051e+18 3.43575e+11 108.05 72.9693 0.00203529 0 0 0.174673 0 0 0.170562 0 0 0.00411135 0 0 4.96051e+18 0 -8.85343e+20 1.1464e+20 1.7185e+16 -1e+21 -8.85343e+20 1.1464e+20 1.7185e+16 -1e+21 
-0.179345 0.042511 -1.0763 1.68237e-07 -0.588518 2.18097 1.11881 4.96051e+18 3.3628e+11 108.05 72.9597 0.00203532 0 0 0.174673 0 0 0.170487 0 0 0.00418684 0 0 4.96051e+18 0 -8.87778e+20 1.12205e+20 1.68201e+16 -1e+21 -8.87778e+20 1.12205e+20 1.68201e+16 -1e+21 
-0.174126 0.042511 -1.0763 1.69273e-07 -0.587951 2.18097 1.11881 4.96051e+18 3.28985e+11 108.05 72.9496 0.00203535 0 0 0.174673 0 0 0.170412 0 0 0.00426117 0 0 4.96051e+18 0 -8.90212e+20 1.09771e+20 1.64553e+16 -1e+21 -8.90212e+20 1.09771e+20 1.64553e+16 -1e+21 
-0.169001 0.042511 -1.0763 1.7029e-07 -0.587372 2.18097 1.11881 4.96051e+18 3.21696e+11 108.05 72.939 0.00203538 0 0 0.174673 0 0 0.170339 0 0 0.00433436 0 0 4.96051e+18 0 -8.92645e+20 1.07339e+20 1.60907e+16 -1e+21 -8.92645e+20 1.07339e+20 1.60907e+16 -1e+21 
-0.163968 0.042511 -1.0763 1.71288e-07 -0.58678 2.18097 1.11881 4.96051e+18 3.14415e+11 108.05 72.9279 0.00203541 0 0 0.174673 0 0 0.170267 0 0 0.00440644 0 0 4.96051e+18 0 -8.95075e+20 1.0491e+20 1.57265e+16 -1e+21 -8.95075e+20 1.0491e+20 1.57265e+16 -1e+21 
-0.159026 0.042511 -1.0763 1.72268e-07 -0.586175 2.18097 1.11881 4.96051e+18 3.07147e+11 108.05 72.9163 0.00203544 0 0 0.174673 0 0 0.170196 0 0 0.00447741 0 0 4.96051e+18 0 -8.975e+20 1.02485e+20 1.5363e+16 -1e+21 -8.975e+20 1.02485e+20 1.5363e+16 -1e+21 
-0.154172 0.042511 -1.0763 1.7323e-07 -0.585557 2.18097 1.11881 4.96051e+18 2.99895e+11 108.05 72.9041 0.00203547 0 0 0.174673 0 0 0.170126 0 0 0.0045473 0 0 4.96051e+18 0 -8.9992e+20 1.00065e+20 1.50002e+16 -1e+21 -8.9992e+20 1.00065e+20 1.50002e+16 -1e+21 
-0.149406 0.042511 -1.0763 1.74174e-07 -0.584926 2.18097 1.11881 4.96051e+18 2.92663e+11 108.05 72.8913 0.0020355 0 0 0.174673 0 0 0.170057 0 0 0.00461611 0 0 4.96051e+18 0 -9.02334e+20 9.76517e+19 1.46385e+16 -1e+21 -9.02334e+20 9.76517e+19 1.46385e+16 -1e+21 
-0.144725 0.0425111 -1.0763 1.751e-07 -0.584281 2.18097 1.11881 4.96051e+18 2.85453e+11 108.05 72.8779 0.00203553 0 0 0.174673 0 0 0.16999 0 0 0.00468387 0 0 4.96051e+18 0 -9.0474e+20 9.52462e+19 1.42779e+16 -1e+21 -9.0474e+20 9.52462e+19 1.42779e+16 -1e+21 
-0.140129 0.0425111 -1.0763 1.7601e-07 -0.583623 2.18097 1.11881 4.96051e+18 2.7827e+11 108.05 72.8637 0.00203556 0 0 0.174673 0 0 0.169923 0 0 0.00475059 0 0 4.96051e+18 0 -9.07137e+20 9.28493e+19 1.39186e+16 -1e+21 -9.07137e+20 9.28493e+19 1.39186e+16 -1e+21 
-0.135614 0.0425111 -1.0763 1.76903e-07 -0.582949 2.18097 1.11881 4.96051e+18 2.71115e+11 108.05 72.8488 0.0020356 0 0 0.174673 0 0 0.169857 0 0 0.00481629 0 0 4.96051e+18 0 -9.09525e+20 9.04619e+19 1.35607e+16 -1e+21 -9.09525e+20 9.04619e+19 1.35607e+16 -1e+21 
-0.131182 0.0425111 -1.0763 1.7778e-07 -0.582261 2.18097 1.11881 4.96051e+18 2.63991e+11 108.05 72.8331 0.00203563 0 0 0.174673 0 0 0.169792 0 0 0.00488097 0 0 4.96051e+18 0 -9.11902e+20 8.8085e+19 1.32044e+16 -1e+21 -9.11902e+20 8.8085e+19 1.32044e+16 -1e+21 
-0.126828 0.0425111 -1.0763 1.7864e-07 -0.581557 2.18097 1.11881 4.96051e+18 2.56901e+11 108.05 72.8165 0.00203566 0 0 0.174673 0 0 0.169729 0 0 0.00494466 0 0 4.96051e+18 0 -9.14268e+20 8.57193e+19 1.28498e+16 -1e+21 -9.14268e+20 8.57193e+19 1.28498e+16 -1e+21 
-0.122553 0.0425111 -1.0763 1.79485e-07 -0.580837 2.18097 1.11881 4.96051e+18 2.49848e+11 108.05 72.799 0.0020357 0 0 0.174673 0 0 0.169666 0 0 0.00500736 0 0 4.96051e+18 0 -9.16622e+20 8.33658e+19 1.24969e+16 -1e+21 -9.16622e+20 8.33658e+19 1.24969e+16 -1e+21 
-0.118355 0.0425111 -1.0763 1.80315e-07 -0.580101 2.18097 1.11881 4.96051e+18 2.42832e+11 108.05 72.7804 0.00203573 0 0 0.174673 0 0 0.169604 0 0 0.00506909 0 0 4.96051e+18 0 -9.18963e+20 8.1025e+19 1.21461e+16 -1e+21 -9.18963e+20 8.1025e+19 1.21461e+16 -1e+21 
-0.114232 0.0425111 -1.0763 1.81129e-07 -0.579348 2.18097 1.11881 4.96051e+18 2.35858e+11 108.05 72.7608 0.00203577 0 0 0.174673 0 0 0.169544 0 0 0.00512987 0 0 4.96051e+18 0 -9.2129e+20 7.86978e+19 1.17972e+16 -1e+21 -9.2129e+20 7.86978e+19 1.17972e+16 -1e+21 
-0.110183 0.0425111 -1.0763 1.81928e-07 -0.578576 2.18097 1.11881 4.96051e+18 2.28925e+11 108.05 72.74 0.0020358 0 0 0.174673 0 0 0.169484 0 0 0.00518971 0 0 4.96051e+18 0 -9.23604e+20 7.63847e+19 1.14505e+16 -1e+21 -9.23604e+20 7.63847e+19 1.14505e+16 -1e+21 
-0.106207 0.0425111 -1.0763 1.82713e-07 -0.577787 2.18097 1.11881 4.96051e+18 2.22037e+11 108.05 72.7179 0.00203584 0 0 0.174673 0 0 0.169425 0 0 0.00524862 0 0 4.96051e+18 0 -9.25903e+20 7.40864e+19 1.11059e+16 -1e+21 -9.25903e+20 7.40864e+19 1.11059e+16 -1e+21 
-0.102302 0.0425111 -1.0763 1.83483e-07 -0.576977 2.18097 1.11881 4.96051e+18 2.15195e+11 108.05 72.6944 0.00203588 0 0 0.174673 0 0 0.169367 0 0 0.00530662 0 0 4.96051e+18 0 -9.28186e+20 7.18034e+19 1.07637e+16 -1e+21 -9.28186e+20 7.18034e+19 1.07637e+16 -1e+21 
-0.098468 0.0425111 -1.0763 1.84239e-07 -0.576148 2.18097 1.11881 4.96051e+18 2.084e+11 108.05 72.6693 0.00203592 0 0 0.174673 0 0 0.16931 0 0 0.00536371 0 0 4.96051e+18 0 -9.30453e+20 6.95362e+19 1.04238e+16 -1e+21 -9.30453e+20 6.95362e+19 1.04238e+16 -1e+21 
-0.0947025 0.0425111 -1.0763 1.84981e-07 -0.575297 2.18097 1.11881 4.96051e+18 2.01654e+11 108.05 72.6426 0.00203597 0 0 0.174673 0 0 0.169254 0 0 0.00541991 0 0 4.96051e+18 0 -9.32705e+20 6.72853e+19 1.00864e+16 -1e+21 -9.32705e+20 6.72853e+19 1.00864e+16 -1e+21 
-0.0910046 0.0425111 -1.0763 1.8571e-07 -0.574424 2.18097 1.11881 4.96051e+18 1.94958e+11 108.05 72.6141 0.00203601 0 0 0.174673 0 0 0.169198 0 0 0.00547524 0 0 4.96051e+18 0 -9.34939e+20 6.50511e+19 9.75149e+15 -1e+21 -9.34939e+20 6.50511e+19 9.75149e+15 -1e+21 
-0.0873731 0.0425111 -1.0763 1.86425e-07 -0.573528 2.18097 1.11881 4.96051e+18 1.88314e+11 108.05 72.5835 0.00203606 0 0 0.174673 0 0 0.169144 0 0 0.0055297 0 0 4.96051e+18 0 -9.37156e+20 6.28341e+19 9.41915e+15 -1e+21 -9.37156e+20 6.28341e+19 9.41915e+15 -1e+21 
-0.0838069 0.0425111 -1.0763 1.87128e-07 -0.572607 2.18097 1.11881 4.96051e+18 1.81722e+11 108.05 72.5507 0.00203611 0 0 0.174673 0 0 0.16909 0 0 0.00558331 0 0 4.96051e+18 0 -9.39356e+20 6.06346e+19 9.08943e+15 -1e+21 -9.39356e+20 6.06346e+19 9.08943e+15 -1e+21 
-0.0803048 0.0425111 -1.0763 1.87817e-07 -0.571659 2.18097 1.11881 4.96051e+18 1.75184e+11 108.05 72.5155 0.00203616 0 0 0.174673 0 0 0.169037 0 0 0.00563608 0 0 4.96051e+18 0 -9.41538e+20 5.84529e+19 8.76239e+15 -1e+21 -9.41538e+20 5.84529e+19 8.76239e+15 -1e+21 
-0.0768656 0.0425111 -1.0763 1.88494e-07 -0.570684 2.18097 1.11881 4.96051e+18 1.687e+11 108.05 72.4776 0.00203621 0 0 0.174673 0 0 0.168985 0 0 0.00568802 0 0 4.96051e+18 0 -9.43702e+20 5.62894e+19 8.43806e+15 -1e+21 -9.43702e+20 5.62894e+19 8.43806e+15 -1e+21 
-0.0734881 0.0425111 -1.0763 1.89159e-07 -0.56968 2.18097 1.11881 4.96051e+18 1.62271e+11 108.05 72.4367 0.00203627 0 0 0.174673 0 0 0.168934 0 0 0.00573914 0 0 4.96051e+18 0 -9.45848e+20 5.41443e+19 8.11649e+15 -1e+21 -9.45848e+20 5.41443e+19 8.11649e+15 -1e+21 
-0.0701714 0.0425111 -1.0763 1.89811e-07 -0.568644 2.18097 1.11881 4.96051e+18 1.55897e+11 108.05 72.3924 0.00203633 0 0 0.174673 0 0 0.168884 0 0 0.00578946 0 0 4.96051e+18 0 -9.47974e+20 5.20177e+19 7.79772e+15 -1e+21 -9.47974e+20 5.20177e+19 7.79772e+15 -1e+21 
-0.0669143 0.0425111 -1.0763 1.90451e-07 -0.567575 2.18097 1.11881 4.96051e+18 1.4958e+11 108.05 72.3443 0.0020364 0 0 0.174673 0 0 0.168834 0 0 0.00583898 0 0 4.96051e+18 0 -9.50083e+20 4.991e+19 7.48175e+15 -1e+21 -9.50083e+20 4.991e+19 7.48175e+15 -1e+21 
-0.0637156 0.0425111 -1.0763 1.9108e-07 -0.56647 2.18097 1.11881 4.96051e+18 1.4332e+11 108.05 72.292 0.00203647 0 0 0.174673 0 0 0.168786 0 0 0.00588773 0 0 4.96051e+18 0 -9.52172e+20 4.78212e+19 7.16864e+15 -1e+21 -9.52172e+20 4.78212e+19 7.16864e+15 -1e+21 
-0.0605745 0.0425111 -1.0763 1.91698e-07 -0.565326 2.18097 1.11881 4.96051e+18 1.37117e+11 108.05 72.235 0.00203654 0 0 0.174673 0 0 0.168738 0 0 0.0059357 0 0 4.96051e+18 0 -9.54242e+20 4.57515e+19 6.85837e+15 -1e+21 -9.54242e+20 4.57515e+19 6.85837e+15 -1e+21 
-0.0574898 0.0425111 -1.0763 1.92304e-07 -0.56414 2.18097 1.11881 4.96051e+18 1.30972e+11 108.05 72.1725 0.00203663 0 0 0.174673 0 0 0.168691 0 0 0.00598291 0 0 4.96051e+18 0 -9.56293e+20 4.37009e+19 6.55099e+15 -1e+21 -9.56293e+20 4.37009e+19 6.55099e+15 -1e+21 
-0.0544605 0.0425111 -1.0763 1.92899e-07 -0.56291 2.18097 1.11881 4.96051e+18 1.24884e+11 108.05 72.1039 0.00203672 0 0 0.174673 0 0 0.168644 0 0 0.00602937 0 0 4.96051e+18 0 -9.58324e+20 4.16696e+19 6.24648e+15 -1e+21 -9.58324e+20 4.16696e+19 6.24648e+15 -1e+21 
-0.0514856 0.0425111 -1.0763 1.93483e-07 -0.56163 2.18097 1.11881 4.96051e+18 1.18853e+11 108.05 72.0281 0.00203682 0 0 0.174673 0 0 0.168598 0 0 0.0060751 0 0 4.96051e+18 0 -9.60337e+20 3.96574e+19 5.94485e+15 -1e+21 -9.60337e+20 3.96574e+19 5.94485e+15 -1e+21 
-0.0485642 0.0425111 -1.0763 1.94056e-07 -0.560297 2.18097 1.11881 4.96051e+18 1.12881e+11 108.05 71.9442 0.00203696 0 0 0.174673 0 0 0.168553 0 0 0.00612009 0 0 4.96051e+18 0 -9.6233e+20 3.76645e+19 5.64609e+15 -1e+21 -9.6233e+20 3.76645e+19 5.64609e+15 -1e+21 
-0.0456953 0.0425111 -1.0763 1.94619e-07 -0.558906 2.18097 1.11881 4.96051e+18 1.06965e+11 108.05 71.8509 0.00203727 0 0 0.174673 0 0 0.168509 0 0 0.00616437 0 0 4.96051e+18 0 -9.64304e+20 3.56906e+19 5.3502e+15 -1e+21 -9.64304e+20 3.56906e+19 5.3502e+15 -1e+21 
-0.0428779 0.0425111 -1.0763 1.95172e-07 -0.557449 2.18097 1.11881 4.96051e+18 1.01106e+11 108.05 71.7464 0.00203841 0 0 0.174673 0 0 0.168466 0 0 0.00620795 0 0 4.96051e+18 0 -9.66259e+20 3.37357e+19 5.05715e+15 -1e+21 -9.66259e+20 3.37357e+19 5.05715e+15 -1e+21 
-0.0401112 0.0425111 -1.0763 1.95715e-07 -0.555921 2.18097 1.11881 4.96051e+18 9.53035e+10 108.05 71.6287 0.0020436 0 0 0.174673 0 0 0.168423 0 0 0.00625082 0 0 4.96051e+18 0 -9.68196e+20 3.17996e+19 4.76692e+15 -1e+21 -9.68196e+20 3.17996e+19 4.76692e+15 -1e+21 
-0.0373941 0.0425111 -1.0763 1.96248e-07 -0.554314 2.18097 1.11881 4.96051e+18 8.95565e+10 108.05 71.4955 0.00206856 0 0 0.174673 0 0 0.16838 0 0 0.00629301 0 0 4.96051e+18 0 -9.70114e+20 2.9882e+19 4.47946e+15 -1e+21 -9.70114e+20 2.9882e+19 4.47946e+15 -1e+21 
-0.0347259 0.0425111 -1.0763 1.96771e-07 -0.552616 2.18097 1.11881 4.96051e+18 8.3864e+10 108.05 71.3435 0.00218765 0 0 0.174673 0 0 0.168339 0 0 0.00633452 0 0 4.96051e+18 0 -9.72013e+20 2.79826e+19 4.19474e+15 -1e+21 -9.72013e+20 2.79826e+19 4.19474e+15 -1e+21 
-0.0321056 0.0425111 -1.0763 1.97284e-07 -0.550816 2.18097 1.11881 4.96051e+18 7.82248e+10 108.05 71.1686 0.0027447 0 0 0.174673 0 0 0.168298 0 0 0.00637537 0 0 4.96051e+18 0 -9.73895e+20 2.6101e+19 3.91267e+15 -1e+21 -9.73895e+20 2.6101e+19 3.91267e+15 -1e+21 
-0.0295324 0.0425111 -1.0763 1.97789e-07 -0.5489 2.18097 1.11881 4.96051e+18 7.26372e+10 108.05 70.9654 0.00529208 0 0 0.174673 0 0 0.168258 0 0 0.00641556 0 0 4.96051e+18 0 -9.7576e+20 2.42366e+19 3.63319e+15 -1e+21 -9.7576e+20 2.42366e+19 3.63319e+15 -1e+21 
-0.0270054 0.0425111 -1.0763 1.98284e-07 -0.54685 2.18097 1.11881 4.96051e+18 6.70992e+10 108.05 70.7268 0.0166755 0 0 0.174673 0 0 0.168218 0 0 0.0064551 0 0 4.96051e+18 0 -9.77608e+20 2.23887e+19 3.35619e+15 -1e+21 -9.77608e+20 2.23887e+19 3.35619e+15 -1e+21 
-0.0245239 0.0425111 -1.0763 1.9877e-07 -0.544643 2.18097 1.11881 4.96051e+18 6.16079e+10 108.05 70.443 0.0663888 0 0 0.174673 0 0 0.168179 0 0 0.00649401 0 0 4.96051e+18 0 -9.7944e+20 2.05565e+19 3.08152e+15 -1e+21 -9.7944e+20 2.05565e+19 3.08152e+15 -1e+21 
-0.0220869 0.0425111 -1.0763 1.99247e-07 -0.542249 2.18097 1.11881 4.9605e+18 5.61599e+10 108.05 70.1002 0.278607 0 0 0.174673 0 0 0.168141 0 0 0.00653228 0 0 4.96051e+18 0 -9.81259e+20 1.87387e+19 2.80903e+15 -1e+21 -9.81259e+20 1.87387e+19 2.80903e+15 -1e+21 
-0.0196937 0.0425112 -1.0763 1.99715e-07 -0.539631 2.18097 1.11881 4.96048e+18 5.07505e+10 108.05 69.6785 1.16435 0 0 0.174673 0 0 0.168104 0 0 0.00656994 0 0 4.96052e+18 0 -9.83064e+20 1.69338e+19 2.53849e+15 -1e+21 -9.83064e+20 1.69338e+19 2.53849e+15 -1e+21 
-0.0173435 0.0425117 -1.0763 2.00175e-07 -0.536735 2.18097 1.11881 4.9604e+18 4.53738e+10 108.05 69.1479 4.77976 0 0 0.174673 0 0 0.168066 0 0 0.00660699 0 0 4.96056e+18 0 -9.84858e+20 1.51397e+19 2.26966e+15 -1e+21 -9.84858e+20 1.51397e+19 2.26966e+15 -1e+21 
-0.0150355 0.0425134 -1.0763 2.00627e-07 -0.533489 2.18097 1.11881 4.96009e+18 4.00219e+10 108.05 68.461 19.2152 0 0 0.174673 0 0 0.16803 0 0 0.00664344 0 0 4.96073e+18 0 -9.86644e+20 1.3354e+19 2.00233e+15 -1e+21 -9.86644e+20 1.3354e+19 2.00233e+15 -1e+21 
-0.012769 0.0425203 -1.07629 2.01071e-07 -0.529783 2.18096 1.11881 4.95884e+18 3.46863e+10 108.05 67.5389 75.6072 0 0 0.174673 0 0 0.167994 0 0 0.0066793 0 0 4.9614e+18 0 -9.88425e+20 1.15736e+19 1.73668e+15 -1e+21 -9.88425e+20 1.15736e+19 1.73668e+15 -1e+21 
-0.0105432 0.042547 -1.07627 2.01506e-07 -0.525447 2.18094 1.11881 4.95403e+18 2.93611e+10 108.05 66.2419 291.163 0 0 0.174673 0 0 0.167959 0 0 0.00671458 0 0 4.96398e+18 0 -9.90202e+20 9.79682e+18 1.47428e+15 -1e+21 -9.90202e+20 9.79682e+18 1.47428e+15 -1e+21 
-0.00835743 0.0426474 -1.07616 2.01935e-07 -0.520196 2.18083 1.11881 4.93597e+18 2.40572e+10 108.05 64.3068 1097.1 0 0 0.174673 0 0 0.167924 0 0 0.00674928 0 0 4.97369e+18 0 -9.91972e+20 8.02708e+18 1.22102e+15 -1e+21 -9.91972e+20 8.02708e+18 1.22102e+15 -1e+21 
-0.00621091 0.0430174 -1.0758 2.0236e-07 -0.513503 2.18047 1.11881 4.86997e+18 1.88371e+10 108.05 61.2124 4038.8 0 0 0.174673 0 0 0.16789 0 0 0.00678341 0 0 5.00947e+18 0 -9.93714e+20 6.28532e+18 9.94177e+14 -1e+21 -9.93714e+20 6.28532e+18 9.94177e+14 -1e+21 
-0.00410296 0.044348 -1.07446 2.0279e-07 -0.504283 2.17913 1.11881 4.63937e+18 1.38829e+10 108.05 55.9167 14442.6 0 0 0.174673 0 0 0.167856 0 0 0.00681694 0 0 5.13811e+18 0 -9.95367e+20 4.63226e+18 8.3742e+14 -1e+21 -9.95367e+20 4.63226e+18 8.3742e+14 -1e+21 
-0.00203288 0.0489905 -1.06982 2.03259e-07 -0.489951 2.17449 1.11881 3.91313e+18 9.54358e+09 108.05 44.2361 49179.8 0 0 0.174674 0 0 0.167823 0 0 0.00685013 0 0 5.58441e+18 0 -9.96815e+20 3.18437e+18 8.46655e+14 -1e+21 -9.96815e+20 3.18437e+18 8.46655e+14 -1e+21 
0 0.0643291 -1.05448 2.03903e-07 -0.456072 2.15915 1.11881 2.20988e+18 4.65842e+09 108.05 37.5397 75452.6 0 0 0.174674 0 0 0.167807 0 0 0.00686656 0 0 6.95966e+18 0 -9.98445e+20 1.55436e+18 7.23828e+14 -1e+21 -9.98445e+20 1.55436e+18 7.23828e+14 -1e+21 
0 0.0643291 -1.05448 2.03903e-07 -0.456072 2.15915 1.11881 2.20988e+18 4.65842e+09 1176.79 84.1234 115357 0 0 0.174673 0 0 0.167775 0 0 0.00689868 0 0 0 1e+16 -9.99996e+20 3.10561e+15 7.23828e+14 -1e+21 -9.99996e+20 3.10561e+15 7.23828e+14 -1e+21 
0.00202507 0.0876897 -1.03112 2.04018e-07 -0.434464 2.13579 1.11881 9.10343e+17 4.98517e+09 1176.79 95.0397 100945 0 0 0.174673 0 0 0.167758 0 0 0.0069149 0 0 0 1e+16 -9.99996e+20 3.32345e+15 4.82094e+14 -1e+21 -9.99996e+20 3.32345e+15 4.82094e+14 -1e+21 
0.00409074 0.105505 -1.01331 2.04287e-07 -0.418081 2.11798 1.11881 4.59676e+17 5.26918e+09 1176.79 114.485 78740.9 0 0 0.174673 0 0 0.167725 0 0 0.00694801 0 0 0 1e+16 -9.99996e+20 3.51279e+15 2.03897e+14 -1e+21 -9.99996e+20 3.51279e+15 2.03897e+14 -1e+21 
0.00619782 0.120484 -0.998329 2.04809e-07 -0.404209 2.103 1.11881 2.58195e+17 5.49962e+09 1176.79 128.268 66718 0 0 0.174673 0 0 0.167692 0 0 0.0069818 0 0 0 1e+16 -9.99996e+20 3.66641e+15 8.21287e+13 -1e+21 -9.99996e+20 3.66641e+15 8.21287e+13 -1e+21 
0.00834715 0.133865 -0.984947 2.05736e-07 -0.391673 2.08962 1.11881 1.54074e+17 5.6826e+09 1176.79 137.895 59533.4 0 0 0.174673 0 0 0.167657 0 0 0.00701625 0 0 0 1e+16 -9.99996e+20 3.7884e+15 3.35342e+13 -1e+21 -9.99996e+20 3.7884e+15 3.35342e+13 -1e+21 
0.0105396 0.146308 -0.972505 2.07299e-07 -0.379886 2.07717 1.11881 9.52876e+16 5.82842e+09 1176.79 144.651 54966.7 0 0 0.174673 0 0 0.167622 0 0 0.00705139 0 0 0 1e+16 -9.99996e+20 3.88561e+15 1.39521e+13 -1e+21 -9.99996e+20 3.88561e+15 1.39521e+13 -1e+21 
0.0127759 0.158193 -0.960619 2.09857e-07 -0.368521 2.06529 1.11881 6.0196e+16 5.94682e+09 1176.79 149.461 51932 0 0 0.174673 0 0 0.167586 0 0 0.00708723 0 0 0 1e+16 -9.99996e+20 3.96454e+15 5.88403e+12 -1e+21 -9.99996e+20 3.96454e+15 5.88403e+12 -1e+21 
0.0150571 0.169757 -0.949055 2.13965e-07 -0.357383 2.05373 1.11881 3.84963e+16 6.04575e+09 1176.79 152.96 49838.2 0 0 0.174673 0 0 0.16755 0 0 0.00712379 0 0 0 1e+16 -9.99996e+20 4.03048e+15 2.50015e+12 -1e+21 -9.99996e+20 4.03048e+15 2.50015e+12 -1e+21 
0.0173841 0.181151 -0.937661 2.20501e-07 -0.346352 2.04233 1.11881 2.47791e+16 6.13125e+09 1176.79 155.58 48339.7 0 0 0.174673 0 0 0.167512 0 0 0.00716107 0 0 0 1e+16 -9.99996e+20 4.08748e+15 1.06501e+12 -1e+21 -9.99996e+20 4.08748e+15 1.06501e+12 -1e+21 
0.0197577 0.192474 -0.926339 2.30844e-07 -0.33535 2.03101 1.11881 1.59929e+16 6.2078e+09 1176.78 157.612 47224.3 0 0 0.174673 0 0 0.167474 0 0 0.0071991 0 0 0 1e+16 -9.99996e+20 4.1385e+15 4.53153e+11 -1e+21 -9.99996e+20 4.1385e+15 4.53153e+11 -1e+21 
0.0221788 0.20379 -0.915023 2.47186e-07 -0.324328 2.01969 1.11881 1.03243e+16 6.27863e+09 1176.78 159.256 46357.1 0 0 0.174673 0 0 0.167436 0 0 0.00723789 0 0 0 1e+16 -9.99996e+20 4.18569e+15 1.92087e+11 -1e+21 -9.99996e+20 4.18569e+15 1.92087e+11 -1e+21 
0.0246485 0.215143 -0.90367 2.73017e-07 -0.313251 2.00834 1.11881 6.65517e+15 6.34605e+09 1176.78 160.647 45650.8 0 0 0.174673 0 0 0.167396 0 0 0.00727746 0 0 0 1e+16 -9.99996e+20 4.23061e+15 8.09705e+10 -1e+21 -9.99996e+20 4.23061e+15 8.09705e+10 -1e+21 
0.0271678 0.226561 -0.892251 3.13924e-07 -0.302098 1.99692 1.11881 4.27905e+15 6.4117e+09 1176.78 161.878 45048.2 0 0 0.174673 0 0 0.167356 0 0 0.00731782 0 0 0 1e+16 -9.99996e+20 4.27433e+15 3.39003e+10 -1e+21 -9.99996e+20 4.27433e+15 3.39003e+10 -1e+21 
0.0297375 0.238065 -0.880748 3.7889e-07 -0.290856 1.98542 1.11881 2.74227e+15 6.47677e+09 1176.77 163.012 44511.2 0 0 0.174673 0 0 0.167314 0 0 0.007359 0 0 0 1e+16 -9.99996e+20 4.31763e+15 1.40858e+10 -1e+21 -9.99996e+20 4.31763e+15 1.40858e+10 -1e+21 
0.0323588 0.249664 -0.869148 4.8242e-07 -0.279515 1.97382 1.11881 1.75085e+15 6.54207e+09 1176.77 164.093 44014.8 0 0 0.174673 0 0 0.167272 0 0 0.00740099 0 0 0 1e+16 -9.99996e+20 4.36104e+15 5.80555e+09 -1e+21 -9.99996e+20 4.36104e+15 5.80555e+09 -1e+21 
0.0350326 0.261368 -0.857444 6.48043e-07 -0.268072 1.96211 1.11881 1.11338e+15 6.60821e+09 1176.75 165.151 43542 0 0 0.174673 0 0 0.16723 0 0 0.00744383 0 0 0 1e+16 -9.99996e+20 4.40493e+15 2.37285e+09 -1e+21 -9.99996e+20 4.40493e+15 2.37285e+09 -1e+21 
0.03776 0.27318 -0.845632 9.14084e-07 -0.256522 1.9503 1.11881 7.05051e+14 6.67564e+09 1176.73 166.205 43081.8 0 0 0.174673 0 0 0.167186 0 0 0.00748753 0 0 0 1e+16 -9.99996e+20 4.44956e+15 9.61625e+08 -1e+21 -9.99996e+20 4.44956e+15 9.61625e+08 -1e+21 
0.0405421 0.285102 -0.833711 1.34323e-06 -0.244867 1.93838 1.11881 4.44584e+14 6.74468e+09 1176.69 167.27 42626.8 0 0 0.174673 0 0 0.167141 0 0 0.0075321 0 0 0 1e+16 -9.99996e+20 4.49506e+15 3.86405e+08 -1e+21 -9.99996e+20 4.49506e+15 3.86405e+08 -1e+21 
0.0433799 0.297134 -0.821679 2.03841e-06 -0.233105 1.92635 1.11881 2.79152e+14 6.81561e+09 1176.63 168.356 42172 0 0 0.174673 0 0 0.167096 0 0 0.00757757 0 0 0 1e+16 -9.99995e+20 4.5415e+15 1.53962e+08 -1e+21 -9.99995e+20 4.5415e+15 1.53962e+08 -1e+21 
0.0462747 0.309275 -0.809538 3.16938e-06 -0.22124 1.91421 1.11881 1.74541e+14 6.88863e+09 1176.52 169.471 41714.2 0 0 0.174673 0 0 0.16705 0 0 0.00762396 0 0 0 1e+16 -9.99995e+20 4.5888e+15 6.08376e+07 -1e+21 -9.99995e+20 4.5888e+15 6.08376e+07 -1e+21 
0.0492275 0.321523 -0.797289 5.01708e-06 -0.209272 1.90196 1.11881 1.08682e+14 6.96393e+09 1176.34 170.62 41251 0 0 0.174673 0 0 0.167002 0 0 0.00767127 0 0 0 1e+16 -9.99995e+20 4.63675e+15 2.38452e+07 -1e+21 -9.99995e+20 4.63675e+15 2.38452e+07 -1e+21 
0.0522395 0.333877 -0.784935 8.04832e-06 -0.197205 1.88961 1.11881 6.74023e+13 7.0417e+09 1176.03 171.808 40781.1 0 0 0.174673 0 0 0.166954 0 0 0.00771954 0 0 0 1e+16 -9.99995e+20 4.68491e+15 9.27257e+06 -1e+21 -9.99995e+20 4.68491e+15 9.27257e+06 -1e+21 
0.0553119 0.346333 -0.772479 1.30416e-05 -0.185043 1.87715 1.11881 4.16397e+13 7.12209e+09 1175.5 173.038 40303.3 0 0 0.174674 0 0 0.166905 0 0 0.00776879 0 0 0 1e+16 -9.99995e+20 4.73244e+15 3.57841e+06 -1e+21 -9.99995e+20 4.73244e+15 3.57841e+06 -1e+21 
0.0584458 0.358888 -0.759924 2.13002e-05 -0.172788 1.86459 1.11881 2.56293e+13 7.20527e+09 1174.58 174.314 39817 0 0 0.174674 0 0 0.166855 0 0 0.00781902 0 0 0 1e+16 -9.99995e+20 4.7779e+15 1.37092e+06 -1e+21 -9.99995e+20 4.7779e+15 1.37092e+06 -1e+21 
0.0616426 0.371537 -0.747275 3.50142e-05 -0.160446 1.85194 1.11881 1.57205e+13 7.29141e+09 1173 175.638 39321.6 0 0 0.174674 0 0 0.166803 0 0 0.00787026 0 0 0 1e+16 -9.99995e+20 4.81882e+15 521591 -1e+21 -9.99995e+20 4.81882e+15 521591 -1e+21 
0.0649035 0.384277 -0.734535 5.788e-05 -0.14802 1.8392 1.11881 9.6123e+12 7.38067e+09 1170.25 177.014 38816.6 0 0 0.174674 0 0 0.166751 0 0 0.00792252 0 0 0 1e+16 -9.99995e+20 4.85106e+15 197173 -1e+21 -9.99995e+20 4.85106e+15 197173 -1e+21 
0.0682298 0.397103 -0.721709 9.61667e-05 -0.135517 1.82638 1.11881 5.86147e+12 7.47323e+09 1165.48 178.445 38301.8 0 0 0.174674 0 0 0.166698 0 0 0.00797579 0 0 0 1e+16 -9.99995e+20 4.8678e+15 74100.1 -1e+21 -9.99995e+20 4.8678e+15 74100.1 -1e+21 
0.0716227 0.41001 -0.708803 0.000160577 -0.12294 1.81347 1.11881 3.56672e+12 7.56927e+09 1157.17 179.934 37776.8 0 0 0.174673 0 0 0.166643 0 0 0.00803009 0 0 0 1e+16 -9.99995e+20 4.85811e+15 27706.7 -1e+21 -9.99995e+20 4.85811e+15 27706.7 -1e+21 
0.0750837 0.422992 -0.695821 0.000269552 -0.110297 1.80049 1.11881 2.16778e+12 7.66907e+09 1142.72 181.487 37241.4 0 0 0.174673 0 0 0.166588 0 0 0.00808542 0 0 0 1e+16 -9.99995e+20 4.80514e+15 10319.1 -1e+21 -9.99995e+20 4.80514e+15 10319.1 -1e+21 
0.0786141 0.436043 -0.68277 0.000455324 -0.097594 1.78744 1.11881 1.31791e+12 7.77301e+09 1117.63 183.116 36695.3 0 0 0.174673 0 0 0.166531 0 0 0.00814182 0 0 0 1e+16 -9.99995e+20 4.68462e+15 3835.03 -1e+21 -9.99995e+20 4.68462e+15 3835.03 -1e+21 
0.0822152 0.449157 -0.669655 0.000775577 -0.0848395 1.77433 1.11881 8.03449e+11 7.8819e+09 1074.36 184.85 36138.3 0 0 0.174673 0 0 0.166474 0 0 0.00819939 0 0 0 1e+16 -9.99996e+20 4.46587e+15 1426.68 -1e+21 -9.99996e+20 4.46587e+15 1426.68 -1e+21 
0.0858886 0.462327 -0.656485 0.00133769 -0.0720472 1.76116 1.11881 4.93342e+11 7.99803e+09 1000.82 186.796 35570.1 0 0 0.174673 0 0 0.166415 0 0 0.00825828 0 0 0 1e+16 -9.99996e+20 4.11966e+15 534.545 -1e+21 -9.99996e+20 4.11966e+15 534.545 -1e+21 
0.0896355 0.475547 -0.643266 0.00235534 -0.0592497 1.74794 1.11881 3.07728e+11 8.12967e+09 879.826 189.382 34990.6 0 0 0.174671 0 0 0.166352 0 0 0.00831867 0 0 0 1e+16 -9.99996e+20 3.63929e+15 204.554 -1e+21 -9.99996e+20 3.63929e+15 204.554 -1e+21 
0.0934576 0.488808 -0.630005 0.0043019 -0.0465554 1.73467 1.11881 1.98654e+11 8.30977e+09 696.412 194.186 34399.4 0 0 0.174645 0 0 0.166264 0 0 0.00838042 0 0 0 1e+16 -9.99997e+20 3.07823e+15 83.0139 -1e+21 -9.99997e+20 3.07823e+15 83.0139 -1e+21 
0.0973564 0.502101 -0.616711 0.00837696 -0.034332 1.72138 1.11881 1.39068e+11 8.66108e+09 475.992 205.527 33796.5 0 0 0.174596 0 0 0.166153 0 0 0.0084429 0 0 0 1e+16 -9.99997e+20 2.60569e+15 40.1334 -1e+21 -9.99997e+20 2.60569e+15 40.1334 -1e+21 
0.101333 0.51542 -0.603393 0.0172243 -0.0234942 1.70806 1.11881 1.16983e+11 9.53323e+09 316.99 229.746 33181.4 0 0 0.174702 0 0 0.166196 0 0 0.0085061 0 0 0 1e+16 -9.99997e+20 2.56423e+15 30.8691 -1e+21 -9.99997e+20 2.56423e+15 30.8691 -1e+21 
0.10539 0.528753 -0.59006 0.0305634 -0.0151484 1.69473 1.11881 1.1701e+11 1.15617e+10 271.265 268.155 32554 0 0 0.174799 0 0 0.166228 0 0 0.00857085 0 0 0 1e+16 -9.99997e+20 3.15988e+15 39.4057 -1e+21 -9.99997e+20 3.15988e+15 39.4057 -1e+21 
0.109528 0.542091 -0.576721 0.0439884 -0.00950701 1.68139 1.11881 1.17403e+11 1.55713e+10 275.076 312.412 31914 0 0 0.174693 0 0 0.166056 0 0 0.00863727 0 0 0 1e+16 -9.99996e+20 4.25133e+15 56.9388 -1e+21 -9.99996e+20 4.25133e+15 56.9388 -1e+21 
0.113749 0.555424 -0.563388 0.0573929 -0.00593941 1.66806 1.11881 1.17729e+11 2.27182e+10 279.496 351.515 31261.2 0 0 0.174627 0 0 0.165922 0 0 0.00870499 0 0 0 1e+16 -9.99994e+20 5.93236e+15 89.1398 -1e+21 -9.99994e+20 5.93236e+15 89.1398 -1e+21 
0.118054 0.56874 -0.550072 0.0708141 -0.00372871 1.65474 1.11881 1.18208e+11 3.49091e+10 284.113 380.148 30595.3 0 0 0.174596 0 0 0.165822 0 0 0.00877398 0 0 0 1e+16 -9.99992e+20 8.22555e+15 147.525 -1e+21 -9.99992e+20 8.22555e+15 147.525 -1e+21 
0.122446 0.582028 -0.536784 0.0841978 -0.0023629 1.64145 1.11881 1.18647e+11 5.53629e+10 289.003 398.769 29916.1 0 0 0.174593 0 0 0.165749 0 0 0.00884435 0 0 0 1e+16 -9.99989e+20 1.09929e+16 254.138 -1e+21 -9.99989e+20 1.09929e+16 254.138 -1e+21 
0.126926 0.595275 -0.523538 0.0975719 -0.00151799 1.62821 1.11881 1.19232e+11 8.94463e+10 294.019 410.042 29223.2 0 0 0.174668 0 0 0.165752 0 0 0.00891612 0 0 0 1e+16 -9.99986e+20 1.39524e+16 456.724 -1e+21 -9.99986e+20 1.39524e+16 456.724 -1e+21 
0.131496 0.608467 -0.510345 0.110901 -0.00099437 1.61501 1.11881 1.19864e+11 1.46013e+11 299.652 416.583 28516.4 0 0 0.174715 0 0 0.165726 0 0 0.00898934 0 0 0 1e+16 -9.99983e+20 1.67416e+16 859.582 -1e+21 -9.99983e+20 1.67416e+16 859.582 -1e+21 
0.136157 0.621592 -0.49722 0.124157 -0.000669222 1.60189 1.11881 1.20476e+11 2.39558e+11 305.66 420.283 27795.5 0 0 0.174706 0 0 0.165641 0 0 0.00906402 0 0 0 1e+16 -9.99981e+20 1.90836e+16 1705.35 -1e+21 -9.99981e+20 1.90836e+16 1705.35 -1e+21 
0.140912 0.634633 -0.484179 0.137335 -0.000466854 1.58885 1.11881 1.21115e+11 3.93636e+11 311.878 422.348 27060.2 0 0 0.174685 0 0 0.165544 0 0 0.0091402 0 0 0 1e+16 -9.99979e+20 2.08859e+16 3586.3 -1e+21 -9.99979e+20 2.08859e+16 3586.3 -1e+21 
0.145762 0.647576 -0.471237 0.150427 -0.000340538 1.57591 1.11881 1.21817e+11 6.46246e+11 318.408 423.491 26310.1 0 0 0.174676 0 0 0.165458 0 0 0.0092179 0 0 0 1e+16 -9.99978e+20 2.22001e+16 7987.53 -1e+21 -9.99978e+20 2.22001e+16 7987.53 -1e+21 
0.150709 0.660403 -0.458409 0.163418 -0.000261407 1.56308 1.11881 1.22588e+11 1.05817e+12 325.359 424.123 25545 0 0 0.174677 0 0 0.16538 0 0 0.00929717 0 0 0 1e+16 -9.99977e+20 2.31374e+16 18689.1 -1e+21 -9.99977e+20 2.31374e+16 18689.1 -1e+21 
0.155756 0.673097 -0.445715 0.176288 -0.000211614 1.55039 1.11881 1.23427e+11 1.72574e+12 332.776 424.473 24764.6 0 0 0.174679 0 0 0.165301 0 0 0.00937802 0 0 0 1e+16 -9.99976e+20 2.38118e+16 45363.2 -1e+21 -9.99976e+20 2.38118e+16 45363.2 -1e+21 
0.160903 0.685641 -0.433172 0.189022 -0.000180117 1.53784 1.11881 1.24338e+11 2.80003e+12 340.686 424.666 23968.6 0 0 0.174677 0 0 0.165217 0 0 0.00946049 0 0 0 1e+16 -9.99976e+20 2.43157e+16 112691 -1e+21 -9.99976e+20 2.43157e+16 112691 -1e+21 
0.166154 0.698013 -0.420799 0.201599 -0.00016007 1.52547 1.11881 1.25329e+11 4.51518e+12 349.118 424.774 23156.8 0 0 0.174674 0 0 0.165129 0 0 0.00954462 0 0 0 1e+16 -9.99975e+20 2.47165e+16 283113 -1e+21 -9.99975e+20 2.47165e+16 283113 -1e+21 
0.17151 0.710195 -0.408618 0.214004 -0.000147221 1.51329 1.11881 1.26414e+11 7.22933e+12 358.119 424.834 22328.9 0 0 0.174671 0 0 0.165041 0 0 0.00963043 0 0 0 9.99999e+15 -9.99975e+20 2.50606e+16 712503 -1e+21 -9.99975e+20 2.50606e+16 712503 -1e+21 
0.176974 0.722163 -0.396649 0.226215 -0.000138922 1.50132 1.11881 1.27606e+11 1.14822e+13 367.746 424.868 21484.7 0 0 0.17467 0 0 0.164952 0 0 0.00971796 0 0 0 9.99999e+15 -9.99975e+20 2.53788e+16 1.78343e+06 -1e+21 -9.99975e+20 2.53788e+16 1.78343e+06 -1e+21 
0.182547 0.733897 -0.384915 0.238214 -0.000133513 1.48959 1.11881 1.28921e+11 1.80739e+13 378.062 424.888 20624.1 0 0 0.17467 0 0 0.164863 0 0 0.00980725 0 0 0 9.99998e+15 -9.99974e+20 2.56921e+16 4.41603e+06 -1e+21 -9.99974e+20 2.56921e+16 4.41603e+06 -1e+21 
0.188232 0.745372 -0.37344 0.249979 -0.000129955 1.47811 1.11881 1.30375e+11 2.81685e+13 389.138 424.899 19746.9 0 0 0.174671 0 0 0.164773 0 0 0.00989833 0 0 0 9.99997e+15 -9.99974e+20 2.60148e+16 1.07726e+07 -1e+21 -9.99974e+20 2.60148e+16 1.07726e+07 -1e+21 
0.194031 0.756563 -0.362249 0.261488 -0.000127588 1.46692 1.11881 1.31989e+11 4.34242e+13 401.046 424.905 18853.2 0 0 0.174672 0 0 0.164681 0 0 0.00999124 0 0 0 9.99996e+15 -9.99974e+20 2.6358e+16 2.58039e+07 -1e+21 -9.99974e+20 2.6358e+16 2.58039e+07 -1e+21 
0.199946 0.767446 -0.351367 0.27272 -0.000125996 1.45604 1.11881 1.33786e+11 6.61486e+13 413.864 424.909 17943.4 0 0 0.174673 0 0 0.164587 0 0 0.010086 0 0 0 9.99993e+15 -9.99973e+20 2.67305e+16 6.05208e+07 -1e+21 -9.99973e+20 2.67305e+16 6.05208e+07 -1e+21 
0.205979 0.777993 -0.34082 0.283652 -0.000124912 1.44549 1.11881 1.35795e+11 9.9467e+13 427.676 424.911 17018 0 0 0.174673 0 0 0.16449 0 0 0.0101827 0 0 0 9.9999e+15 -9.99973e+20 2.71408e+16 1.38643e+08 -1e+21 -9.99973e+20 2.71408e+16 1.38643e+08 -1e+21 
0.212134 0.788176 -0.330636 0.294262 -0.000124163 1.43531 1.11881 1.38049e+11 1.47485e+14 442.569 424.913 16077.9 0 0 0.174673 0 0 0.164392 0 0 0.0102813 0 0 0 9.99985e+15 -9.99972e+20 2.75973e+16 3.09502e+08 -1e+21 -9.99972e+20 2.75973e+16 3.09502e+08 -1e+21 
0.218412 0.79797 -0.320843 0.304527 -0.000123637 1.42551 1.11881 1.40589e+11 2.15407e+14 458.634 424.913 15124.6 0 0 0.174673 0 0 0.164292 0 0 0.0103819 0 0 0 9.99978e+15 -9.99972e+20 2.8109e+16 6.71833e+08 -1e+21 -9.99972e+20 2.8109e+16 6.71833e+08 -1e+21 
0.224816 0.807345 -0.311467 0.314425 -0.000123264 1.41614 1.11881 1.43462e+11 3.09564e+14 475.957 424.914 14160.2 0 0 0.174673 0 0 0.164189 0 0 0.0104845 0 0 0 9.99969e+15 -9.99971e+20 2.8686e+16 1.41513e+09 -1e+21 -9.99971e+20 2.8686e+16 1.41513e+09 -1e+21 
0.231348 0.816275 -0.302537 0.323936 -0.000122993 1.40721 1.11881 1.46722e+11 4.37283e+14 494.618 424.914 13187.6 0 0 0.174673 0 0 0.164084 0 0 0.0105891 0 0 0 9.99956e+15 -9.99971e+20 2.93398e+16 2.88684e+09 -1e+21 -9.99971e+20 2.93398e+16 2.88684e+09 -1e+21 
0.238011 0.824734 -0.294078 0.33304 -0.000122793 1.39875 1.11881 1.50433e+11 6.06542e+14 514.679 424.914 12210.9 0 0 0.174673 0 0 0.163978 0 0 0.0106959 0 0 0 9.99939e+15 -9.9997e+20 3.00832e+16 5.69327e+09 -1e+21 -9.9997e+20 3.00832e+16 5.69327e+09 -1e+21 
0.244808 0.832698 -0.286115 0.341722 -0.000122643 1.39078 1.11881 1.54669e+11 8.25365e+14 536.178 424.914 11235.1 0 0 0.174673 0 0 0.163869 0 0 0.0108048 0 0 0 9.99917e+15 -9.99969e+20 3.0931e+16 1.08372e+10 -1e+21 -9.99969e+20 3.0931e+16 1.08372e+10 -1e+21 
0.251741 0.840146 -0.278666 0.349967 -0.000122528 1.38334 1.11881 1.5951e+11 1.10095e+15 559.118 424.915 10266.2 0 0 0.174674 0 0 0.163758 0 0 0.0109158 0 0 0 9.9989e+15 -9.99968e+20 3.18999e+16 1.98837e+10 -1e+21 -9.99968e+20 3.18999e+16 1.98837e+10 -1e+21 
0.258813 0.847062 -0.27175 0.357766 -0.000122439 1.37642 1.11881 1.6505e+11 1.43864e+15 583.455 424.915 9311.44 0 0 0.174674 0 0 0.163644 0 0 0.0110291 0 0 0 9.99856e+15 -9.99967e+20 3.30083e+16 3.5128e+10 -1e+21 -9.99967e+20 3.30083e+16 3.5128e+10 -1e+21 
0.266027 0.853435 -0.265377 0.365113 -0.000122367 1.37005 1.11881 1.71389e+11 1.84079e+15 609.09 424.915 8378.87 0 0 0.174674 0 0 0.163529 0 0 0.0111447 0 0 0 9.99816e+15 -9.99966e+20 3.42764e+16 5.97174e+10 -1e+21 -9.99966e+20 3.42764e+16 5.97174e+10 -1e+21 
0.273385 0.859259 -0.259554 0.372007 -0.000122309 1.36422 1.11881 1.78635e+11 2.3059e+15 635.865 424.915 7476.99 0 0 0.174674 0 0 0.163411 0 0 0.0112626 0 0 0 9.9977e+15 -9.99964e+20 3.57259e+16 9.76647e+10 -1e+21 -9.99964e+20 3.57259e+16 9.76647e+10 -1e+21 
0.280891 0.864536 -0.254276 0.378454 -0.00012226 1.35895 1.11881 1.86902e+11 2.82807e+15 663.558 424.915 6614.4 0 0 0.174674 0 0 0.163291 0 0 0.0113829 0 0 0 9.99717e+15 -9.99963e+20 3.73793e+16 1.53698e+11 -1e+21 -9.99963e+20 3.73793e+16 1.53698e+11 -1e+21 
0.288548 0.869275 -0.249537 0.384462 -0.000122219 1.35421 1.11881 1.96304e+11 3.39706e+15 691.892 424.915 5799.18 0 0 0.174674 0 0 0.163168 0 0 0.0115055 0 0 0 9.9966e+15 -9.99961e+20 3.92599e+16 2.32916e+11 -1e+21 -9.99961e+20 3.92599e+16 2.32916e+11 -1e+21 
0.296357 0.873493 -0.245319 0.390046 -0.000122183 1.34999 1.11881 2.06956e+11 3.99905e+15 720.55 424.915 5038.4 0 0 0.174674 0 0 0.163043 0 0 0.0116306 0 0 0 9.996e+15 -9.99959e+20 4.13903e+16 3.40289e+11 -1e+21 -9.99959e+20 4.13903e+16 3.40289e+11 -1e+21 
0.304324 0.877213 -0.2416 0.395224 -0.000122151 1.34627 1.11881 2.18966e+11 4.61785e+15 749.187 424.915 4337.65 0 0 0.174674 0 0 0.162915 0 0 0.0117583 0 0 0 9.99539e+15 -9.99956e+20 4.37923e+16 4.80073e+11 -1e+21 -9.99956e+20 4.37923e+16 4.80073e+11 -1e+21 
0.31245 0.880463 -0.23835 0.400017 -0.000122122 1.34302 1.11881 2.32435e+11 5.23648e+15 777.456 424.915 3700.69 0 0 0.174673 0 0 0.162785 0 0 0.0118885 0 0 0 9.99477e+15 -9.99954e+20 4.64861e+16 6.55281e+11 -1e+21 -9.99954e+20 4.64861e+16 6.55281e+11 -1e+21 
0.320739 0.883278 -0.235535 0.40445 -0.000122096 1.3402 1.11881 2.4745e+11 5.83879e+15 805.029 424.915 3129.3 0 0 0.174673 0 0 0.162652 0 0 0.0120213 0 0 0 9.99417e+15 -9.99951e+20 4.94892e+16 8.67317e+11 -1e+21 -9.99951e+20 4.94892e+16 8.67317e+11 -1e+21 
0.329195 0.885694 -0.233119 0.408548 -0.000122072 1.33779 1.11881 2.64084e+11 6.41077e+15 831.614 424.915 2623.31 0 0 0.174673 0 0 0.162517 0 0 0.0121567 0 0 0 9.99359e+15 -9.99947e+20 5.2816e+16 1.11585e+12 -1e+21 -9.99947e+20 5.2816e+16 1.11585e+12 -1e+21 
0.337819 0.88775 -0.231062 0.412337 -0.000122048 1.33573 1.11881 2.82391e+11 6.94153e+15 856.973 424.915 2180.79 0 0 0.174673 0 0 0.162379 0 0 0.0122949 0 0 0 9.99306e+15 -9.99944e+20 5.64774e+16 1.39896e+12 -1e+21 -9.99944e+20 5.64774e+16 1.39896e+12 -1e+21 
0.346617 0.889486 -0.229326 0.415844 -0.000122026 1.334 1.11881 3.02407e+11 7.42362e+15 880.925 424.915 1798.38 0 0 0.174673 0 0 0.162238 0 0 0.0124358 0 0 0 9.99258e+15 -9.9994e+20 6.04804e+16 1.71343e+12 -1e+21 -9.9994e+20 6.04804e+16 1.71343e+12 -1e+21 
0.355591 0.89094 -0.227872 0.419092 -0.000122005 1.33254 1.11881 3.24146e+11 7.85305e+15 903.352 424.915 1471.61 0 0 0.174673 0 0 0.162094 0 0 0.0125796 0 0 0 9.99215e+15 -9.99935e+20 6.48282e+16 2.05523e+12 -1e+21 -9.99935e+20 6.48282e+16 2.05523e+12 -1e+21 
0.364745 0.892148 -0.226664 0.422107 -0.000121983 1.33133 1.11881 3.47605e+11 8.22884e+15 924.19 424.915 1195.35 0 0 0.174673 0 0 0.161947 0 0 0.0127263 0 0 0 9.99178e+15 -9.9993e+20 6.952e+16 2.41996e+12 -1e+21 -9.9993e+20 6.952e+16 2.41996e+12 -1e+21 
0.374083 0.893146 -0.225667 0.424911 -0.000121962 1.33034 1.11881 3.72763e+11 8.55245e+15 943.43 424.915 964.091 0 0 0.174673 0 0 0.161798 0 0 0.0128759 0 0 0 9.99146e+15 -9.99925e+20 7.45514e+16 2.80324e+12 -1e+21 -9.99925e+20 7.45514e+16 2.80324e+12 -1e+21 
0.383608 0.893963 -0.224849 0.427524 -0.000121942 1.32952 1.11881 3.99581e+11 8.82713e+15 961.099 424.915 772.307 0 0 0.174673 0 0 0.161645 0 0 0.0130285 0 0 0 9.99118e+15 -9.9992e+20 7.99149e+16 3.20105e+12 -1e+21 -9.9992e+20 7.99149e+16 3.20105e+12 -1e+21 
0.393323 0.894628 -0.224184 0.429966 -0.000121921 1.32885 1.11881 4.28009e+11 9.05724e+15 977.258 424.915 614.637 0 0 0.174673 0 0 0.161489 0 0 0.0131841 0 0 0 9.99095e+15 -9.99914e+20 8.56003e+16 3.6099e+12 -1e+21 -9.99914e+20 8.56003e+16 3.6099e+12 -1e+21 
0.403234 0.895167 -0.223646 0.432254 -0.0001219 1.32832 1.11881 4.57985e+11 9.24775e+15 991.989 424.915 486.069 0 0 0.174673 0 0 0.161331 0 0 0.0133429 0 0 0 9.99076e+15 -9.99908e+20 9.15954e+16 4.02696e+12 -1e+21 -9.99908e+20 9.15954e+16 4.02696e+12 -1e+21 
0.413343 0.895599 -0.223213 0.434404 -0.000121878 1.32788 1.11881 4.89441e+11 9.40379e+15 1005.39 424.915 382.037 0 0 0.174673 0 0 0.161169 0 0 0.0135048 0 0 0 9.99061e+15 -9.99902e+20 9.78864e+16 4.45003e+12 -1e+21 -9.99902e+20 9.78864e+16 4.45003e+12 -1e+21 
0.423655 0.895945 -0.222868 0.43643 -0.000121856 1.32754 1.11881 5.22303e+11 9.53035e+15 1017.56 424.915 298.472 0 0 0.174673 0 0 0.161003 0 0 0.01367 0 0 0 9.99048e+15 -9.99896e+20 1.04459e+17 4.87754e+12 -1e+21 -9.99896e+20 1.04459e+17 4.87754e+12 -1e+21 
0.434173 0.896219 -0.222593 0.438344 -0.000121834 1.32726 1.11881 5.56497e+11 9.63209e+15 1028.6 424.915 231.814 0 0 0.174673 0 0 0.160835 0 0 0.0138385 0 0 0 9.99038e+15 -9.99889e+20 1.11297e+17 5.30844e+12 -1e+21 -9.99889e+20 1.11297e+17 5.30844e+12 -1e+21 
0.444903 0.896436 -0.222376 0.440157 -0.000121812 1.32705 1.11881 5.91948e+11 9.71318e+15 1038.63 424.915 178.998 0 0 0.174673 0 0 0.160663 0 0 0.0140104 0 0 0 9.9903e+15 -9.99882e+20 1.18387e+17 5.74214e+12 -1e+21 -9.99882e+20 1.18387e+17 5.74214e+12 -1e+21 
0.455847 0.896606 -0.222206 0.44188 -0.000121788 1.32688 1.11881 6.28585e+11 9.77732e+15 1047.73 424.915 137.421 0 0 0.174673 0 0 0.160488 0 0 0.0141857 0 0 0 9.99023e+15 -9.99874e+20 1.25714e+17 6.17838e+12 -1e+21 -9.99874e+20 1.25714e+17 6.17838e+12 -1e+21 
0.467011 0.896739 -0.222073 0.443521 -0.000121764 1.32674 1.11881 6.66341e+11 9.82767e+15 1056 424.915 104.899 0 0 0.174673 0 0 0.160309 0 0 0.0143646 0 0 0 9.99018e+15 -9.99867e+20 1.33265e+17 6.61719e+12 -1e+21 -9.99867e+20 1.33265e+17 6.61719e+12 -1e+21 
0.478399 0.896842 -0.22197 0.445087 -0.00012174 1.32664 1.11881 7.05154e+11 9.86693e+15 1063.53 424.915 79.6169 0 0 0.174673 0 0 0.160126 0 0 0.014547 0 0 0 9.99014e+15 -9.99859e+20 1.41027e+17 7.05876e+12 -1e+21 -9.99859e+20 1.41027e+17 7.05876e+12 -1e+21 
0.490015 0.896922 -0.221891 0.446587 -0.000121715 1.32656 1.11881 7.44972e+11 9.89733e+15 1070.39 424.915 60.0843 0 0 0.174673 0 0 0.15994 0 0 0.0147331 0 0 0 9.99011e+15 -9.99851e+20 1.48991e+17 7.50345e+12 -1e+21 -9.99851e+20 1.48991e+17 7.50345e+12 -1e+21 
0.501864 0.896983 -0.22183 0.448025 -0.000121689 1.3265 1.11881 7.85745e+11 9.92071e+15 1076.65 424.915 45.0856 0 0 0.174673 0 0 0.159751 0 0 0.0149229 0 0 0 9.99009e+15 -9.99843e+20 1.57145e+17 7.95165e+12 -1e+21 -9.99843e+20 1.57145e+17 7.95165e+12 -1e+21 
0.513951 0.897029 -0.221783 0.449409 -0.000121662 1.32645 1.11881 8.27434e+11 9.93859e+15 1082.38 424.915 33.6386 0 0 0.174673 0 0 0.159557 0 0 0.0151165 0 0 0 9.99007e+15 -9.99835e+20 1.65482e+17 8.40384e+12 -1e+21 -9.99835e+20 1.65482e+17 8.40384e+12 -1e+21 
0.52628 0.897065 -0.221748 0.450741 -0.000121634 1.32642 1.11881 8.70007e+11 9.95217e+15 1087.63 424.915 24.9558 0 0 0.174673 0 0 0.159359 0 0 0.015314 0 0 0 9.99006e+15 -9.99826e+20 1.73996e+17 8.86049e+12 -1e+21 -9.99826e+20 1.73996e+17 8.86049e+12 -1e+21 
0.538856 0.897091 -0.221721 0.452027 -0.000121605 1.32639 1.11881 9.13435e+11 9.96242e+15 1092.45 424.915 18.4101 0 0 0.174673 0 0 0.159158 0 0 0.0155155 0 0 0 9.99005e+15 -9.99817e+20 1.82682e+17 9.32207e+12 -1e+21 -9.99817e+20 1.82682e+17 9.32207e+12 -1e+21 
0.551684 0.897111 -0.221701 0.45327 -0.000121576 1.32637 1.11881 9.57701e+11 9.97011e+15 1096.9 424.915 13.5062 0 0 0.174673 0 0 0.158952 0 0 0.015721 0 0 0 9.99004e+15 -9.99808e+20 1.91534e+17 9.78904e+12 -1e+21 -9.99808e+20 1.91534e+17 9.78904e+12 -1e+21 
0.564769 0.897126 -0.221686 0.454474 -0.000121545 1.32636 1.11881 1.00279e+12 9.97585e+15 1100.99 424.915 9.85528 0 0 0.174673 0 0 0.158743 0 0 0.0159306 0 0 0 9.99004e+15 -9.99799e+20 2.00551e+17 1.02618e+13 -1e+21 -9.99799e+20 2.00551e+17 1.02618e+13 -1e+21 
0.578117 0.897137 -0.221675 0.455643 -0.000121514 1.32635 1.11881 1.04869e+12 9.9801e+15 1104.78 424.915 7.15456 0 0 0.174673 0 0 0.158529 0 0 0.0161444 0 0 0 9.99003e+15 -9.9979e+20 2.09731e+17 1.07409e+13 -1e+21 -9.9979e+20 2.09731e+17 1.07409e+13 -1e+21 
0.591732 0.897146 -0.221667 0.456777 -0.000121481 1.32634 1.11881 1.0954e+12 9.98325e+15 1108.29 424.915 5.16962 0 0 0.174673 0 0 0.158311 0 0 0.0163625 0 0 0 9.99003e+15 -9.99781e+20 2.19073e+17 1.12265e+13 -1e+21 -9.99781e+20 2.19073e+17 1.12265e+13 -1e+21 
0.60562 0.897152 -0.221661 0.457881 -0.000121448 1.32633 1.11881 1.14293e+12 9.98555e+15 1111.56 424.915 3.72033 0 0 0.174673 0 0 0.158089 0 0 0.016585 0 0 0 9.99003e+15 -9.99771e+20 2.28577e+17 1.17191e+13 -1e+21 -9.99771e+20 2.28577e+17 1.17191e+13 -1e+21 
0.619787 0.897156 -0.221656 0.458957 -0.000121413 1.32633 1.11881 1.19126e+12 9.98724e+15 1114.59 424.915 2.66918 0 0 0.174673 0 0 0.157862 0 0 0.0168119 0 0 0 9.99002e+15 -9.99762e+20 2.38243e+17 1.2219e+13 -1e+21 -9.99762e+20 2.38243e+17 1.2219e+13 -1e+21 
0.634238 0.897159 -0.221653 0.460005 -0.000121377 1.32632 1.11881 1.24042e+12 9.98847e+15 1117.42 424.915 1.91199 0 0 0.174673 0 0 0.15763 0 0 0.0170433 0 0 0 9.99002e+15 -9.99752e+20 2.48074e+17 1.27265e+13 -1e+21 -9.99752e+20 2.48074e+17 1.27265e+13 -1e+21 
0.648978 0.897161 -0.221651 0.461029 -0.00012134 1.32632 1.11881 1.2904e+12 9.98936e+15 1120.07 424.915 1.37032 0 0 0.174673 0 0 0.157394 0 0 0.0172795 0 0 0 9.99002e+15 -9.99742e+20 2.58069e+17 1.32419e+13 -1e+21 -9.99742e+20 2.58069e+17 1.32419e+13 -1e+21 
0.664014 0.897163 -0.221649 0.462029 -0.000121301 1.32632 1.11881 1.34122e+12 9.99001e+15 1122.54 424.915 0.985557 0 0 0.174673 0 0 0.157153 0 0 0.0175203 0 0 0 9.99002e+15 -9.99732e+20 2.68232e+17 1.37654e+13 -1e+21 -9.99732e+20 2.68232e+17 1.37654e+13 -1e+21 
0.679351 0.897164 -0.221648 0.463007 -0.000121261 1.32632 1.11881 1.39289e+12 9.99048e+15 1124.87 424.915 0.714215 0 0 0.174673 0 0 0.156908 0 0 0.017766 0 0 0 9.99002e+15 -9.99721e+20 2.78566e+17 1.42973e+13 -1e+21 -9.99721e+20 2.78566e+17 1.42973e+13 -1e+21 
0.694996 0.897165 -0.221647 0.463966 -0.00012122 1.32632 1.11881 1.44543e+12 9.99083e+15 1127.05 424.915 0.524267 0 0 0.174673 0 0 0.156657 0 0 0.0180165 0 0 0 9.99002e+15 -9.99711e+20 2.89072e+17 1.48378e+13 -1e+21 -9.99711e+20 2.89072e+17 1.48378e+13 -1e+21 
0.710955 0.897166 -0.221646 0.464904 -0.000121178 1.32632 1.11881 1.49884e+12 9.99109e+15 1129.1 424.915 0.392299 0 0 0.174673 0 0 0.156401 0 0 0.0182721 0 0 0 9.99002e+15 -9.997e+20 2.99754e+17 1.53871e+13 -1e+21 -9.997e+20 2.99754e+17 1.53871e+13 -1e+21 
0.727233 0.897167 -0.221646 0.465825 -0.000121134 1.32632 1.11881 1.55315e+12 9.99128e+15 1131.03 424.915 0.30132 0 0 0.174673 0 0 0.156141 0 0 0.0185329 0 0 0 9.99002e+15 -9.99689e+20 3.10614e+17 1.59455e+13 -1e+21 -9.99689e+20 3.10614e+17 1.59455e+13 -1e+21 
0.743838 0.897167 -0.221645 0.466729 -0.000121088 1.32632 1.11881 1.60837e+12 9.99143e+15 1132.86 424.915 0.2391 0 0 0.174673 0 0 0.155875 0 0 0.0187988 0 0 0 9.99002e+15 -9.99678e+20 3.21657e+17 1.65132e+13 -1e+21 -9.99678e+20 3.21657e+17 1.65132e+13 -1e+21 
0.760776 0.897167 -0.221645 0.467616 -0.000121041 1.32631 1.11881 1.66451e+12 9.99156e+15 1134.58 424.915 0.196899 0 0 0.174673 0 0 0.155603 0 0 0.0190701 0 0 0 9.99002e+15 -9.99667e+20 3.32885e+17 1.70903e+13 -1e+21 -9.99667e+20 3.32885e+17 1.70903e+13 -1e+21 
0.778053 0.897168 -0.221645 0.468488 -0.000120992 1.32631 1.11881 1.7216e+12 9.99166e+15 1136.21 424.915 0.168525 0 0 0.174673 0 0 0.155327 0 0 0.0193468 0 0 0 9.99002e+15 -9.99656e+20 3.44301e+17 1.76771e+13 -1e+21 -9.99656e+20 3.44301e+17 1.76771e+13 -1e+21 
0.795676 0.897168 -0.221644 0.469346 -0.000120942 1.32631 1.11881 1.77965e+12 9.99174e+15 1137.76 424.915 0.149625 0 0 0.174673 0 0 0.155044 0 0 0.0196291 0 0 0 9.99002e+15 -9.99644e+20 3.5591e+17 1.82738e+13 -1e+21 -9.99644e+20 3.5591e+17 1.82738e+13 -1e+21 
0.813653 0.897168 -0.221644 0.47019 -0.000120889 1.32631 1.11881 1.83868e+12 9.99182e+15 1139.23 424.915 0.137163 0 0 0.174673 0 0 0.154756 0 0 0.019917 0 0 0 9.99002e+15 -9.99632e+20 3.67714e+17 1.88805e+13 -1e+21 -9.99632e+20 3.67714e+17 1.88805e+13 -1e+21 
0.831991 0.897169 -0.221644 0.47102 -0.000120835 1.32631 1.11881 1.8987e+12 9.9919e+15 1140.62 424.915 0.12904 0 0 0.174673 0 0 0.154463 0 0 0.0202107 0 0 0 9.99002e+15 -9.9962e+20 3.79718e+17 1.94974e+13 -1e+21 -9.9962e+20 3.79718e+17 1.94974e+13 -1e+21 
0.850696 0.897169 -0.221644 0.471838 -0.000120779 1.32631 1.11881 1.95974e+12 9.99197e+15 1141.94 424.915 0.123819 0 0 0.174673 0 0 0.154163 0 0 0.0205103 0 0 0 9.99002e+15 -9.99608e+20 3.91924e+17 2.01248e+13 -1e+21 -9.99608e+20 3.91924e+17 2.01248e+13 -1e+21 
0.869776 0.897169 -0.221643 0.472645 -0.000120721 1.32631 1.11881 2.02181e+12 9.99203e+15 1143.2 424.915 0.120521 0 0 0.174673 0 0 0.153858 0 0 0.0208158 0 0 0 9.99002e+15 -9.99596e+20 4.04336e+17 2.07629e+13 -1e+21 -9.99596e+20 4.04336e+17 2.07629e+13 -1e+21 
0.889238 0.897169 -0.221643 0.47344 -0.000120661 1.32631 1.11881 2.08493e+12 9.9921e+15 1144.4 424.915 0.118489 0 0 0.174673 0 0 0.153546 0 0 0.0211275 0 0 0 9.99002e+15 -9.99583e+20 4.16958e+17 2.14117e+13 -1e+21 -9.99583e+20 4.16958e+17 2.14117e+13 -1e+21 
0.909091 0.897169 -0.221643 0.474224 -0.000120599 1.32631 1.11881 2.14911e+12 9.99217e+15 1145.55 424.915 0.117284 0 0 0.174673 0 0 0.153228 0 0 0.0214455 0 0 0 9.99002e+15 -9.9957e+20 4.29793e+17 2.20716e+13 -1e+21 -9.9957e+20 4.29793e+17 2.20716e+13 -1e+21 
0.929342 0.89717 -0.221643 0.474998 -0.000120535 1.32631 1.11881 2.21438e+12 9.99223e+15 1146.64 424.915 0.116614 0 0 0.174673 0 0 0.152904 0 0 0.0217698 0 0 0 9.99002e+15 -9.99557e+20 4.42846e+17 2.27427e+13 -1e+21 -9.99557e+20 4.42846e+17 2.27427e+13 -1e+21 
0.949998 0.89717 -0.221642 0.475761 -0.000120468 1.32631 1.11881 2.28076e+12 9.9923e+15 1147.68 424.915 0.11629 0 0 0.174673 0 0 0.152573 0 0 0.0221006 0 0 0 9.99002e+15 -9.99544e+20 4.56119e+17 2.34251e+13 -1e+21 -9.99544e+20 4.56119e+17 2.34251e+13 -1e+21 
0.971069 0.89717 -0.221642 0.476516 -0.000120399 1.32631 1.11881 2.34825e+12 9.99237e+15 1148.68 424.915 0.116188 0 0 0.174673 0 0 0.152235 0 0 0.022438 0 0 0 9.99002e+15 -9.9953e+20 4.69617e+17 2.41191e+13 -1e+21 -9.9953e+20 4.69617e+17 2.41191e+13 -1e+21 
0.992562 0.89717 -0.221642 0.477261 -0.000120328 1.32631 1.11881 2.41689e+12 9.99244e+15 1149.63 424.915 0.116228 0 0 0.174673 0 0 0.151891 0 0 0.0227822 0 0 0 9.99002e+15 -9.99517e+20 4.83342e+17 2.4825e+13 -1e+21 -9.99517e+20 4.83342e+17 2.4825e+13 -1e+21 
1.01449 0.897171 -0.221642 0.477997 -0.000120254 1.32631 1.11881 2.48669e+12 9.99251e+15 1150.54 424.915 0.11636 0 0 0.174673 0 0 0.15154 0 0 0.0231333 0 0 0 9.99002e+15 -9.99503e+20 4.97299e+17 2.55427e+13 -1e+21 -9.99503e+20 4.97299e+17 2.55427e+13 -1e+21 
1.03685 0.897171 -0.221641 0.478725 -0.000120177 1.32631 1.11881 2.55766e+12 9.99258e+15 1151.42 424.915 0.116552 0 0 0.174673 0 0 0.151182 0 0 0.0234914 0 0 0 9.99002e+15 -9.99488e+20 5.11492e+17 2.62726e+13 -1e+21 -9.99488e+20 5.11492e+17 2.62726e+13 -1e+21 
1.05966 0.897171 -0.221641 0.479444 -0.000120098 1.32631 1.11881 2.62983e+12 9.99265e+15 1152.26 424.915 0.116784 0 0 0.174673 0 0 0.150817 0 0 0.0238567 0 0 0 9.99002e+15 -9.99474e+20 5.25924e+17 2.70149e+13 -1e+21 -9.99474e+20 5.25924e+17 2.70149e+13 -1e+21 
1.08293 0.897172 -0.221641 0.480156 -0.000120016 1.32631 1.11881 2.70321e+12 9.99272e+15 1153.06 424.915 0.117045 0 0 0.174673 0 0 0.150444 0 0 0.0242294 0 0 0 9.99002e+15 -9.99459e+20 5.40598e+17 2.77697e+13 -1e+21 -9.99459e+20 5.40598e+17 2.77697e+13 -1e+21 
1.10667 0.897172 -0.221641 0.48086 -0.00011993 1.32631 1.11881 2.77783e+12 9.9928e+15 1153.83 424.915 0.117326 0 0 0.174673 0 0 0.150064 0 0 0.0246094 0 0 0 9.99002e+15 -9.99444e+20 5.55518e+17 2.85373e+13 -1e+21 -9.99444e+20 5.55518e+17 2.85373e+13 -1e+21 
1.13088 0.897172 -0.22164 0.481557 -0.000119842 1.32631 1.11881 2.8537e+12 9.99287e+15 1154.57 424.915 0.117623 0 0 0.174673 0 0 0.149676 0 0 0.0249971 0 0 0 9.99002e+15 -9.99429e+20 5.70689e+17 2.93177e+13 -1e+21 -9.99429e+20 5.70689e+17 2.93177e+13 -1e+21 
1.15558 0.897172 -0.22164 0.482247 -0.000119751 1.32631 1.11881 2.93083e+12 9.99295e+15 1155.28 424.915 0.117933 0 0 0.174673 0 0 0.149281 0 0 0.0253926 0 0 0 9.99002e+15 -9.99414e+20 5.86113e+17 3.01113e+13 -1e+21 -9.99414e+20 5.86113e+17 3.01113e+13 -1e+21 
1.18077 0.897173 -0.22164 0.48293 -0.000119656 1.32631 1.11881 3.00926e+12 9.99303e+15 1155.96 424.915 0.118255 0 0 0.174673 0 0 0.148877 0 0 0.025796 0 0 0 9.99002e+15 -9.99398e+20 6.01795e+17 3.09182e+13 -1e+21 -9.99398e+20 6.01795e+17 3.09182e+13 -1e+21 
1.20647 0.897173 -0.221639 0.483606 -0.000119558 1.32631 1.11881 3.08899e+12 9.99311e+15 1156.62 424.915 0.118588 0 0 0.174673 0 0 0.148466 0 0 0.0262075 0 0 0 9.99002e+15 -9.99382e+20 6.17738e+17 3.17386e+13 -1e+21 -9.99382e+20 6.17738e+17 3.17386e+13 -1e+21 
1.23268 0.897173 -0.221639 0.484276 -0.000119456 1.32631 1.11881 3.17004e+12 9.99319e+15 1157.26 424.915 0.118932 0 0 0.174673 0 0 0.148046 0 0 0.0266272 0 0 0 9.99002e+15 -9.99366e+20 6.33946e+17 3.25727e+13 -1e+21 -9.99366e+20 6.33946e+17 3.25727e+13 -1e+21 
1.25942 0.897174 -0.221639 0.48494 -0.00011935 1.32631 1.11881 3.25244e+12 9.99327e+15 1157.86 424.915 0.119285 0 0 0.174673 0 0 0.147618 0 0 0.0270553 0 0 0 9.99002e+15 -9.9935e+20 6.50423e+17 3.34206e+13 -1e+21 -9.9935e+20 6.50423e+17 3.34206e+13 -1e+21 
1.28669 0.897174 -0.221638 0.485597 -0.000119241 1.32631 1.11881 3.3362e+12 9.99335e+15 1158.45 424.915 0.119649 0 0 0.174673 0 0 0.147181 0 0 0.027492 0 0 0 9.99002e+15 -9.99333e+20 6.67171e+17 3.42827e+13 -1e+21 -9.99333e+20 6.67171e+17 3.42827e+13 -1e+21 
1.31451 0.897174 -0.221638 0.486249 -0.000119128 1.32631 1.11881 3.42134e+12 9.99344e+15 1159.02 424.915 0.120022 0 0 0.174673 0 0 0.146736 0 0 0.0279374 0 0 0 9.99002e+15 -9.99316e+20 6.84195e+17 3.5159e+13 -1e+21 -9.99316e+20 6.84195e+17 3.5159e+13 -1e+21 
1.34289 0.897175 -0.221638 0.486895 -0.00011901 1.32631 1.11881 3.50787e+12 9.99353e+15 1159.56 424.915 0.120406 0 0 0.174673 0 0 0.146282 0 0 0.0283918 0 0 0 9.99002e+15 -9.99298e+20 7.01499e+17 3.60498e+13 -1e+21 -9.99298e+20 7.01499e+17 3.60498e+13 -1e+21 
1.37184 0.897175 -0.221637 0.487536 -0.000118889 1.32631 1.11881 3.59583e+12 9.99361e+15 1160.09 424.915 0.1208 0 0 0.174673 0 0 0.145818 0 0 0.0288552 0 0 0 9.99002e+15 -9.99281e+20 7.19086e+17 3.69553e+13 -1e+21 -9.99281e+20 7.19086e+17 3.69553e+13 -1e+21 
1.40137 0.897175 -0.221637 0.488171 -0.000118762 1.32631 1.11881 3.68522e+12 9.9937e+15 1160.6 424.915 0.121203 0 0 0.174673 0 0 0.145345 0 0 0.029328 0 0 0 9.99002e+15 -9.99263e+20 7.3696e+17 3.78756e+13 -1e+21 -9.99263e+20 7.3696e+17 3.78756e+13 -1e+21 
1.43149 0.897176 -0.221637 0.488801 -0.000118631 1.32631 1.11881 3.77606e+12 9.99379e+15 1161.08 424.915 0.121617 0 0 0.174673 0 0 0.144863 0 0 0.0298102 0 0 0 9.99002e+15 -9.99245e+20 7.55124e+17 3.88109e+13 -1e+21 -9.99245e+20 7.55124e+17 3.88109e+13 -1e+21 
1.46221 0.897176 -0.221636 0.489426 -0.000118496 1.32631 1.11881 3.86837e+12 9.99389e+15 1161.56 424.915 0.122042 0 0 0.174673 0 0 0.144371 0 0 0.0303021 0 0 0 9.99002e+15 -9.99226e+20 7.73582e+17 3.97614e+13 -1e+21 -9.99226e+20 7.73582e+17 3.97614e+13 -1e+21 
1.49355 0.897176 -0.221636 0.490045 -0.000118355 1.32631 1.11881 3.96217e+12 9.99398e+15 1162.01 424.915 0.122477 0 0 0.174673 0 0 0.14387 0 0 0.0308038 0 0 0 9.99002e+15 -9.99208e+20 7.92338e+17 4.07274e+13 -1e+21 -9.99208e+20 7.92338e+17 4.07274e+13 -1e+21 
1.52552 0.897177 -0.221636 0.49066 -0.000118209 1.32631 1.11881 4.05747e+12 9.99408e+15 1162.46 424.915 0.122922 0 0 0.174673 0 0 0.143358 0 0 0.0313156 0 0 0 9.99002e+15 -9.99189e+20 8.11394e+17 4.1709e+13 -1e+21 -9.99189e+20 8.11394e+17 4.1709e+13 -1e+21 
1.55813 0.897177 -0.221635 0.49127 -0.000118058 1.32631 1.11881 4.1543e+12 9.99417e+15 1162.88 424.915 0.123378 0 0 0.174673 0 0 0.142836 0 0 0.0318376 0 0 0 9.99002e+15 -9.99169e+20 8.30754e+17 4.27063e+13 -1e+21 -9.99169e+20 8.30754e+17 4.27063e+13 -1e+21 
1.59139 0.897178 -0.221635 0.491876 -0.000117901 1.3263 1.11881 4.25267e+12 9.99427e+15 1163.29 424.915 0.123845 0 0 0.174673 0 0 0.142303 0 0 0.0323701 0 0 0 9.99002e+15 -9.9915e+20 8.50423e+17 4.37196e+13 -1e+21 -9.9915e+20 8.50423e+17 4.37196e+13 -1e+21 
1.62532 0.897178 -0.221634 0.492477 -0.000117738 1.3263 1.11881 4.35259e+12 9.99437e+15 1163.69 424.915 0.124324 0 0 0.174673 0 0 0.14176 0 0 0.0329132 0 0 0 9.99002e+15 -9.9913e+20 8.70402e+17 4.4749e+13 -1e+21 -9.9913e+20 8.70402e+17 4.4749e+13 -1e+21 
1.65993 0.897178 -0.221634 0.493073 -0.000117569 1.3263 1.11881 4.45409e+12 9.99447e+15 1164.08 424.915 0.124813 0 0 0.174673 0 0 0.141206 0 0 0.0334672 0 0 0 9.99002e+15 -9.99109e+20 8.90696e+17 4.57947e+13 -1e+21 -9.99109e+20 8.90696e+17 4.57947e+13 -1e+21 
1.69523 0.897179 -0.221633 0.493665 -0.000117394 1.3263 1.11881 4.55718e+12 9.99457e+15 1164.45 424.915 0.125313 0 0 0.174673 0 0 0.140641 0 0 0.0340323 0 0 0 9.99002e+15 -9.99089e+20 9.11308e+17 4.68569e+13 -1e+21 -9.99089e+20 9.11308e+17 4.68569e+13 -1e+21 
1.73124 0.897179 -0.221633 0.494253 -0.000117212 1.3263 1.11881 4.66187e+12 9.99468e+15 1164.81 424.915 0.125825 0 0 0.174673 0 0 0.140065 0 0 0.0346088 0 0 0 9.99002e+15 -9.99068e+20 9.32241e+17 4.79358e+13 -1e+21 -9.99068e+20 9.32241e+17 4.79358e+13 -1e+21 
1.76798 0.89718 -0.221633 0.494836 -0.000117024 1.3263 1.11881 4.76818e+12 9.99479e+15 1165.16 424.915 0.126349 0 0 0.174673 0 0 0.139477 0 0 0.0351968 0 0 0 9.99002e+15 -9.99046e+20 9.53497e+17 4.90314e+13 -1e+21 -9.99046e+20 9.53497e+17 4.90314e+13 -1e+21 
1.80545 0.89718 -0.221632 0.495415 -0.000116828 1.3263 1.11881 4.87613e+12 9.99489e+15 1165.5 424.915 0.126885 0 0 0.174673 0 0 0.138877 0 0 0.0357965 0 0 0 9.99002e+15 -9.99025e+20 9.75081e+17 5.01441e+13 -1e+21 -9.99025e+20 9.75081e+17 5.01441e+13 -1e+21 
1.84367 0.897181 -0.221632 0.49599 -0.000116626 1.3263 1.11881 4.98573e+12 9.995e+15 1165.83 424.915 0.127432 0 0 0.174673 0 0 0.138265 0 0 0.0364083 0 0 0 9.99002e+15 -9.99003e+20 9.96994e+17 5.12739e+13 -1e+21 -9.99003e+20 9.96994e+17 5.12739e+13 -1e+21 
1.88265 0.897181 -0.221631 0.496561 -0.000116415 1.3263 1.11881 5.09699e+12 9.99511e+15 1166.15 424.915 0.127992 0 0 0.174673 0 0 0.137641 0 0 0.0370323 0 0 0 9.99002e+15 -9.98981e+20 1.01924e+18 5.24209e+13 -1e+21 -9.98981e+20 1.01924e+18 5.24209e+13 -1e+21 
1.92242 0.897182 -0.221631 0.497128 -0.000116197 1.3263 1.11881 5.20994e+12 9.99523e+15 1166.46 424.915 0.128564 0 0 0.174673 0 0 0.137005 0 0 0.0376688 0 0 0 9.99002e+15 -9.98958e+20 1.04182e+18 5.35854e+13 -1e+21 -9.98958e+20 1.04182e+18 5.35854e+13 -1e+21 
1.96299 0.897182 -0.22163 0.497692 -0.00011597 1.3263 1.11881 5.32457e+12 9.99534e+15 1166.76 424.915 0.129149 0 0 0.174673 0 0 0.136355 0 0 0.0383181 0 0 0 9.99002e+15 -9.98935e+20 1.06474e+18 5.47675e+13 -1e+21 -9.98935e+20 1.06474e+18 5.47675e+13 -1e+21 
2.00437 0.897183 -0.22163 0.498251 -0.000115735 1.3263 1.11881 5.44091e+12 9.99546e+15 1167.05 424.915 0.129747 0 0 0.174673 0 0 0.135693 0 0 0.0389803 0 0 0 9.99002e+15 -9.98912e+20 1.088e+18 5.59673e+13 -1e+21 -9.98912e+20 1.088e+18 5.59673e+13 -1e+21 
2.04658 0.897183 -0.221629 0.498806 -0.000115492 1.3263 1.11881 5.55897e+12 9.99558e+15 1167.33 424.915 0.130358 0 0 0.174673 0 0 0.135018 0 0 0.0396558 0 0 0 9.99002e+15 -9.98888e+20 1.11161e+18 5.71849e+13 -1e+21 -9.98888e+20 1.11161e+18 5.71849e+13 -1e+21 
2.08963 0.897184 -0.221628 0.499358 -0.000115238 1.3263 1.11881 5.67875e+12 9.9957e+15 1167.6 424.915 0.130982 0 0 0.174673 0 0 0.134329 0 0 0.0403449 0 0 0 9.99002e+15 -9.98864e+20 1.13555e+18 5.84204e+13 -1e+21 -9.98864e+20 1.13555e+18 5.84204e+13 -1e+21 
2.13355 0.897185 -0.221628 0.499906 -0.000114976 1.3263 1.11881 5.80027e+12 9.99582e+15 1167.87 424.915 0.131619 0 0 0.174673 0 0 0.133626 0 0 0.0410477 0 0 0 9.99002e+15 -9.9884e+20 1.15985e+18 5.96741e+13 -1e+21 -9.9884e+20 1.15985e+18 5.96741e+13 -1e+21 
2.17835 0.897185 -0.221627 0.50045 -0.000114703 1.3263 1.11881 5.92354e+12 9.99594e+15 1168.13 424.915 0.132271 0 0 0.174673 0 0 0.132909 0 0 0.0417646 0 0 0 9.99002e+15 -9.98815e+20 1.18449e+18 6.09459e+13 -1e+21 -9.98815e+20 1.18449e+18 6.09459e+13 -1e+21 
2.22405 0.897186 -0.221627 0.500991 -0.00011442 1.3263 1.11881 6.04857e+12 9.99606e+15 1168.38 424.915 0.132936 0 0 0.174673 0 0 0.132178 0 0 0.0424959 0 0 0 9.99002e+15 -9.9879e+20 1.20949e+18 6.2236e+13 -1e+21 -9.9879e+20 1.20949e+18 6.2236e+13 -1e+21 
2.27066 0.897186 -0.221626 0.501528 -0.000114127 1.3263 1.11881 6.17536e+12 9.99619e+15 1168.62 424.915 0.133615 0 0 0.174673 0 0 0.131432 0 0 0.0432418 0 0 0 9.99002e+15 -9.98765e+20 1.23484e+18 6.35445e+13 -1e+21 -9.98765e+20 1.23484e+18 6.35445e+13 -1e+21 
2.31821 0.897187 -0.221625 0.502061 -0.000113822 1.3263 1.11881 6.30392e+12 9.99632e+15 1168.86 424.915 0.134309 0 0 0.174673 0 0 0.130671 0 0 0.0440027 0 0 0 9.99001e+15 -9.98739e+20 1.26054e+18 6.48714e+13 -1e+21 -9.98739e+20 1.26054e+18 6.48714e+13 -1e+21 
2.36671 0.897188 -0.221625 0.502591 -0.000113506 1.32629 1.11881 6.43426e+12 9.99645e+15 1169.08 424.915 0.135018 0 0 0.174673 0 0 0.129895 0 0 0.0447788 0 0 0 9.99001e+15 -9.98713e+20 1.2866e+18 6.62168e+13 -1e+21 -9.98713e+20 1.2866e+18 6.62168e+13 -1e+21 
2.41618 0.897188 -0.221624 0.503117 -0.000113177 1.32629 1.11881 6.56638e+12 9.99658e+15 1169.31 424.915 0.135742 0 0 0.174673 0 0 0.129103 0 0 0.0455704 0 0 0 9.99001e+15 -9.98687e+20 1.31301e+18 6.75808e+13 -1e+21 -9.98687e+20 1.31301e+18 6.75808e+13 -1e+21 
2.46665 0.897189 -0.221623 0.50364 -0.000112836 1.32629 1.11881 6.70029e+12 9.99672e+15 1169.52 424.915 0.136481 0 0 0.174673 0 0 0.128296 0 0 0.0463778 0 0 0 9.99001e+15 -9.9866e+20 1.33979e+18 6.89634e+13 -1e+21 -9.9866e+20 1.33979e+18 6.89634e+13 -1e+21 
2.51813 0.89719 -0.221623 0.504159 -0.000112482 1.32629 1.11881 6.83599e+12 9.99685e+15 1169.73 424.915 0.137235 0 0 0.174673 0 0 0.127472 0 0 0.0472015 0 0 0 9.99001e+15 -9.98633e+20 1.36691e+18 7.03647e+13 -1e+21 -9.98633e+20 1.36691e+18 7.03647e+13 -1e+21 
2.57063 0.89719 -0.221622 0.504674 -0.000112115 1.32629 1.11881 6.97347e+12 9.99699e+15 1169.94 424.915 0.138005 0 0 0.174673 0 0 0.126632 0 0 0.0480416 0 0 0 9.99001e+15 -9.98606e+20 1.3944e+18 7.17846e+13 -1e+21 -9.98606e+20 1.3944e+18 7.17846e+13 -1e+21 
2.6242 0.897191 -0.221621 0.505186 -0.000111733 1.32629 1.11881 7.11275e+12 9.99713e+15 1170.14 424.915 0.138792 0 0 0.174673 0 0 0.125775 0 0 0.0488985 0 0 0 9.99001e+15 -9.98578e+20 1.42224e+18 7.32232e+13 -1e+21 -9.98578e+20 1.42224e+18 7.32232e+13 -1e+21 
2.67883 0.897192 -0.22162 0.505695 -0.000111337 1.32629 1.11881 7.25381e+12 9.99727e+15 1170.33 424.915 0.139595 0 0 0.174673 0 0 0.124901 0 0 0.0497726 0 0 0 9.99001e+15 -9.98549e+20 1.45044e+18 7.46805e+13 -1e+21 -9.98549e+20 1.45044e+18 7.46805e+13 -1e+21 
2.73456 0.897193 -0.22162 0.5062 -0.000110926 1.32629 1.11881 7.39666e+12 9.99741e+15 1170.52 424.915 0.140414 0 0 0.174673 0 0 0.124009 0 0 0.0506642 0 0 0 9.99001e+15 -9.98521e+20 1.479e+18 7.61564e+13 -1e+21 -9.98521e+20 1.479e+18 7.61564e+13 -1e+21 
2.79141 0.897194 -0.221619 0.506701 -0.000110499 1.32629 1.11881 7.54129e+12 9.99756e+15 1170.7 424.915 0.141251 0 0 0.174673 0 0 0.1231 0 0 0.0515737 0 0 0 9.99001e+15 -9.98492e+20 1.50791e+18 7.76508e+13 -1e+21 -9.98492e+20 1.50791e+18 7.76508e+13 -1e+21 
2.8494 0.897194 -0.221618 0.507199 -0.000110056 1.32629 1.11881 7.68769e+12 9.9977e+15 1170.88 424.915 0.142105 0 0 0.174673 0 0 0.122172 0 0 0.0525013 0 0 0 9.99001e+15 -9.98463e+20 1.53718e+18 7.91639e+13 -1e+21 -9.98463e+20 1.53718e+18 7.91639e+13 -1e+21 
2.90855 0.897195 -0.221617 0.507693 -0.000109596 1.32629 1.11881 7.83585e+12 9.99785e+15 1171.05 424.915 0.142977 0 0 0.174673 0 0 0.121226 0 0 0.0534476 0 0 0 9.99001e+15 -9.98433e+20 1.5668e+18 8.06953e+13 -1e+21 -9.98433e+20 1.5668e+18 8.06953e+13 -1e+21 
2.96888 0.897196 -0.221616 0.508184 -0.000109117 1.32629 1.11881 7.98577e+12 9.998e+15 1171.22 424.915 0.143866 0 0 0.174673 0 0 0.120261 0 0 0.0544127 0 0 0 9.99001e+15 -9.98403e+20 1.59677e+18 8.22451e+13 -1e+21 -9.98403e+20 1.59677e+18 8.22451e+13 -1e+21 
3.03043 0.897197 -0.221615 0.508671 -0.000108621 1.32629 1.11881 8.13742e+12 9.99815e+15 1171.39 424.915 0.144775 0 0 0.174673 0 0 0.119276 0 0 0.0553972 0 0 0 9.99001e+15 -9.98373e+20 1.62708e+18 8.38131e+13 -1e+21 -9.98373e+20 1.62708e+18 8.38131e+13 -1e+21 
3.09321 0.897198 -0.221615 0.509155 -0.000108105 1.32628 1.11881 8.2908e+12 9.9983e+15 1171.55 424.915 0.145701 0 0 0.174673 0 0 0.118272 0 0 0.0564014 0 0 0 9.99001e+15 -9.98342e+20 1.65774e+18 8.53992e+13 -1e+21 -9.98342e+20 1.65774e+18 8.53992e+13 -1e+21 
3.15725 0.897199 -0.221614 0.509635 -0.00010757 1.32628 1.11881 8.44589e+12 9.99846e+15 1171.7 424.915 0.146647 0 0 0.174673 0 0 0.117248 0 0 0.0574257 0 0 0 9.99001e+15 -9.98311e+20 1.68875e+18 8.70031e+13 -1e+21 -9.98311e+20 1.68875e+18 8.70031e+13 -1e+21 
3.22257 0.8972 -0.221613 0.510111 -0.000107014 1.32628 1.11881 8.60267e+12 9.99862e+15 1171.85 424.915 0.147613 0 0 0.174673 0 0 0.116203 0 0 0.0584705 0 0 0 9.99001e+15 -9.9828e+20 1.72009e+18 8.86248e+13 -1e+21 -9.9828e+20 1.72009e+18 8.86248e+13 -1e+21 
3.2892 0.897201 -0.221612 0.510584 -0.000106436 1.32628 1.11881 8.76112e+12 9.99877e+15 1172 424.915 0.148598 0 0 0.174673 0 0 0.115137 0 0 0.0595362 0 0 0 9.99001e+15 -9.98248e+20 1.75176e+18 9.0264e+13 -1e+21 -9.98248e+20 1.75176e+18 9.0264e+13 -1e+21 
3.35717 0.897202 -0.221611 0.511053 -0.000105836 1.32628 1.11881 8.9212e+12 9.99893e+15 1172.15 424.915 0.149603 0 0 0.174673 0 0 0.11405 0 0 0.0606232 0 0 0 9.99001e+15 -9.98216e+20 1.78376e+18 9.19204e+13 -1e+21 -9.98216e+20 1.78376e+18 9.19204e+13 -1e+21 
3.4265 0.897203 -0.22161 0.511519 -0.000105213 1.32628 1.11881 9.0829e+12 9.9991e+15 1172.29 424.915 0.150629 0 0 0.174673 0 0 0.112941 0 0 0.061732 0 0 0 9.99001e+15 -9.98184e+20 1.81608e+18 9.35937e+13 -1e+21 -9.98184e+20 1.81608e+18 9.35937e+13 -1e+21 
3.49722 0.897204 -0.221609 0.51198 -0.000104566 1.32628 1.11881 9.24618e+12 9.99926e+15 1172.42 424.915 0.151676 0 0 0.174673 0 0 0.11181 0 0 0.062863 0 0 0 9.99001e+15 -9.98151e+20 1.84872e+18 9.52837e+13 -1e+21 -9.98151e+20 1.84872e+18 9.52837e+13 -1e+21 
3.56936 0.897205 -0.221607 0.512438 -0.000103894 1.32628 1.11881 9.41101e+12 9.99942e+15 1172.56 424.915 0.152745 0 0 0.174673 0 0 0.110657 0 0 0.0640166 0 0 0 9.99001e+15 -9.98118e+20 1.88167e+18 9.69899e+13 -1e+21 -9.98118e+20 1.88167e+18 9.69899e+13 -1e+21 
3.64294 0.897206 -0.221606 0.512892 -0.000103196 1.32628 1.11881 9.57735e+12 9.99959e+15 1172.69 424.915 0.153835 0 0 0.174673 0 0 0.10948 0 0 0.0651933 0 0 0 9.99001e+15 -9.98085e+20 1.91491e+18 9.87121e+13 -1e+21 -9.98085e+20 1.91491e+18 9.87121e+13 -1e+21 
3.718 0.897207 -0.221605 0.513343 -0.00010247 1.32628 1.11881 9.74516e+12 9.99976e+15 1172.81 424.915 0.154947 0 0 0.174673 0 0 0.10828 0 0 0.0663936 0 0 0 9.99001e+15 -9.98051e+20 1.94846e+18 1.0045e+14 -1e+21 -9.98051e+20 1.94846e+18 1.0045e+14 -1e+21 
3.79457 0.897208 -0.221604 0.513789 -0.000101717 1.32627 1.11881 9.91439e+12 9.99993e+15 1172.94 424.915 0.156082 0 0 0.174673 0 0 0.107056 0 0 0.0676179 0 0 0 9.99001e+15 -9.98018e+20 1.98228e+18 1.02202e+14 -1e+21 -9.98018e+20 1.98228e+18 1.02202e+14 -1e+21 
3.87267 0.89721 -0.221603 0.514231 -0.000100934 1.32627 1.11881 1.0085e+13 1.00001e+16 1173.06 424.915 0.15724 0 0 0.174673 0 0 0.105807 0 0 0.0688667 0 0 0 9.99001e+15 -9.97984e+20 2.01638e+18 1.0397e+14 -1e+21 -9.97984e+20 2.01638e+18 1.0397e+14 -1e+21 
3.95233 0.897211 -0.221601 0.514669 -0.00010012 1.32627 1.11881 1.02569e+13 1.00003e+16 1173.18 424.915 0.158422 0 0 0.174673 0 0 0.104533 0 0 0.0701404 0 0 0 9.99001e+15 -9.97949e+20 2.05075e+18 1.05751e+14 -1e+21 -9.97949e+20 2.05075e+18 1.05751e+14 -1e+21 
4.03359 0.897212 -0.2216 0.515104 -9.92754e-05 1.32627 1.11881 1.04301e+13 1.00004e+16 1173.29 424.915 0.159628 0 0 0.174673 0 0 0.103234 0 0 0.0714397 0 0 0 9.99001e+15 -9.97915e+20 2.08537e+18 1.07546e+14 -1e+21 -9.97915e+20 2.08537e+18 1.07546e+14 -1e+21 
4.11648 0.897214 -0.221599 0.515534 -9.83976e-05 1.32627 1.11881 1.06045e+13 1.00006e+16 1173.41 424.915 0.160858 0 0 0.174673 0 0 0.101908 0 0 0.072765 0 0 0 9.99001e+15 -9.9788e+20 2.12023e+18 1.09353e+14 -1e+21 -9.9788e+20 2.12023e+18 1.09353e+14 -1e+21 
4.20104 0.897215 -0.221597 0.515959 -9.74855e-05 1.32627 1.11881 1.07801e+13 1.00008e+16 1173.52 424.915 0.162113 0 0 0.174673 0 0 0.100557 0 0 0.0741168 0 0 0 9.99001e+15 -9.97845e+20 2.15531e+18 1.11172e+14 -1e+21 -9.97845e+20 2.15531e+18 1.11172e+14 -1e+21 
4.28729 0.897216 -0.221596 0.516381 -9.65379e-05 1.32627 1.11881 1.09567e+13 1.0001e+16 1173.62 424.915 0.163394 0 0 0.174673 0 0 0.0991778 0 0 0.0754956 0 0 0 9.99001e+15 -9.97809e+20 2.19061e+18 1.13003e+14 -1e+21 -9.97809e+20 2.19061e+18 1.13003e+14 -1e+21 
4.37526 0.897218 -0.221595 0.516798 -9.55533e-05 1.32626 1.11881 1.11343e+13 1.00011e+16 1173.73 424.915 0.164701 0 0 0.174673 0 0 0.0977714 0 0 0.0769021 0 0 0 9.99001e+15 -9.97774e+20 2.2261e+18 1.14845e+14 -1e+21 -9.97774e+20 2.2261e+18 1.14845e+14 -1e+21 
4.465 0.897219 -0.221593 0.517211 -9.45302e-05 1.32626 1.11881 1.13128e+13 1.00013e+16 1173.83 424.915 0.166034 0 0 0.174673 0 0 0.0963368 0 0 0.0783367 0 0 0 9.99001e+15 -9.97738e+20 2.26178e+18 1.16696e+14 -1e+21 -9.97738e+20 2.26178e+18 1.16696e+14 -1e+21 
4.55654 0.897221 -0.221592 0.517619 -9.34672e-05 1.32626 1.11881 1.14921e+13 1.00015e+16 1173.93 424.915 0.167394 0 0 0.174673 0 0 0.0948735 0 0 0.0797999 0 0 0 9.99001e+15 -9.97702e+20 2.29762e+18 1.18556e+14 -1e+21 -9.97702e+20 2.29762e+18 1.18556e+14 -1e+21 
4.64992 0.897222 -0.22159 0.518022 -9.23626e-05 1.32626 1.11881 1.16721e+13 1.00017e+16 1174.03 424.915 0.168781 0 0 0.174673 0 0 0.0933809 0 0 0.0812925 0 0 0 9.99001e+15 -9.97666e+20 2.3336e+18 1.20424e+14 -1e+21 -9.97666e+20 2.3336e+18 1.20424e+14 -1e+21 
4.74517 0.897224 -0.221588 0.518421 -9.12148e-05 1.32626 1.11881 1.18528e+13 1.00019e+16 1174.12 424.915 0.170197 0 0 0.174673 0 0 0.0918585 0 0 0.082815 0 0 0 9.99001e+15 -9.9763e+20 2.36971e+18 1.22298e+14 -1e+21 -9.9763e+20 2.36971e+18 1.22298e+14 -1e+21 
4.84232 0.897226 -0.221587 0.518815 -9.00221e-05 1.32626 1.11881 1.2034e+13 1.0002e+16 1174.22 424.915 0.171642 0 0 0.174673 0 0 0.0903056 0 0 0.0843679 0 0 0 9.99001e+15 -9.97594e+20 2.40592e+18 1.24178e+14 -1e+21 -9.97594e+20 2.40592e+18 1.24178e+14 -1e+21 
4.94143 0.897227 -0.221585 0.519204 -8.87827e-05 1.32626 1.11881 1.22156e+13 1.00022e+16 1174.31 424.915 0.173115 0 0 0.174673 0 0 0.0887216 0 0 0.0859519 0 0 0 9.99001e+15 -9.97558e+20 2.44221e+18 1.26063e+14 -1e+21 -9.97558e+20 2.44221e+18 1.26063e+14 -1e+21 
5.04252 0.897229 -0.221583 0.519587 -8.74947e-05 1.32625 1.11881 1.23974e+13 1.00024e+16 1174.4 424.915 0.174618 0 0 0.174673 0 0 0.0871059 0 0 0.0875675 0 0 0 9.99001e+15 -9.97521e+20 2.47856e+18 1.27951e+14 -1e+21 -9.97521e+20 2.47856e+18 1.27951e+14 -1e+21 
5.14564 0.897231 -0.221581 0.519966 -8.61561e-05 1.32625 1.11881 1.25795e+13 1.00026e+16 1174.49 424.915 0.176152 0 0 0.174673 0 0 0.0854579 0 0 0.0892156 0 0 0 9.99001e+15 -9.97485e+20 2.51494e+18 1.29841e+14 -1e+21 -9.97485e+20 2.51494e+18 1.29841e+14 -1e+21 
5.25083 0.897233 -0.22158 0.520339 -8.47651e-05 1.32625 1.11881 1.27615e+13 1.00028e+16 1174.57 424.915 0.177717 0 0 0.174673 0 0 0.0837769 0 0 0.0908966 0 0 0 9.99001e+15 -9.97449e+20 2.55132e+18 1.31732e+14 -1e+21 -9.97449e+20 2.55132e+18 1.31732e+14 -1e+21 
5.35812 0.897235 -0.221578 0.520707 -8.33194e-05 1.32625 1.11881 1.29434e+13 1.0003e+16 1174.65 424.915 0.179313 0 0 0.174673 0 0 0.0820623 0 0 0.0926112 0 0 0 9.99001e+15 -9.97412e+20 2.58767e+18 1.33621e+14 -1e+21 -9.97412e+20 2.58767e+18 1.33621e+14 -1e+21 
5.46757 0.897237 -0.221576 0.521069 -8.1817e-05 1.32625 1.11881 1.31251e+13 1.00031e+16 1174.74 424.915 0.180941 0 0 0.174673 0 0 0.0803133 0 0 0.0943601 0 0 0 9.99001e+15 -9.97376e+20 2.62397e+18 1.35508e+14 -1e+21 -9.97376e+20 2.62397e+18 1.35508e+14 -1e+21 
5.57921 0.897239 -0.221574 0.521426 -8.02555e-05 1.32624 1.11881 1.33062e+13 1.00033e+16 1174.82 424.915 0.182603 0 0 0.174673 0 0 0.0785294 0 0 0.0961441 0 0 0 9.99001e+15 -9.9734e+20 2.66018e+18 1.37391e+14 -1e+21 -9.9734e+20 2.66018e+18 1.37391e+14 -1e+21 
5.69308 0.897241 -0.221572 0.521776 -7.86326e-05 1.32624 1.11881 1.34868e+13 1.00035e+16 1174.9 424.915 0.184298 0 0 0.174673 0 0 0.0767097 0 0 0.0979637 0 0 0 9.99001e+15 -9.97304e+20 2.69626e+18 1.39267e+14 -1e+21 -9.97304e+20 2.69626e+18 1.39267e+14 -1e+21 
5.80924 0.897243 -0.221569 0.522121 -7.69458e-05 1.32624 1.11881 1.36665e+13 1.00037e+16 1174.97 424.915 0.186027 0 0 0.174673 0 0 0.0748537 0 0 0.0998198 0 0 0 9.99001e+15 -9.97268e+20 2.73218e+18 1.41135e+14 -1e+21 -9.97268e+20 2.73218e+18 1.41135e+14 -1e+21 
5.92773 0.897245 -0.221567 0.522459 -7.51927e-05 1.32624 1.11881 1.38453e+13 1.00039e+16 1175.05 424.915 0.187791 0 0 0.174673 0 0 0.0729605 0 0 0.101713 0 0 0 9.99001e+15 -9.97232e+20 2.7679e+18 1.42994e+14 -1e+21 -9.97232e+20 2.7679e+18 1.42994e+14 -1e+21 
6.0486 0.897247 -0.221565 0.522791 -7.33704e-05 1.32623 1.11881 1.40229e+13 1.0004e+16 1175.12 424.915 0.18959 0 0 0.174673 0 0 0.0710294 0 0 0.103644 0 0 0 9.99001e+15 -9.97196e+20 2.80338e+18 1.4484e+14 -1e+21 -9.97196e+20 2.80338e+18 1.4484e+14 -1e+21 
6.17189 0.89725 -0.221563 0.523116 -7.14764e-05 1.32623 1.11881 1.4199e+13 1.00042e+16 1175.2 424.915 0.191426 0 0 0.174673 0 0 0.0690597 0 0 0.105614 0 0 0 9.99001e+15 -9.97161e+20 2.83858e+18 1.46671e+14 -1e+21 -9.97161e+20 2.83858e+18 1.46671e+14 -1e+21 
6.29765 0.897252 -0.22156 0.523434 -6.95077e-05 1.32623 1.11881 1.43735e+13 1.00044e+16 1175.27 424.915 0.193299 0 0 0.174673 0 0 0.0670505 0 0 0.107623 0 0 0 9.99001e+15 -9.97126e+20 2.87345e+18 1.48486e+14 -1e+21 -9.97126e+20 2.87345e+18 1.48486e+14 -1e+21 
6.42593 0.897255 -0.221558 0.523745 -6.74614e-05 1.32623 1.11881 1.45461e+13 1.00046e+16 1175.34 424.915 0.195209 0 0 0.174673 0 0 0.0650012 0 0 0.109672 0 0 0 9.99001e+15 -9.97092e+20 2.90794e+18 1.50281e+14 -1e+21 -9.97092e+20 2.90794e+18 1.50281e+14 -1e+21 
6.55678 0.897257 -0.221555 0.524049 -6.53343e-05 1.32623 1.11881 1.47165e+13 1.00047e+16 1175.41 424.915 0.197158 0 0 0.174673 0 0 0.0629108 0 0 0.111763 0 0 0 9.99001e+15 -9.97058e+20 2.942e+18 1.52055e+14 -1e+21 -9.97058e+20 2.942e+18 1.52055e+14 -1e+21 
6.69026 0.89726 -0.221553 0.524345 -6.31232e-05 1.32622 1.11881 1.48845e+13 1.00049e+16 1175.48 424.915 0.199147 0 0 0.174673 0 0 0.0607786 0 0 0.113895 0 0 0 9.99001e+15 -9.97024e+20 2.97557e+18 1.53803e+14 -1e+21 -9.97024e+20 2.97557e+18 1.53803e+14 -1e+21 
6.82641 0.897263 -0.22155 0.524633 -6.08248e-05 1.32622 1.11881 1.50499e+13 1.00051e+16 1175.55 424.915 0.201175 0 0 0.174673 0 0 0.0586037 0 0 0.11607 0 0 0 9.99001e+15 -9.96991e+20 3.00861e+18 1.55524e+14 -1e+21 -9.96991e+20 3.00861e+18 1.55524e+14 -1e+21 
6.9653 0.897265 -0.221547 0.524913 -5.84355e-05 1.32622 1.11881 1.52122e+13 1.00052e+16 1175.61 424.915 0.203245 0 0 0.174673 0 0 0.0563853 0 0 0.118288 0 0 0 9.99001e+15 -9.96959e+20 3.04105e+18 1.57214e+14 -1e+21 -9.96959e+20 3.04105e+18 1.57214e+14 -1e+21 
7.10696 0.897268 -0.221544 0.525185 -5.59518e-05 1.32621 1.11881 1.53713e+13 1.00054e+16 1175.68 424.915 0.205356 0 0 0.174673 0 0 0.0541225 0 0 0.120551 0 0 0 9.99001e+15 -9.96927e+20 3.07283e+18 1.5887e+14 -1e+21 -9.96927e+20 3.07283e+18 1.5887e+14 -1e+21 
7.25147 0.897271 -0.221541 0.525448 -5.33699e-05 1.32621 1.11881 1.55267e+13 1.00055e+16 1175.74 424.914 0.20751 0 0 0.174673 0 0 0.0518144 0 0 0.122859 0 0 0 9.99001e+15 -9.96896e+20 3.10388e+18 1.60488e+14 -1e+21 -9.96896e+20 3.10388e+18 1.60488e+14 -1e+21 
7.39887 0.897274 -0.221538 0.525702 -5.06858e-05 1.32621 1.11881 1.56781e+13 1.00057e+16 1175.8 424.914 0.209707 0 0 0.174673 0 0 0.0494601 0 0 0.125213 0 0 0 9.99001e+15 -9.96866e+20 3.13413e+18 1.62065e+14 -1e+21 -9.96866e+20 3.13413e+18 1.62065e+14 -1e+21 
7.54923 0.897278 -0.221535 0.525947 -4.78954e-05 1.3262 1.11881 1.58251e+13 1.00058e+16 1175.87 424.914 0.211948 0 0 0.174673 0 0 0.0470587 0 0 0.127615 0 0 0 9.99001e+15 -9.96836e+20 3.16352e+18 1.63596e+14 -1e+21 -9.96836e+20 3.16352e+18 1.63596e+14 -1e+21 
7.7026 0.897281 -0.221532 0.526181 -4.49945e-05 1.3262 1.11881 1.59675e+13 1.0006e+16 1175.93 424.914 0.214235 0 0 0.174673 0 0 0.0446092 0 0 0.130064 0 0 0 9.99001e+15 -9.96808e+20 3.19195e+18 1.65079e+14 -1e+21 -9.96808e+20 3.19195e+18 1.65079e+14 -1e+21 
7.85905 0.897284 -0.221528 0.526406 -4.19787e-05 1.3262 1.11881 1.61046e+13 1.00061e+16 1175.99 424.914 0.216568 0 0 0.174673 0 0 0.0421106 0 0 0.132563 0 0 0 9.99001e+15 -9.9678e+20 3.21936e+18 1.66508e+14 -1e+21 -9.9678e+20 3.21936e+18 1.66508e+14 -1e+21 
8.01864 0.897288 -0.221525 0.52662 -3.88433e-05 1.32619 1.11881 1.62362e+13 1.00062e+16 1176.05 424.914 0.218948 0 0 0.174673 0 0 0.0395621 0 0 0.135111 0 0 0 9.99001e+15 -9.96754e+20 3.24566e+18 1.67879e+14 -1e+21 -9.96754e+20 3.24566e+18 1.67879e+14 -1e+21 
8.18142 0.897291 -0.221521 0.526823 -3.55836e-05 1.32619 1.11881 1.63618e+13 1.00064e+16 1176.11 424.914 0.221376 0 0 0.174673 0 0 0.0369625 0 0 0.137711 0 0 0 9.99e+15 -9.96729e+20 3.27076e+18 1.69188e+14 -1e+21 -9.96729e+20 3.27076e+18 1.69188e+14 -1e+21 
8.34747 0.897295 -0.221517 0.527014 -3.21946e-05 1.32619 1.11881 1.6481e+13 1.00065e+16 1176.17 424.914 0.223854 0 0 0.174673 0 0 0.0343108 0 0 0.140363 0 0 0 9.99e+15 -9.96705e+20 3.29456e+18 1.7043e+14 -1e+21 -9.96705e+20 3.29456e+18 1.7043e+14 -1e+21 
8.51685 0.897299 -0.221514 0.527193 -2.86711e-05 1.32618 1.11881 1.65931e+13 1.00066e+16 1176.22 424.914 0.226382 0 0 0.174673 0 0 0.0316061 0 0 0.143067 0 0 0 9.99e+15 -9.96683e+20 3.31697e+18 1.71599e+14 -1e+21 -9.96683e+20 3.31697e+18 1.71599e+14 -1e+21 
8.68962 0.897303 -0.22151 0.527359 -2.50077e-05 1.32618 1.11881 1.66978e+13 1.00067e+16 1176.28 424.914 0.228984 0 0 0.174673 0 0 0.0288472 0 0 0.145826 0 0 0 9.99e+15 -9.96662e+20 3.33788e+18 1.7269e+14 -1e+21 -9.96662e+20 3.33788e+18 1.7269e+14 -1e+21 
8.86586 0.897307 -0.221506 0.527513 -2.11989e-05 1.32618 1.11881 1.67944e+13 1.00068e+16 1176.34 424.914 0.232106 0 0 0.174673 0 0 0.026033 0 0 0.14864 0 0 0 9.99e+15 -9.96643e+20 3.35718e+18 1.73697e+14 -1e+21 -9.96643e+20 3.35718e+18 1.73697e+14 -1e+21 
9.04563 0.897311 -0.221501 0.527652 -1.72387e-05 1.32617 1.11881 1.68824e+13 1.00069e+16 1176.4 424.914 0.245394 0 0 0.174673 0 0 0.0231625 0 0 0.151511 0 0 0 9.99e+15 -9.96625e+20 3.37477e+18 1.74615e+14 -1e+21 -9.96625e+20 3.37477e+18 1.74615e+14 -1e+21 
9.229 0.897316 -0.221497 0.527777 -1.31211e-05 1.32617 1.11881 1.6961e+13 1.00071e+16 1176.45 424.914 0.485255 0 0 0.174673 0 0 0.0202345 0 0 0.154439 0 0 0 9.99e+15 -9.96609e+20 3.39047e+18 1.75439e+14 -1e+21 -9.96609e+20 3.39047e+18 1.75439e+14 -1e+21 
9.41605 0.897329 -0.221483 0.527886 -8.84057e-06 1.32615 1.11881 1.70241e+13 1.00107e+16 1176.51 424.914 5.98804 0 0 0.174673 0 0 0.0172478 0 0 0.157426 0 0 0 9.99e+15 -9.96597e+20 3.40308e+18 1.7622e+14 -1e+21 -9.96597e+20 3.40308e+18 1.7622e+14 -1e+21 
9.60685 0.897546 -0.221266 0.52798 -4.40885e-06 1.32594 1.11881 1.69432e+13 1.00932e+16 1176.55 424.914 138.817 0 0 0.174673 0 0 0.0142012 0 0 0.160472 0 0 0 9.98992e+15 -9.96613e+20 3.38693e+18 1.78277e+14 -1e+21 -9.96613e+20 3.38693e+18 1.78277e+14 -1e+21 
9.80147 0.902778 -0.216034 0.528065 -2.82019e-07 1.3207 1.11881 1.38843e+13 1.23552e+16 1176.48 424.915 3811.1 0 0 0.174673 0 0 0.0110926 0 0 0.163581 0 0 0 9.98766e+15 -9.97224e+20 2.77593e+18 2.18567e+14 -1e+21 -9.97224e+20 2.77593e+18 2.18567e+14 -1e+21 
10 1.05017 -0.0686406 0.528208 -2.55423e-07 1.17331 1.11881 4.66482e+10 3.60965e+18 1176.41 424.915 7424.38 0 0 0.174673 0 0 0.00950661 0 0 0.165167 0 0 0 7.30062e+15 -9.99928e+20 9.32965e+15 6.24826e+16 -1e+21 -9.99928e+20 9.32965e+15 6.24826e+16 -1e+21 
10 1.05017 -0.0686406 0.528208 -2.55423e-07 1.17331 1.11881 4.66482e+10 3.60965e+18 106.26 73.1657 723.799 0 0 0.174673 0 0 0.00636963 0 0 0.168304 0 0 0 7.30062e+18 -9.95268e+20 4.66949e+18 6.24826e+16 -1e+21 -9.95268e+20 4.66949e+18 6.24826e+16 -1e+21 
10.194 1.06421 -0.0545992 0.582462 -1.98114e-07 1.15927 1.11881 2.20986e+11 6.11039e+18 106.929 73.1657 327.314 0 0 0.174673 0 0 0.00485125 0 0 0.169822 0 0 0 6.11066e+18 -9.77031e+20 2.21207e+19 8.48196e+17 -1e+21 -9.77031e+20 2.21207e+19 8.48196e+17 -1e+21 
10.3541 1.06421 -0.0545984 0.594204 -1.59871e-07 1.15927 1.11881 3.48034e+11 6.11058e+18 107.787 73.1657 0.025819 0 0 0.174673 0 0 0.00236164 0 0 0.172312 0 0 0 6.11058e+18 -9.63826e+20 3.48382e+19 1.33592e+18 -1e+21 -9.63826e+20 3.48382e+19 1.33592e+18 -1e+21 
10.4863 1.06421 -0.0545983 0.596991 -1.27889e-07 1.15927 1.11881 3.87641e+11 6.11058e+18 107.979 73.1657 0.00243871 0 0 0.174673 0 0 0.00032504 0 0 0.174348 0 0 0 6.11058e+18 -9.59709e+20 3.88029e+19 1.48795e+18 -1e+21 -9.59709e+20 3.88029e+19 1.48795e+18 -1e+21 
10.5954 1.06421 -0.0545983 0.596142 -1.01208e-07 1.15927 1.11881 3.75117e+11 6.11058e+18 107.944 73.1657 0.00244793 0 0 0.174673 0 0 -0.00135352 0 0 0.176027 0 0 0 6.11058e+18 -9.61011e+20 3.75492e+19 1.43987e+18 -1e+21 -9.61011e+20 3.75492e+19 1.43987e+18 -1e+21 
10.6854 1.06421 -0.0545983 0.593134 -7.89935e-08 1.15927 1.11881 3.33915e+11 6.11058e+18 107.785 73.1657 0.00245759 0 0 0.174673 0 0 -0.00274303 0 0 0.177416 0 0 0 6.11058e+18 -9.65293e+20 3.34249e+19 1.28172e+18 -1e+21 -9.65293e+20 3.34249e+19 1.28172e+18 -1e+21 
10.7597 1.06421 -0.0545983 0.588469 -6.05254e-08 1.15927 1.11881 2.78785e+11 6.11058e+18 107.571 73.1657 0.0024656 0 0 0.174673 0 0 -0.0038959 0 0 0.178569 0 0 0 6.11058e+18 -9.71023e+20 2.79064e+19 1.07011e+18 -1e+21 -9.71023e+20 2.79064e+19 1.07011e+18 -1e+21 
10.8211 1.06421 -0.0545983 0.582205 -4.51913e-08 1.15927 1.11881 2.18796e+11 6.11058e+18 107.247 73.1657 0.00247225 0 0 0.174673 0 0 -0.00485337 0 0 0.179527 0 0 0 6.11058e+18 -9.77259e+20 2.19015e+19 8.39843e+17 -1e+21 -9.77259e+20 2.19015e+19 8.39843e+17 -1e+21 
10.8717 1.06421 -0.0545983 0.574007 -3.24726e-08 1.15927 1.11881 1.5934e+11 6.11058e+18 106.684 73.1657 0.00247778 0 0 0.174673 0 0 -0.0056487 0 0 0.180322 0 0 0 6.11058e+18 -9.83438e+20 1.59499e+19 6.11622e+17 -1e+21 -9.83438e+20 1.59499e+19 6.11622e+17 -1e+21 
10.9135 1.06421 -0.0545982 0.562846 -2.19319e-08 1.15927 1.11881 1.0347e+11 6.11058e+18 105.481 73.1657 0.0024825 0 0 0.174673 0 0 -0.00630919 0 0 0.180983 0 0 0 6.11058e+18 -9.89245e+20 1.03574e+19 3.97167e+17 -1e+21 -9.89245e+20 1.03574e+19 3.97167e+17 -1e+21 
10.948 1.06421 -0.0545982 0.545529 -1.32026e-08 1.15927 1.11881 5.29547e+10 6.11058e+18 101.436 73.1657 0.00248375 0 0 0.174673 0 0 -0.00685741 0 0 0.181531 0 0 0 6.11058e+18 -9.94496e+20 5.30077e+18 2.03265e+17 -1e+21 -9.94496e+20 5.30077e+18 2.03265e+17 -1e+21 
10.9765 1.06421 -0.0545982 0.505694 -5.97736e-09 1.15927 1.11881 1.13425e+10 6.11058e+18 68.5986 73.1657 0.00251339 0 0 0.174673 0 0 -0.0073121 0 0 0.181986 0 0 0 6.11058e+18 -9.98821e+20 1.13538e+18 4.35378e+16 -1e+21 -9.98821e+20 1.13538e+18 4.35378e+16 -1e+21 
11 1.06421 -0.0545982 0 0 1.15927 1.11881 36.2605 6.11058e+18 108.05 73.1657 0.00253837 0 0 0.174673 0 0 -0.00750016 0 0 0.182174 0 0 0 6.11058e+18 -1e+21 0 0 -1e+21 -1e+21 0 0 -1e+21 