# This file was generated by TiberCAD (GraceIO.C)
# Stores 1D nodal data in format suitable for Grace
# x	state_number_0	state_number_1	state_number_2	state_number_3	state_number_4	state_number_5	state_number_6	state_number_7	state_number_8	state_number_9
0	-2.483247225	-2.483247167	-2.483247167	-2.483247167	-2.499119221	-2.499119221	3.883325673	3.883325766	3.883325767	3.883325766	
0.8750264348	-2.518077993	-2.51807841	-2.518477203	-2.518477219	-2.580028662	-2.580028692	3.966742863	3.966742982	3.970727643	3.970727658	
1.75005287	-2.599804334	-2.599804743	-2.600049759	-2.600049728	-2.819619562	-2.819619546	4.190424952	4.190425031	4.197867882	4.197867931	
2.625079304	-2.724853984	-2.724854348	-2.725046664	-2.72504674	-3.144586105	-3.144586168	4.479564803	4.479564808	4.489648847	4.489648845	
3.500105739	-2.88140953	-2.881409923	-2.881587587	-2.881587499	-3.476546722	-3.476546684	4.749288708	4.749288736	4.761004548	4.761004383	
4.375132174	-3.056172063	-3.056172402	-3.056354038	-3.056353951	-3.750327422	-3.750327336	4.934591368	4.934591207	4.94677582	4.946775577	
5.250158609	-3.236550983	-3.236551351	-3.236750896	-3.236750771	-3.932478049	-3.932478046	5.008366951	5.008367331	5.019956499	5.019956173	
6.125185044	-3.411657747	-3.411658148	-3.411891998	-3.411892134	-4.025767388	-4.025767213	4.978506347	4.978506794	4.988803255	4.988803687	
7.000211478	-3.572612843	-3.572613259	-3.57291007	-3.572910084	-4.052995695	-4.0529958	4.871134941	4.871135319	4.879817767	4.879818205	
7.875237913	-3.712451504	-3.712450937	-3.712874086	-3.712874254	-4.039545993	-4.039545679	4.718128947	4.718128854	4.725103023	4.72510344	
8.750264348	-3.825820175	-3.825820957	-3.826556264	-3.826556176	-4.006729175	-4.006729679	4.552646563	4.552646355	4.557903439	4.55790382	
9.625290783	-3.908048147	-3.908049617	-3.910071569	-3.910071983	-3.971444389	-3.971443662	4.406666037	4.406666375	4.410202293	4.410202638	
10.50031722	-3.938586329	-3.938588707	-3.943994419	-3.943993441	-3.962676923	-3.962676247	4.307273314	4.307273176	4.309073322	4.309073638	
11.37534365	-3.931937471	-3.931937484	-3.934700763	-3.934700763	-3.97924287	-3.979242869	4.272473576	4.272473576	4.27278622	4.27278622	
12.2409154	-3.702184856	-3.703934962	-3.798776877	-3.800468389	-4.144498171	-4.145456255	4.071484096	4.071747717	4.471904136	4.472254117	
13.10648715	-3.57045632	-3.574843541	-3.613544376	-3.617871658	-4.293458327	-4.293656767	3.969347425	3.96956404	4.576563996	4.576909103	
13.97205889	-3.431031624	-3.432521258	-3.557708442	-3.559144167	-4.41904832	-4.418996794	4.022001098	4.022172755	4.570676037	4.570969323	
14.83763064	-3.268832309	-3.269292928	-3.629869981	-3.630288372	-4.518928256	-4.518912815	4.229985347	4.23011457	4.501796517	4.502016617	
15.70320238	-3.137468892	-3.137670789	-3.744116464	-3.744290582	-4.591428273	-4.591427192	4.41950872	4.419651745	4.543920781	4.543834019	
16.56877413	-3.051589991	-3.051559836	-3.843816536	-3.843752275	-4.635367671	-4.635367798	4.359783144	4.359853743	4.855415855	4.855445373	
17.43434588	-3.021597015	-3.021597118	-3.882915663	-3.88291568	-4.65008514	-4.650085123	4.337971241	4.337971268	4.997303264	4.997303282	
18.30937231	-3.00548636	-3.005514128	-3.811875649	-3.816117964	-4.633179977	-4.633293972	4.365081251	4.366516462	4.999872545	5.003288967	
19.18439875	-2.957744069	-2.957803675	-3.628175457	-3.635192256	-4.583001062	-4.583168821	4.449511813	4.452415175	4.997530208	5.004429873	
20.05942518	-2.880185738	-2.880086713	-3.379749528	-3.388036144	-4.500764536	-4.500940002	4.59229207	4.597386254	4.956607743	4.967423077	
20.93445162	-2.775463868	-2.775632579	-3.107140443	-3.115723583	-4.388618974	-4.388783995	4.765391847	4.78175776	4.85774186	4.880620986	
21.80947805	-2.648183581	-2.648472927	-2.837875185	-2.84622183	-4.249815953	-4.24996642	4.633413986	4.636421231	5.041349369	5.04441739	
22.68450449	-2.503943539	-2.504506495	-2.589338709	-2.597254698	-4.088949955	-4.089088049	4.356792741	4.361209286	5.271868068	5.272223715	
23.55953092	-2.349120242	-2.350465939	-2.372116396	-2.37984009	-3.912267577	-3.912399924	4.015490587	4.019325632	5.44034975	5.442874672	
24.43455736	-2.184747867	-2.187043936	-2.200890504	-2.204447161	-3.72801556	-3.72815685	3.620004192	3.622885797	5.488671701	5.494818628	
25.30958379	-2.0373392	-2.03993368	-2.057173177	-2.059284033	-3.544192666	-3.544927949	3.180348678	3.182264075	5.380080428	5.390008299	
26.18461023	-1.922702811	-1.9237415	-1.935300673	-1.937970819	-2.929061451	-2.931380436	2.715544715	2.716605939	5.134330248	5.145616317	
27.05963666	-1.835460954	-1.835929893	-1.847595086	-1.850791176	-2.353757792	-2.355841733	2.266382999	2.266790356	4.839497847	4.848832513	
27.93466309	-1.778393732	-1.778729387	-1.797260631	-1.799791554	-1.925743139	-1.927735516	1.912305924	1.912359171	4.606358921	4.611529	
28.80968953	-1.755039881	-1.755039881	-1.762591196	-1.762591196	-1.784385148	-1.784385148	1.77115126	1.77115126	4.519823259	4.519823259	
29.67526128	-1.774623991	-1.774623988	-1.785413675	-1.785413676	-1.960051281	-1.960051288	1.905995583	1.905995556	4.50821903	4.508219109	
30.54083302	-1.831967199	-1.83196722	-1.843413158	-1.843413159	-2.422144084	-2.42214407	2.235894269	2.235894213	4.473154755	4.473154718	
31.40640477	-1.9230198	-1.923019771	-1.935150264	-1.935150264	-2.9877447	-2.987744712	2.635826362	2.635826371	4.413810574	4.413810516	
32.27197652	-2.041583647	-2.041583635	-2.054545105	-2.054545104	-2.889509426	-2.889509412	3.024922348	3.024922321	4.328602075	4.328602125	
33.13754826	-2.180017171	-2.180017225	-2.193917508	-2.193917509	-2.769351675	-2.769351693	3.366912868	3.36691289	4.214858962	4.214858986	
34.00312001	-2.330004719	-2.330004744	-2.34489405	-2.34489405	-2.631988739	-2.631988745	3.652004311	3.652004379	4.068421908	4.068421899	
34.86869175	-2.483247225	-2.483247166	-2.483247166	-2.483247166	-2.49911922	-2.49911922	3.883325673	3.883325766	3.883325766	3.883325767	
35.74436533	-2.517092608	-2.517201865	-2.519864257	-2.519984568	-2.579297421	-2.579833346	3.966861519	3.966904797	3.970861465	3.970889095	
36.6200389	-2.600122667	-2.600228632	-2.605662712	-2.605789381	-2.816472645	-2.817314476	4.191786137	4.192212057	4.199396731	4.199760885	
37.49571247	-2.73448562	-2.73464126	-2.742541779	-2.742741005	-3.134593247	-3.135492929	4.490854482	4.492632491	4.501859873	4.503501701	
38.37138604	-2.914572472	-2.914805971	-2.924875359	-2.925192797	-3.455460183	-3.456375189	4.799264548	4.803837943	4.814065334	4.818403987	
39.24705961	-3.131121371	-3.131404635	-3.143407879	-3.143823494	-3.719774848	-3.720993328	5.075323621	5.083675152	5.095248648	5.103252451	
40.12273319	-3.368889097	-3.368907274	-3.382981641	-3.383203105	-3.90613278	-3.908111951	5.296525958	5.308340547	5.323912597	5.33527181	
40.99840676	-3.594850374	-3.596309881	-3.610894602	-3.612131596	-4.042324889	-4.043560986	5.44693847	5.460960235	5.483787585	5.497280432	
41.87408033	-3.743761103	-3.747843838	-3.759781454	-3.763790595	-4.203568915	-4.20572135	5.513780214	5.528395805	5.559588689	5.573644666	
42.7497539	-3.784880925	-3.789192482	-3.798523841	-3.802773451	-4.438812772	-4.44082959	5.499396034	5.513044875	5.550167096	5.563235371	
43.62542747	-3.765818582	-3.769080113	-3.7770708	-3.780264939	-4.706831621	-4.707978895	5.430975968	5.442654047	5.481095256	5.492156812	
44.50110105	-3.725368495	-3.727552047	-3.734574677	-3.736707914	-4.96951274	-4.970109494	5.34793543	5.357231218	5.39291608	5.401548637	
45.37677462	-3.68296048	-3.684230975	-3.69036742	-3.691612217	-5.204636198	-5.20492514	5.281510273	5.288301233	5.318882457	5.32495899	
46.25244819	-3.648827639	-3.64939392	-3.654691247	-3.655257438	-5.394188114	-5.394314018	5.245604644	5.249874737	5.274698605	5.278201977	
47.12812176	-3.627818742	-3.627950643	-3.632552814	-3.632709493	-5.520432044	-5.52047686	5.237128368	5.239091924	5.259191098	5.260339453	
48.00379533	-3.621018444	-3.621018476	-3.625316743	-3.625364658	-5.565956658	-5.565956612	5.239502257	5.240351893	5.2585946	5.2585946	
48.86936708	-3.675282199	-3.675282163	-3.677279579	-3.682199204	-5.389800713	-5.389800722	5.333842976	5.340794512	5.355961742	5.355961741	
49.73493883	-3.828495333	-3.828496527	-3.828619841	-3.838004981	-5.196421897	-5.196421933	5.606520043	5.621091851	5.632488768	5.632488769	
50.60051057	-4.047602956	-4.048804267	-4.048804298	-4.06067447	-5.004843149	-5.004843126	6.023126005	6.045316458	6.053082982	6.053082978	
51.46608232	-4.291663968	-4.293685242	-4.29368529	-4.307616302	-4.82851283	-4.828512803	6.532251887	6.561084789	6.561085278	6.562766417	
52.33165407	-4.514927665	-4.517110113	-4.517110116	-4.533011566	-4.684009666	-4.684009814	5.999725528	5.999725432	7.064257001	7.104991918	
53.19722581	-4.586053093	-4.586053178	-4.673232344	-4.677345834	-4.677345967	-4.692685497	5.632995467	5.632995622	7.508988445	7.557067212	
54.06279756	-4.552391413	-4.552391553	-4.731592629	-4.735280266	-4.735280294	-4.75153684	5.502104241	5.502104491	7.689001814	7.741461796	
54.93847113	-4.495714175	-4.500575107	-4.509950366	-4.515740814	-4.954824372	-4.965188418	5.537105773	5.537755055	7.42667308	7.455948558	
55.8141447	-4.241300161	-4.250707952	-4.374025581	-4.37540248	-5.17652256	-5.187607443	5.645002044	5.646327396	7.079149059	7.105461009	
56.68981827	-3.960441255	-3.969658674	-4.179815713	-4.181172759	-5.382383414	-5.394194003	5.824016418	5.826117352	6.702349032	6.725991663	
57.56549185	-3.665965559	-3.67485954	-3.940254075	-3.941470414	-5.553083516	-5.564153423	6.065366347	6.068301922	6.309212438	6.32974185	
58.44116542	-3.367739645	-3.376175229	-3.670863663	-3.671849464	-5.296864807	-5.298086024	5.902289069	5.920444065	6.349250968	6.354795261	
59.31683899	-3.076902453	-3.084756006	-3.385370684	-3.386070182	-4.980843644	-4.981977007	5.484652514	5.499487559	6.609466562	6.616691773	
60.19251256	-2.804609533	-2.81178649	-3.096182374	-3.096579221	-4.65585727	-4.6569038	5.055081286	5.06675145	6.605100357	6.610993785	
61.06818613	-2.560191119	-2.566633917	-2.814675686	-2.814799489	-4.332532941	-4.33352533	4.613402514	4.622161091	6.365986543	6.379246152	
61.94385971	-2.349476712	-2.355154963	-2.55118916	-2.551258883	-4.019462474	-4.020503488	4.158668777	4.164880268	6.088583137	6.103343267	
62.81953328	-2.174193643	-2.179075674	-2.315152871	-2.315285059	-3.71745002	-3.718790558	3.689714236	3.693809227	5.796662007	5.811473989	
63.69520685	-2.032914454	-2.036916445	-2.114918336	-2.114932793	-3.382268948	-3.384494605	3.207897697	3.210332688	5.48531615	5.499449946	
64.57088042	-1.922995787	-1.925806326	-1.957109812	-1.957584128	-2.888686296	-2.891201953	2.723491879	2.724715141	5.156557711	5.169045435	
65.44655399	-1.839560122	-1.839646435	-1.849730536	-1.85241263	-2.34721852	-2.349370261	2.267895435	2.268330723	4.841909514	4.851413481	
66.32222757	-1.778824115	-1.779175615	-1.797318056	-1.799846077	-1.925505013	-1.927507238	1.912523739	1.912578109	4.606515509	4.611694409	
67.19790114	-1.755039881	-1.755039881	-1.762591196	-1.762591196	-1.784385148	-1.784385148	1.77115126	1.77115126	4.519823259	4.519823259	
