# ASCII 1D datafile generated by TiberCAD
# x Ec Ev eQFermi hQFermi ElPotential eDensity hDensity eMobility hMobility eConductivity hConductivity ElField_x ElField_y ElField_z eCurrentDensity_x eCurrentDensity_y eCurrentDensity_z hCurrentDensity_x hCurrentDensity_y hCurrentDensity_z IonizedDonors IonizedAcceptors IonizedElectronTraps IonizedHoleTraps eNetRecombination eLangevinRecombination hNetRecombination hLangevinRecombination 
0 2.21 -0.39 0 0 -4.78 3.65416e-08 2.92405e+18 0.01 0.01 8.01089e-23 0.00468485 -379287 0 0 0 0 0 0 0 0 0 6.99999e+15 0 0 1137.33 1137.33 1137.33 1137.33 
0.0979066 2.20629 -0.393713 0 0 -4.77629 4.21829e-08 2.77369e+18 0.01 0.01 8.01089e-23 0.00444393 -372084 0 0 0 0 0 0 0 0 0 6.99999e+15 0 0 1245.39 1245.39 1245.39 1245.39 
0.214985 2.20203 -0.397969 0 0 -4.77203 4.9726e-08 2.60962e+18 0.01 0.01 8.01089e-23 0.00418107 -355389 0 0 0 0 0 0 0 0 0 6.99999e+15 0 0 1381.25 1381.25 1381.25 1381.25 
0.354988 2.19719 -0.402809 0 0 -4.76719 5.99583e-08 2.43326e+18 0.01 0.01 8.01089e-23 0.00389852 -336764 0 0 0 0 0 0 0 0 0 6.99999e+15 0 0 1552.93 1552.93 1552.93 1552.93 
0.522406 2.19173 -0.408268 0 0 -4.76173 7.4045e-08 2.24686e+18 0.01 0.01 8.01089e-23 0.00359986 -316253 0 0 0 0 0 0 0 0 0 6.99999e+15 0 0 1770.86 1770.86 1770.86 1770.86 
0.722606 2.18564 -0.414365 0 0 -4.75564 9.37251e-08 2.05345e+18 0.01 0.01 8.0109e-23 0.00328999 -294003 0 0 0 0 0 0 0 0 0 7e+15 0 0 2048.58 2048.58 2048.58 2048.58 
0.962009 2.1789 -0.421102 0 0 -4.7489 1.21607e-07 1.85678e+18 0.01 0.01 8.0109e-23 0.00297488 -270287 0 0 0 0 0 0 0 0 0 7e+15 0 0 2403.43 2403.43 2403.43 2403.43 
1.24829 2.17154 -0.428459 0 0 -4.74154 1.61612e-07 1.66101e+18 0.01 0.01 8.01091e-23 0.00266123 -245519 0 0 0 0 0 0 0 0 0 7e+15 0 0 2857.32 2857.32 2857.32 2857.32 
1.59063 2.16361 -0.436394 0 0 -4.73361 2.19629e-07 1.4704e+18 0.01 0.01 8.01092e-23 0.00235585 -220252 0 0 0 0 0 0 0 0 0 7e+15 0 0 3437.48 3437.48 3437.48 3437.48 
2 2.15515 -0.444845 0 0 -4.72515 3.04484e-07 1.28886e+18 0.01 0.01 8.01093e-23 0.00206498 -206444 0 0 0 0 0 0 0 0 0 7e+15 0 0 4177.18 4177.18 4177.18 4177.18 
2 2.15515 -0.444845 0 0 -4.72515 3.04484e-07 1.28886e+18 0.01 0.01 8.01093e-23 0.00206498 -181361 0 0 0 0 0 0 0 0 0 7e+15 0 0 4177.18 4177.18 4177.18 4177.18 
2.5 2.14609 -0.453913 0 0 -4.71609 4.32303e-07 1.11639e+18 0.01 0.01 8.01095e-23 0.00178865 -170489 0 0 0 0 0 0 0 0 0 7e+15 0 0 5137.08 5137.08 5137.08 5137.08 
3 2.13811 -0.461894 0 0 -4.70811 5.88513e-07 9.81893e+17 0.01 0.01 8.01098e-23 0.00157317 -150974 0 0 0 0 0 0 0 0 0 7e+15 0 0 6150.82 6150.82 6150.82 6150.82 
3.5 2.13099 -0.469011 0 0 -4.70099 7.74844e-07 8.74345e+17 0.01 0.01 8.01101e-23 0.00140085 -135404 0 0 0 0 0 0 0 0 0 7e+15 0 0 7211.23 7211.23 7211.23 7211.23 
4 2.12457 -0.475435 0 0 -4.69457 9.93207e-07 7.86439e+17 0.01 0.01 8.01104e-23 0.00126001 -122874 0 0 0 0 0 0 0 0 0 7e+15 0 0 8314.14 8314.14 8314.14 8314.14 
4.5 2.1187 -0.481298 0 0 -4.6887 1.24583e-06 7.13201e+17 0.01 0.01 8.01108e-23 0.00114267 -112700 0 0 0 0 0 0 0 0 0 7e+15 0 0 9457.67 9457.67 9457.67 9457.67 
5 2.1133 -0.486705 0 0 -4.6833 1.53534e-06 6.51162e+17 0.01 0.01 8.01113e-23 0.00104328 -104363 0 0 0 0 0 0 0 0 0 7e+15 0 0 10641.6 10641.6 10641.6 10641.6 
5.5 2.10827 -0.491735 0 0 -4.67827 1.86477e-06 5.97849e+17 0.01 0.01 8.01118e-23 0.000957859 -97466.9 0 0 0 0 0 0 0 0 0 7e+15 0 0 11866.7 11866.7 11866.7 11866.7 
6 2.10355 -0.496451 0 0 -4.67355 2.23764e-06 5.51462e+17 0.01 0.01 8.01124e-23 0.000883539 -91706.6 0 0 0 0 0 0 0 0 0 7e+15 0 0 13134.7 13134.7 13134.7 13134.7 
6.5 2.09909 -0.500905 0 0 -4.66909 2.65792e-06 5.10668e+17 0.01 0.01 8.01131e-23 0.000818181 -86847.1 0 0 0 0 0 0 0 0 0 7e+15 0 0 14447.5 14447.5 14447.5 14447.5 
7 2.09486 -0.505136 0 0 -4.66486 3.13002e-06 4.74465e+17 0.01 0.01 8.01138e-23 0.000760176 -82705.6 0 0 0 0 0 0 0 0 0 7e+15 0 0 15807.5 15807.5 15807.5 15807.5 
7.5 2.09082 -0.509176 0 0 -4.66082 3.65885e-06 4.42081e+17 0.01 0.01 8.01147e-23 0.000708292 -79139.8 0 0 0 0 0 0 0 0 0 7e+15 0 0 17217.1 17217.1 17217.1 17217.1 
8 2.08695 -0.51305 0 0 -4.65695 4.24976e-06 4.1292e+17 0.01 0.01 8.01156e-23 0.00066157 -76037.8 0 0 0 0 0 0 0 0 0 7e+15 0 0 18678.5 18678.5 18678.5 18678.5 
8.5 2.08322 -0.51678 0 0 -4.65322 4.90855e-06 3.86507e+17 0.01 0.01 8.01167e-23 0.000619253 -73311.8 0 0 0 0 0 0 0 0 0 7e+15 0 0 20194.1 20194.1 20194.1 20194.1 
9 2.07962 -0.520381 0 0 -4.64962 5.64151e-06 3.62467e+17 0.01 0.01 8.01179e-23 0.000580736 -70892.1 0 0 0 0 0 0 0 0 0 7e+15 0 0 21765.9 21765.9 21765.9 21765.9 
9.5 2.07613 -0.523869 0 0 -4.64613 6.45537e-06 3.40492e+17 0.01 0.01 8.01192e-23 0.000545529 -68723.4 0 0 0 0 0 0 0 0 0 7e+15 0 0 23396 23396 23396 23396 
10 2.07275 -0.527254 0 0 -4.64275 7.35735e-06 3.20332e+17 0.01 0.01 8.01206e-23 0.000513229 -66761.5 0 0 0 0 0 0 0 0 0 7e+15 0 0 25086.2 25086.2 25086.2 25086.2 
10.5 2.06946 -0.530545 0 0 -4.63946 8.35513e-06 3.01777e+17 0.01 0.01 8.01222e-23 0.000483501 -64971 0 0 0 0 0 0 0 0 0 7e+15 0 0 26838.1 26838.1 26838.1 26838.1 
11 2.06625 -0.533751 0 0 -4.63625 9.45686e-06 2.84653e+17 0.01 0.01 8.0124e-23 0.000456064 -63323.4 0 0 0 0 0 0 0 0 0 7e+15 0 0 28653.3 28653.3 28653.3 28653.3 
11.5 2.06312 -0.536877 0 0 -4.63312 1.06712e-05 2.68811e+17 0.01 0.01 8.01259e-23 0.000430682 -61795.6 0 0 0 0 0 0 0 0 0 7e+15 0 0 30533.1 30533.1 30533.1 30533.1 
12 2.06007 -0.53993 0 0 -4.63007 1.20072e-05 2.54123e+17 0.01 0.01 8.01281e-23 0.00040715 -60369.1 0 0 0 0 0 0 0 0 0 7e+15 0 0 32478.6 32478.6 32478.6 32478.6 
12.5 2.05709 -0.542914 0 0 -4.62709 1.34744e-05 2.4048e+17 0.01 0.01 8.01304e-23 0.000385291 -59028.5 0 0 0 0 0 0 0 0 0 7e+15 0 0 34490.7 34490.7 34490.7 34490.7 
13 2.05417 -0.545833 0 0 -4.62417 1.5083e-05 2.27786e+17 0.01 0.01 8.0133e-23 0.000364954 -57761.5 0 0 0 0 0 0 0 0 0 7e+15 0 0 36570.2 36570.2 36570.2 36570.2 
13.5 2.05131 -0.54869 0 0 -4.62131 1.68434e-05 2.15958e+17 0.01 0.01 8.01358e-23 0.000346003 -56557.9 0 0 0 0 0 0 0 0 0 7e+15 0 0 38717.9 38717.9 38717.9 38717.9 
14 2.04851 -0.551489 0 0 -4.61851 1.87666e-05 2.04922e+17 0.01 0.01 8.01389e-23 0.000328321 -55409.2 0 0 0 0 0 0 0 0 0 7e+15 0 0 40934.1 40934.1 40934.1 40934.1 
14.5 2.04577 -0.554231 0 0 -4.61577 2.0864e-05 1.94611e+17 0.01 0.01 8.01423e-23 0.000311801 -54308.6 0 0 0 0 0 0 0 0 0 7e+15 0 0 43219.2 43219.2 43219.2 43219.2 
15 2.04308 -0.55692 0 0 -4.61308 2.31476e-05 1.84967e+17 0.01 0.01 8.01459e-23 0.000296349 -53250.3 0 0 0 0 0 0 0 0 0 7e+15 0 0 45573.5 45573.5 45573.5 45573.5 
15.5 2.04044 -0.559556 0 0 -4.61044 2.56296e-05 1.75938e+17 0.01 0.01 8.01499e-23 0.000281883 -52229.5 0 0 0 0 0 0 0 0 0 7e+15 0 0 47996.8 47996.8 47996.8 47996.8 
16 2.03786 -0.562143 0 0 -4.60786 2.83227e-05 1.67475e+17 0.01 0.01 8.01542e-23 0.000268325 -51242.3 0 0 0 0 0 0 0 0 0 7e+15 0 0 50489.2 50489.2 50489.2 50489.2 
16.5 2.03532 -0.564681 0 0 -4.60532 3.12402e-05 1.59538e+17 0.01 0.01 8.01589e-23 0.000255607 -50285.4 0 0 0 0 0 0 0 0 0 7e+15 0 0 53050.4 53050.4 53050.4 53050.4 
17 2.03283 -0.567171 0 0 -4.60283 3.43954e-05 1.52085e+17 0.01 0.01 8.01639e-23 0.000243668 -49355.8 0 0 0 0 0 0 0 0 0 7e+15 0 0 55680.1 55680.1 55680.1 55680.1 
17.5 2.03038 -0.569616 0 0 -4.60038 3.78022e-05 1.45083e+17 0.01 0.01 8.01694e-23 0.000232449 -48451.4 0 0 0 0 0 0 0 0 0 7e+15 0 0 58377.7 58377.7 58377.7 58377.7 
18 2.02798 -0.572016 0 0 -4.59798 4.14749e-05 1.38499e+17 0.01 0.01 8.01753e-23 0.0002219 -47570.1 0 0 0 0 0 0 0 0 0 7e+15 0 0 61142.8 61142.8 61142.8 61142.8 
18.5 2.02563 -0.574373 0 0 -4.59563 4.54279e-05 1.32304e+17 0.01 0.01 8.01816e-23 0.000211974 -46710.2 0 0 0 0 0 0 0 0 0 7e+15 0 0 63974.5 63974.5 63974.5 63974.5 
19 2.02331 -0.576687 0 0 -4.59331 4.9676e-05 1.26469e+17 0.01 0.01 8.01884e-23 0.000202626 -45870.2 0 0 0 0 0 0 0 0 0 7e+15 0 0 66872.1 66872.1 66872.1 66872.1 
19.5 2.02104 -0.57896 0 0 -4.59104 5.42343e-05 1.20972e+17 0.01 0.01 8.01957e-23 0.000193818 -45049.1 0 0 0 0 0 0 0 0 0 7e+15 0 0 69834.7 69834.7 69834.7 69834.7 
20 2.01881 -0.581192 0 0 -4.58881 5.9118e-05 1.15788e+17 0.01 0.01 8.02035e-23 0.000185513 -44245.5 0 0 0 0 0 0 0 0 0 7e+15 0 0 72861.2 72861.2 72861.2 72861.2 
20.5 2.01662 -0.583385 0 0 -4.58662 6.43424e-05 1.10897e+17 0.01 0.01 8.02119e-23 0.000177677 -43458.8 0 0 0 0 0 0 0 0 0 7e+15 0 0 75950.7 75950.7 75950.7 75950.7 
21 2.01446 -0.585538 0 0 -4.58446 6.99233e-05 1.0628e+17 0.01 0.01 8.02209e-23 0.000170279 -42688.1 0 0 0 0 0 0 0 0 0 7e+15 0 0 79101.8 79101.8 79101.8 79101.8 
21.5 2.01235 -0.587654 0 0 -4.58235 7.58763e-05 1.01918e+17 0.01 0.01 8.02304e-23 0.000163291 -41932.6 0 0 0 0 0 0 0 0 0 7e+15 0 0 82313.4 82313.4 82313.4 82313.4 
22 2.01027 -0.589731 0 0 -4.58027 8.22171e-05 9.77953e+16 0.01 0.01 8.02406e-23 0.000156685 -41191.9 0 0 0 0 0 0 0 0 0 7e+15 0 0 85584 85584 85584 85584 
22.5 2.00823 -0.591773 0 0 -4.57823 8.89616e-05 9.38961e+16 0.01 0.01 8.02514e-23 0.000150438 -40465.3 0 0 0 0 0 0 0 0 0 7e+15 0 0 88912.4 88912.4 88912.4 88912.4 
23 2.00622 -0.593778 0 0 -4.57622 9.61255e-05 9.02062e+16 0.01 0.01 8.02628e-23 0.000144526 -39752.3 0 0 0 0 0 0 0 0 0 7e+15 0 0 92297.1 92297.1 92297.1 92297.1 
23.5 2.00425 -0.595748 0 0 -4.57425 0.000103725 8.67126e+16 0.01 0.01 8.0275e-23 0.000138929 -39052.7 0 0 0 0 0 0 0 0 0 7e+15 0 0 95736.5 95736.5 95736.5 95736.5 
24 2.00232 -0.597683 0 0 -4.57232 0.000111775 8.3403e+16 0.01 0.01 8.02879e-23 0.000133626 -38365.9 0 0 0 0 0 0 0 0 0 7e+15 0 0 99229 99229 99229 99229 
24.5 2.00042 -0.599585 0 0 -4.57042 0.000120291 8.02661e+16 0.01 0.01 8.03016e-23 0.0001286 -37691.7 0 0 0 0 0 0 0 0 0 7e+15 0 0 102773 102773 102773 102773 
25 1.99855 -0.601452 0 0 -4.56855 0.00012929 7.72911e+16 0.01 0.01 8.0316e-23 0.000123834 -37029.7 0 0 0 0 0 0 0 0 0 7e+15 0 0 106367 106367 106367 106367 
25.5 1.99671 -0.603288 0 0 -4.56671 0.000138785 7.44684e+16 0.01 0.01 8.03312e-23 0.000119312 -36379.7 0 0 0 0 0 0 0 0 0 7e+15 0 0 110009 110009 110009 110009 
26 1.99491 -0.60509 0 0 -4.56491 0.000148793 7.17887e+16 0.01 0.01 8.03472e-23 0.000115018 -35741.3 0 0 0 0 0 0 0 0 0 7e+15 0 0 113698 113698 113698 113698 
26.5 1.99314 -0.606862 0 0 -4.56314 0.000159327 6.92435e+16 0.01 0.01 8.03641e-23 0.00011094 -35114.4 0 0 0 0 0 0 0 0 0 7e+15 0 0 117431 117431 117431 117431 
27 1.9914 -0.608602 0 0 -4.5614 0.000170403 6.68248e+16 0.01 0.01 8.03818e-23 0.000107065 -34498.7 0 0 0 0 0 0 0 0 0 7e+15 0 0 121207 121207 121207 121207 
27.5 1.98969 -0.610312 0 0 -4.55969 0.000182034 6.45253e+16 0.01 0.01 8.04005e-23 0.000103381 -33894 0 0 0 0 0 0 0 0 0 7e+15 0 0 125024 125024 125024 125024 
28 1.98801 -0.611991 0 0 -4.55801 0.000194233 6.23379e+16 0.01 0.01 8.042e-23 9.98763e-05 -33300 0 0 0 0 0 0 0 0 0 7e+15 0 0 128881 128881 128881 128881 
28.5 1.98636 -0.613642 0 0 -4.55636 0.000207014 6.02561e+16 0.01 0.01 8.04405e-23 9.6541e-05 -32716.6 0 0 0 0 0 0 0 0 0 7e+15 0 0 132774 132774 132774 132774 
29 1.98474 -0.615263 0 0 -4.55474 0.00022039 5.82741e+16 0.01 0.01 8.04619e-23 9.33653e-05 -32143.7 0 0 0 0 0 0 0 0 0 7e+15 0 0 136704 136704 136704 136704 
29.5 1.98314 -0.616856 0 0 -4.55314 0.000234373 5.63859e+16 0.01 0.01 8.04843e-23 9.03402e-05 -31580.9 0 0 0 0 0 0 0 0 0 7e+15 0 0 140667 140667 140667 140667 
30 1.98158 -0.618421 0 0 -4.55158 0.000248975 5.45865e+16 0.01 0.01 8.05077e-23 8.74572e-05 -31028.2 0 0 0 0 0 0 0 0 0 7e+15 0 0 144662 144662 144662 144662 
30.5 1.98004 -0.619959 0 0 -4.55004 0.000264207 5.28708e+16 0.01 0.01 8.05321e-23 8.47083e-05 -30485.3 0 0 0 0 0 0 0 0 0 7e+15 0 0 148687 148687 148687 148687 
31 1.97853 -0.62147 0 0 -4.54853 0.000280079 5.12341e+16 0.01 0.01 8.05576e-23 8.20861e-05 -29952.2 0 0 0 0 0 0 0 0 0 7e+15 0 0 152740 152740 152740 152740 
31.5 1.97705 -0.622954 0 0 -4.54705 0.000296602 4.96721e+16 0.01 0.01 8.0584e-23 7.95835e-05 -29428.5 0 0 0 0 0 0 0 0 0 7e+15 0 0 156819 156819 156819 156819 
32 1.97559 -0.624412 0 0 -4.54559 0.000313785 4.81808e+16 0.01 0.01 8.06116e-23 7.71942e-05 -28914.3 0 0 0 0 0 0 0 0 0 7e+15 0 0 160923 160923 160923 160923 
32.5 1.97415 -0.625845 0 0 -4.54415 0.000331637 4.67563e+16 0.01 0.01 8.06402e-23 7.49119e-05 -28409.3 0 0 0 0 0 0 0 0 0 7e+15 0 0 165050 165050 165050 165050 
33 1.97275 -0.627253 0 0 -4.54275 0.000350165 4.53951e+16 0.01 0.01 8.06699e-23 7.27309e-05 -27913.3 0 0 0 0 0 0 0 0 0 7e+15 0 0 169198 169198 169198 169198 
33.5 1.97136 -0.628637 0 0 -4.54136 0.000369378 4.40937e+16 0.01 0.01 8.07006e-23 7.06458e-05 -27426.3 0 0 0 0 0 0 0 0 0 7e+15 0 0 173364 173364 173364 173364 
34 1.97 -0.629996 0 0 -4.54 0.000389282 4.28489e+16 0.01 0.01 8.07325e-23 6.86516e-05 -26948 0 0 0 0 0 0 0 0 0 7e+15 0 0 177549 177549 177549 177549 
34.5 1.96867 -0.631332 0 0 -4.53867 0.000409883 4.16579e+16 0.01 0.01 8.07655e-23 6.67434e-05 -26478.4 0 0 0 0 0 0 0 0 0 7e+15 0 0 181748 181748 181748 181748 
35 1.96736 -0.632644 0 0 -4.53736 0.000431187 4.05178e+16 0.01 0.01 8.07997e-23 6.49167e-05 -26017.3 0 0 0 0 0 0 0 0 0 7e+15 0 0 185962 185962 185962 185962 
35.5 1.96607 -0.633933 0 0 -4.53607 0.000453197 3.94261e+16 0.01 0.01 8.08349e-23 6.31675e-05 -25564.4 0 0 0 0 0 0 0 0 0 7e+15 0 0 190188 190188 190188 190188 
36 1.9648 -0.6352 0 0 -4.5348 0.000475918 3.83801e+16 0.01 0.01 8.08713e-23 6.14917e-05 -25119.8 0 0 0 0 0 0 0 0 0 7e+15 0 0 194425 194425 194425 194425 
36.5 1.96355 -0.636445 0 0 -4.53355 0.000499353 3.73776e+16 0.01 0.01 8.09089e-23 5.98855e-05 -24683.3 0 0 0 0 0 0 0 0 0 7e+15 0 0 198670 198670 198670 198670 
37 1.96233 -0.637669 0 0 -4.53233 0.000523505 3.64165e+16 0.01 0.01 8.09476e-23 5.83456e-05 -24254.6 0 0 0 0 0 0 0 0 0 7e+15 0 0 202923 202923 202923 202923 
37.5 1.96113 -0.638871 0 0 -4.53113 0.000548375 3.54945e+16 0.01 0.01 8.09874e-23 5.68685e-05 -23833.8 0 0 0 0 0 0 0 0 0 7e+15 0 0 207182 207182 207182 207182 
38 1.95995 -0.640052 0 0 -4.52995 0.000573963 3.46099e+16 0.01 0.01 8.10284e-23 5.54511e-05 -23420.6 0 0 0 0 0 0 0 0 0 7e+15 0 0 211445 211445 211445 211445 
38.5 1.95879 -0.641213 0 0 -4.52879 0.000600271 3.37607e+16 0.01 0.01 8.10706e-23 5.40906e-05 -23014.9 0 0 0 0 0 0 0 0 0 7e+15 0 0 215711 215711 215711 215711 
39 1.95765 -0.642353 0 0 -4.52765 0.000627298 3.29452e+16 0.01 0.01 8.11139e-23 5.27841e-05 -22616.6 0 0 0 0 0 0 0 0 0 7e+15 0 0 219978 219978 219978 219978 
39.5 1.95653 -0.643474 0 0 -4.52653 0.000655041 3.21619e+16 0.01 0.01 8.11583e-23 5.1529e-05 -22225.6 0 0 0 0 0 0 0 0 0 7e+15 0 0 224245 224245 224245 224245 
40 1.95542 -0.644576 0 0 -4.52542 0.0006835 3.1409e+16 0.01 0.01 8.12039e-23 5.03228e-05 -21841.7 0 0 0 0 0 0 0 0 0 7e+15 0 0 228511 228511 228511 228511 
40.5 1.95434 -0.645659 0 0 -4.52434 0.000712672 3.06853e+16 0.01 0.01 8.12507e-23 4.91633e-05 -21464.8 0 0 0 0 0 0 0 0 0 7e+15 0 0 232773 232773 232773 232773 
41 1.95328 -0.646722 0 0 -4.52328 0.000742553 2.99893e+16 0.01 0.01 8.12985e-23 4.80482e-05 -21094.8 0 0 0 0 0 0 0 0 0 7e+15 0 0 237032 237032 237032 237032 
41.5 1.95223 -0.647768 0 0 -4.52223 0.000773139 2.93197e+16 0.01 0.01 8.13475e-23 4.69754e-05 -20731.5 0 0 0 0 0 0 0 0 0 7e+15 0 0 241285 241285 241285 241285 
42 1.9512 -0.648796 0 0 -4.5212 0.000804426 2.86754e+16 0.01 0.01 8.13977e-23 4.5943e-05 -20374.9 0 0 0 0 0 0 0 0 0 7e+15 0 0 245532 245532 245532 245532 
42.5 1.95019 -0.649806 0 0 -4.52019 0.000836408 2.8055e+16 0.01 0.01 8.14489e-23 4.4949e-05 -20024.8 0 0 0 0 0 0 0 0 0 7e+15 0 0 249770 249770 249770 249770 
43 1.9492 -0.650798 0 0 -4.5192 0.000869079 2.74575e+16 0.01 0.01 8.15012e-23 4.39918e-05 -19681.1 0 0 0 0 0 0 0 0 0 7e+15 0 0 254000 254000 254000 254000 
43.5 1.94823 -0.651774 0 0 -4.51823 0.000902432 2.6882e+16 0.01 0.01 8.15547e-23 4.30697e-05 -19343.6 0 0 0 0 0 0 0 0 0 7e+15 0 0 258219 258219 258219 258219 
44 1.94727 -0.652732 0 0 -4.51727 0.000936461 2.63273e+16 0.01 0.01 8.16092e-23 4.2181e-05 -19012.4 0 0 0 0 0 0 0 0 0 7e+15 0 0 262427 262427 262427 262427 
44.5 1.94633 -0.653675 0 0 -4.51633 0.000971157 2.57926e+16 0.01 0.01 8.16648e-23 4.13244e-05 -18687.1 0 0 0 0 0 0 0 0 0 7e+15 0 0 266623 266623 266623 266623 
45 1.9454 -0.654601 0 0 -4.5154 0.00100651 2.5277e+16 0.01 0.01 8.17214e-23 4.04982e-05 -18367.8 0 0 0 0 0 0 0 0 0 7e+15 0 0 270805 270805 270805 270805 
45.5 1.94449 -0.655512 0 0 -4.51449 0.00104252 2.47796e+16 0.01 0.01 8.17791e-23 3.97014e-05 -18054.4 0 0 0 0 0 0 0 0 0 7e+15 0 0 274973 274973 274973 274973 
46 1.94359 -0.656407 0 0 -4.51359 0.00107916 2.42997e+16 0.01 0.01 8.18378e-23 3.89324e-05 -17746.7 0 0 0 0 0 0 0 0 0 7e+15 0 0 279126 279126 279126 279126 
46.5 1.94271 -0.657286 0 0 -4.51271 0.00111644 2.38365e+16 0.01 0.01 8.18976e-23 3.81902e-05 -17444.5 0 0 0 0 0 0 0 0 0 7e+15 0 0 283262 283262 283262 283262 
47 1.94185 -0.658151 0 0 -4.51185 0.00115433 2.33892e+16 0.01 0.01 8.19583e-23 3.74736e-05 -17147.9 0 0 0 0 0 0 0 0 0 7e+15 0 0 287382 287382 287382 287382 
47.5 1.941 -0.659001 0 0 -4.511 0.00119284 2.29572e+16 0.01 0.01 8.202e-23 3.67814e-05 -16856.7 0 0 0 0 0 0 0 0 0 7e+15 0 0 291483 291483 291483 291483 
48 1.94016 -0.659837 0 0 -4.51016 0.00123194 2.25398e+16 0.01 0.01 8.20826e-23 3.61128e-05 -16570.8 0 0 0 0 0 0 0 0 0 7e+15 0 0 295565 295565 295565 295565 
48.5 1.93934 -0.660658 0 0 -4.50934 0.00127163 2.21365e+16 0.01 0.01 8.21462e-23 3.54665e-05 -16290.1 0 0 0 0 0 0 0 0 0 7e+15 0 0 299628 299628 299628 299628 
49 1.93853 -0.661466 0 0 -4.50853 0.00131189 2.17466e+16 0.01 0.01 8.22107e-23 3.48419e-05 -16014.5 0 0 0 0 0 0 0 0 0 7e+15 0 0 303671 303671 303671 303671 
49.5 1.93774 -0.66226 0 0 -4.50774 0.00135272 2.13696e+16 0.01 0.01 8.22761e-23 3.42378e-05 -15743.9 0 0 0 0 0 0 0 0 0 7e+15 0 0 307692 307692 307692 307692 
50 1.93696 -0.66304 0 0 -4.50696 0.00139409 2.10049e+16 0.01 0.01 8.23424e-23 3.36536e-05 -15478.3 0 0 0 0 0 0 0 0 0 7e+15 0 0 311692 311692 311692 311692 
50.5 1.93619 -0.663807 0 0 -4.50619 0.001436 2.06521e+16 0.01 0.01 8.24096e-23 3.30883e-05 -15217.4 0 0 0 0 0 0 0 0 0 7e+15 0 0 315669 315669 315669 315669 
51 1.93544 -0.664562 0 0 -4.50544 0.00147843 2.03107e+16 0.01 0.01 8.24775e-23 3.25413e-05 -14961.3 0 0 0 0 0 0 0 0 0 7e+15 0 0 319623 319623 319623 319623 
51.5 1.9347 -0.665304 0 0 -4.5047 0.00152137 1.99802e+16 0.01 0.01 8.25463e-23 3.20118e-05 -14709.8 0 0 0 0 0 0 0 0 0 7e+15 0 0 323554 323554 323554 323554 
52 1.93397 -0.666033 0 0 -4.50397 0.0015648 1.96602e+16 0.01 0.01 8.26159e-23 3.1499e-05 -14462.9 0 0 0 0 0 0 0 0 0 7e+15 0 0 327460 327460 327460 327460 
52.5 1.93325 -0.66675 0 0 -4.50325 0.00160871 1.93502e+16 0.01 0.01 8.26863e-23 3.10024e-05 -14220.4 0 0 0 0 0 0 0 0 0 7e+15 0 0 331342 331342 331342 331342 
53 1.93255 -0.667455 0 0 -4.50255 0.00165309 1.90499e+16 0.01 0.01 8.27574e-23 3.05213e-05 -13982.3 0 0 0 0 0 0 0 0 0 7e+15 0 0 335199 335199 335199 335199 
53.5 1.93185 -0.668148 0 0 -4.50185 0.00169792 1.87589e+16 0.01 0.01 8.28292e-23 3.00551e-05 -13748.5 0 0 0 0 0 0 0 0 0 7e+15 0 0 339030 339030 339030 339030 
54 1.93117 -0.66883 0 0 -4.50117 0.00174318 1.84769e+16 0.01 0.01 8.29017e-23 2.96032e-05 -13518.9 0 0 0 0 0 0 0 0 0 7e+15 0 0 342834 342834 342834 342834 
54.5 1.9305 -0.6695 0 0 -4.5005 0.00178887 1.82035e+16 0.01 0.01 8.29749e-23 2.91651e-05 -13293.5 0 0 0 0 0 0 0 0 0 7e+15 0 0 346613 346613 346613 346613 
55 1.92984 -0.670159 0 0 -4.49984 0.00183496 1.79383e+16 0.01 0.01 8.30487e-23 2.87403e-05 -13072.1 0 0 0 0 0 0 0 0 0 7e+15 0 0 350364 350364 350364 350364 
55.5 1.92919 -0.670807 0 0 -4.49919 0.00188144 1.76811e+16 0.01 0.01 8.31232e-23 2.83282e-05 -12854.6 0 0 0 0 0 0 0 0 0 7e+15 0 0 354087 354087 354087 354087 
56 1.92856 -0.671445 0 0 -4.49856 0.00192829 1.74315e+16 0.01 0.01 8.31983e-23 2.79284e-05 -12641.1 0 0 0 0 0 0 0 0 0 7e+15 0 0 357784 357784 357784 357784 
56.5 1.92793 -0.672071 0 0 -4.49793 0.00197551 1.71893e+16 0.01 0.01 8.32739e-23 2.75403e-05 -12431.4 0 0 0 0 0 0 0 0 0 7e+15 0 0 361452 361452 361452 361452 
57 1.92731 -0.672688 0 0 -4.49731 0.00202307 1.69543e+16 0.01 0.01 8.33501e-23 2.71637e-05 -12225.4 0 0 0 0 0 0 0 0 0 7e+15 0 0 365091 365091 365091 365091 
57.5 1.92671 -0.673294 0 0 -4.49671 0.00207095 1.6726e+16 0.01 0.01 8.34269e-23 2.6798e-05 -12023.1 0 0 0 0 0 0 0 0 0 7e+15 0 0 368702 368702 368702 368702 
58 1.92611 -0.67389 0 0 -4.49611 0.00211915 1.65044e+16 0.01 0.01 8.35041e-23 2.6443e-05 -11824.4 0 0 0 0 0 0 0 0 0 7e+15 0 0 372285 372285 372285 372285 
58.5 1.92552 -0.674476 0 0 -4.49552 0.00216765 1.62891e+16 0.01 0.01 8.35818e-23 2.6098e-05 -11629.3 0 0 0 0 0 0 0 0 0 7e+15 0 0 375838 375838 375838 375838 
59 1.92495 -0.675053 0 0 -4.49495 0.00221643 1.608e+16 0.01 0.01 8.36599e-23 2.5763e-05 -11437.6 0 0 0 0 0 0 0 0 0 7e+15 0 0 379361 379361 379361 379361 
59.5 1.92438 -0.67562 0 0 -4.49438 0.00226548 1.58767e+16 0.01 0.01 8.37385e-23 2.54373e-05 -11249.3 0 0 0 0 0 0 0 0 0 7e+15 0 0 382855 382855 382855 382855 
60 1.92382 -0.676178 0 0 -4.49382 0.00231478 1.56792e+16 0.01 0.01 8.38175e-23 2.51209e-05 -11064.3 0 0 0 0 0 0 0 0 0 7e+15 0 0 386320 386320 386320 386320 
60.5 1.92327 -0.676727 0 0 -4.49327 0.00236432 1.54872e+16 0.01 0.01 8.38969e-23 2.48132e-05 -10882.7 0 0 0 0 0 0 0 0 0 7e+15 0 0 389754 389754 389754 389754 
61 1.92273 -0.677266 0 0 -4.49273 0.00241407 1.53005e+16 0.01 0.01 8.39766e-23 2.4514e-05 -10704.2 0 0 0 0 0 0 0 0 0 7e+15 0 0 393159 393159 393159 393159 
61.5 1.9222 -0.677797 0 0 -4.4922 0.00246404 1.51189e+16 0.01 0.01 8.40566e-23 2.42231e-05 -10528.9 0 0 0 0 0 0 0 0 0 7e+15 0 0 396533 396533 396533 396533 
62 1.92168 -0.678319 0 0 -4.49168 0.00251419 1.49422e+16 0.01 0.01 8.4137e-23 2.39401e-05 -10356.7 0 0 0 0 0 0 0 0 0 7e+15 0 0 399877 399877 399877 399877 
62.5 1.92117 -0.678833 0 0 -4.49117 0.00256452 1.47704e+16 0.01 0.01 8.42176e-23 2.36648e-05 -10187.5 0 0 0 0 0 0 0 0 0 7e+15 0 0 403190 403190 403190 403190 
63 1.92066 -0.679338 0 0 -4.49066 0.00261501 1.46032e+16 0.01 0.01 8.42985e-23 2.33968e-05 -10021.3 0 0 0 0 0 0 0 0 0 7e+15 0 0 406474 406474 406474 406474 
63.5 1.92017 -0.679835 0 0 -4.49017 0.00266564 1.44404e+16 0.01 0.01 8.43797e-23 2.31361e-05 -9857.95 0 0 0 0 0 0 0 0 0 7e+15 0 0 409726 409726 409726 409726 
64 1.91968 -0.680324 0 0 -4.48968 0.00271641 1.4282e+16 0.01 0.01 8.4461e-23 2.28822e-05 -9697.5 0 0 0 0 0 0 0 0 0 7e+15 0 0 412948 412948 412948 412948 
64.5 1.9192 -0.680804 0 0 -4.4892 0.00276729 1.41277e+16 0.01 0.01 8.45425e-23 2.26351e-05 -9539.86 0 0 0 0 0 0 0 0 0 7e+15 0 0 416140 416140 416140 416140 
65 1.91872 -0.681278 0 0 -4.48872 0.00281828 1.39775e+16 0.01 0.01 8.46242e-23 2.23944e-05 -9384.96 0 0 0 0 0 0 0 0 0 7e+15 0 0 419300 419300 419300 419300 
65.5 1.91826 -0.681743 0 0 -4.48826 0.00286936 1.38312e+16 0.01 0.01 8.4706e-23 2.21599e-05 -9232.77 0 0 0 0 0 0 0 0 0 7e+15 0 0 422431 422431 422431 422431 
66 1.9178 -0.682201 0 0 -4.4878 0.00292051 1.36886e+16 0.01 0.01 8.4788e-23 2.19316e-05 -9083.23 0 0 0 0 0 0 0 0 0 7e+15 0 0 425530 425530 425530 425530 
66.5 1.91735 -0.682651 0 0 -4.48735 0.00297172 1.35497e+16 0.01 0.01 8.487e-23 2.17091e-05 -8936.28 0 0 0 0 0 0 0 0 0 7e+15 0 0 428599 428599 428599 428599 
67 1.91691 -0.683094 0 0 -4.48691 0.00302298 1.34144e+16 0.01 0.01 8.49522e-23 2.14922e-05 -8791.88 0 0 0 0 0 0 0 0 0 7e+15 0 0 431637 431637 431637 431637 
67.5 1.91647 -0.68353 0 0 -4.48647 0.00307428 1.32825e+16 0.01 0.01 8.50344e-23 2.12809e-05 -8649.99 0 0 0 0 0 0 0 0 0 7e+15 0 0 434645 434645 434645 434645 
68 1.91604 -0.683959 0 0 -4.48604 0.00312559 1.31539e+16 0.01 0.01 8.51166e-23 2.10749e-05 -8510.54 0 0 0 0 0 0 0 0 0 7e+15 0 0 437622 437622 437622 437622 
68.5 1.91562 -0.684382 0 0 -4.48562 0.00317692 1.30285e+16 0.01 0.01 8.51988e-23 2.0874e-05 -8373.51 0 0 0 0 0 0 0 0 0 7e+15 0 0 440569 440569 440569 440569 
69 1.9152 -0.684797 0 0 -4.4852 0.00322824 1.29063e+16 0.01 0.01 8.5281e-23 2.06781e-05 -8238.84 0 0 0 0 0 0 0 0 0 7e+15 0 0 443486 443486 443486 443486 
69.5 1.91479 -0.685205 0 0 -4.48479 0.00327955 1.2787e+16 0.01 0.01 8.53632e-23 2.04871e-05 -8106.48 0 0 0 0 0 0 0 0 0 7e+15 0 0 446372 446372 446372 446372 
70 1.91439 -0.685607 0 0 -4.48439 0.00333083 1.26707e+16 0.01 0.01 8.54454e-23 2.03007e-05 -7976.4 0 0 0 0 0 0 0 0 0 7e+15 0 0 449228 449228 449228 449228 
70.5 1.914 -0.686003 0 0 -4.484 0.00338206 1.25573e+16 0.01 0.01 8.55275e-23 2.0119e-05 -7848.55 0 0 0 0 0 0 0 0 0 7e+15 0 0 452053 452053 452053 452053 
71 1.91361 -0.686392 0 0 -4.48361 0.00343325 1.24466e+16 0.01 0.01 8.56095e-23 1.99416e-05 -7722.89 0 0 0 0 0 0 0 0 0 7e+15 0 0 454849 454849 454849 454849 
71.5 1.91322 -0.686775 0 0 -4.48322 0.00348437 1.23385e+16 0.01 0.01 8.56914e-23 1.97685e-05 -7599.38 0 0 0 0 0 0 0 0 0 7e+15 0 0 457615 457615 457615 457615 
72 1.91285 -0.687152 0 0 -4.48285 0.00353542 1.22331e+16 0.01 0.01 8.57732e-23 1.95995e-05 -7477.98 0 0 0 0 0 0 0 0 0 7e+15 0 0 460351 460351 460351 460351 
72.5 1.91248 -0.687523 0 0 -4.48248 0.00358639 1.21301e+16 0.01 0.01 8.58548e-23 1.94346e-05 -7358.65 0 0 0 0 0 0 0 0 0 7e+15 0 0 463057 463057 463057 463057 
73 1.91211 -0.687888 0 0 -4.48211 0.00363725 1.20296e+16 0.01 0.01 8.59363e-23 1.92736e-05 -7241.35 0 0 0 0 0 0 0 0 0 7e+15 0 0 465734 465734 465734 465734 
73.5 1.91175 -0.688247 0 0 -4.48175 0.00368802 1.19315e+16 0.01 0.01 8.60177e-23 1.91163e-05 -7126.04 0 0 0 0 0 0 0 0 0 7e+15 0 0 468382 468382 468382 468382 
74 1.9114 -0.688601 0 0 -4.4814 0.00373866 1.18357e+16 0.01 0.01 8.60988e-23 1.89628e-05 -7012.69 0 0 0 0 0 0 0 0 0 7e+15 0 0 471000 471000 471000 471000 
74.5 1.91105 -0.688949 0 0 -4.48105 0.00378918 1.17421e+16 0.01 0.01 8.61798e-23 1.88128e-05 -6901.27 0 0 0 0 0 0 0 0 0 7e+15 0 0 473589 473589 473589 473589 
75 1.91071 -0.689291 0 0 -4.48071 0.00383956 1.16506e+16 0.01 0.01 8.62605e-23 1.86664e-05 -6791.72 0 0 0 0 0 0 0 0 0 7e+15 0 0 476150 476150 476150 476150 
75.5 1.91037 -0.689628 0 0 -4.48037 0.0038898 1.15613e+16 0.01 0.01 8.6341e-23 1.85232e-05 -6684.03 0 0 0 0 0 0 0 0 0 7e+15 0 0 478681 478681 478681 478681 
76 1.91004 -0.689959 0 0 -4.48004 0.00393988 1.1474e+16 0.01 0.01 8.64212e-23 1.83834e-05 -6578.16 0 0 0 0 0 0 0 0 0 7e+15 0 0 481184 481184 481184 481184 
76.5 1.90971 -0.690286 0 0 -4.47971 0.0039898 1.13887e+16 0.01 0.01 8.65012e-23 1.82468e-05 -6474.07 0 0 0 0 0 0 0 0 0 7e+15 0 0 483659 483659 483659 483659 
77 1.90939 -0.690607 0 0 -4.47939 0.00403955 1.13054e+16 0.01 0.01 8.65809e-23 1.81132e-05 -6371.73 0 0 0 0 0 0 0 0 0 7e+15 0 0 486105 486105 486105 486105 
77.5 1.90908 -0.690923 0 0 -4.47908 0.00408911 1.12239e+16 0.01 0.01 8.66603e-23 1.79827e-05 -6271.1 0 0 0 0 0 0 0 0 0 7e+15 0 0 488523 488523 488523 488523 
78 1.90877 -0.691234 0 0 -4.47877 0.00413849 1.11442e+16 0.01 0.01 8.67394e-23 1.7855e-05 -6172.17 0 0 0 0 0 0 0 0 0 7e+15 0 0 490914 490914 490914 490914 
78.5 1.90846 -0.69154 0 0 -4.47846 0.00418767 1.10664e+16 0.01 0.01 8.68182e-23 1.77303e-05 -6074.89 0 0 0 0 0 0 0 0 0 7e+15 0 0 493276 493276 493276 493276 
79 1.90816 -0.691841 0 0 -4.47816 0.00423665 1.09902e+16 0.01 0.01 8.68967e-23 1.76083e-05 -5979.24 0 0 0 0 0 0 0 0 0 7e+15 0 0 495612 495612 495612 495612 
79.5 1.90786 -0.692138 0 0 -4.47786 0.00428541 1.09158e+16 0.01 0.01 8.69748e-23 1.7489e-05 -5885.19 0 0 0 0 0 0 0 0 0 7e+15 0 0 497920 497920 497920 497920 
80 1.90757 -0.69243 0 0 -4.47757 0.00433396 1.08429e+16 0.01 0.01 8.70526e-23 1.73723e-05 -5792.71 0 0 0 0 0 0 0 0 0 7e+15 0 0 500200 500200 500200 500200 
80.5 1.90728 -0.692717 0 0 -4.47728 0.00438228 1.07717e+16 0.01 0.01 8.713e-23 1.72582e-05 -5701.76 0 0 0 0 0 0 0 0 0 7e+15 0 0 502454 502454 502454 502454 
81 1.907 -0.693 0 0 -4.477 0.00443037 1.0702e+16 0.01 0.01 8.72071e-23 1.71465e-05 -5612.33 0 0 0 0 0 0 0 0 0 7e+15 0 0 504682 504682 504682 504682 
81.5 1.90672 -0.693278 0 0 -4.47672 0.00447822 1.06338e+16 0.01 0.01 8.72837e-23 1.70373e-05 -5524.38 0 0 0 0 0 0 0 0 0 7e+15 0 0 506882 506882 506882 506882 
82 1.90645 -0.693552 0 0 -4.47645 0.00452582 1.05671e+16 0.01 0.01 8.736e-23 1.69304e-05 -5437.89 0 0 0 0 0 0 0 0 0 7e+15 0 0 509057 509057 509057 509057 
82.5 1.90618 -0.693822 0 0 -4.47618 0.00457317 1.05018e+16 0.01 0.01 8.74359e-23 1.68258e-05 -5352.83 0 0 0 0 0 0 0 0 0 7e+15 0 0 511206 511206 511206 511206 
83 1.90591 -0.694088 0 0 -4.47591 0.00462027 1.04379e+16 0.01 0.01 8.75113e-23 1.67234e-05 -5269.18 0 0 0 0 0 0 0 0 0 7e+15 0 0 513328 513328 513328 513328 
83.5 1.90565 -0.694349 0 0 -4.47565 0.0046671 1.03754e+16 0.01 0.01 8.75863e-23 1.66232e-05 -5186.92 0 0 0 0 0 0 0 0 0 7e+15 0 0 515425 515425 515425 515425 
84 1.90539 -0.694606 0 0 -4.47539 0.00471367 1.03142e+16 0.01 0.01 8.7661e-23 1.65252e-05 -5106 0 0 0 0 0 0 0 0 0 7e+15 0 0 517497 517497 517497 517497 
84.5 1.90514 -0.69486 0 0 -4.47514 0.00475997 1.02543e+16 0.01 0.01 8.77351e-23 1.64292e-05 -5026.43 0 0 0 0 0 0 0 0 0 7e+15 0 0 519543 519543 519543 519543 
85 1.90489 -0.695109 0 0 -4.47489 0.00480598 1.01956e+16 0.01 0.01 8.78089e-23 1.63352e-05 -4948.16 0 0 0 0 0 0 0 0 0 7e+15 0 0 521565 521565 521565 521565 
85.5 1.90465 -0.695354 0 0 -4.47465 0.00485172 1.01382e+16 0.01 0.01 8.78821e-23 1.62431e-05 -4871.17 0 0 0 0 0 0 0 0 0 7e+15 0 0 523562 523562 523562 523562 
86 1.9044 -0.695596 0 0 -4.4744 0.00489717 1.00819e+16 0.01 0.01 8.7955e-23 1.6153e-05 -4795.45 0 0 0 0 0 0 0 0 0 7e+15 0 0 525534 525534 525534 525534 
86.5 1.90417 -0.695834 0 0 -4.47417 0.00494233 1.00268e+16 0.01 0.01 8.80273e-23 1.60647e-05 -4720.97 0 0 0 0 0 0 0 0 0 7e+15 0 0 527482 527482 527482 527482 
87 1.90393 -0.696068 0 0 -4.47393 0.00498719 9.97286e+15 0.01 0.01 8.80992e-23 1.59783e-05 -4647.71 0 0 0 0 0 0 0 0 0 7e+15 0 0 529406 529406 529406 529406 
87.5 1.9037 -0.696299 0 0 -4.4737 0.00503176 9.92e+15 0.01 0.01 8.81706e-23 1.58936e-05 -4575.65 0 0 0 0 0 0 0 0 0 7e+15 0 0 531306 531306 531306 531306 
88 1.90347 -0.696526 0 0 -4.47347 0.00507602 9.86823e+15 0.01 0.01 8.82415e-23 1.58106e-05 -4504.76 0 0 0 0 0 0 0 0 0 7e+15 0 0 533182 533182 533182 533182 
88.5 1.90325 -0.696749 0 0 -4.47325 0.00511998 9.8175e+15 0.01 0.01 8.83119e-23 1.57294e-05 -4435.03 0 0 0 0 0 0 0 0 0 7e+15 0 0 535035 535035 535035 535035 
89 1.90303 -0.696969 0 0 -4.47303 0.00516363 9.7678e+15 0.01 0.01 8.83819e-23 1.56497e-05 -4366.44 0 0 0 0 0 0 0 0 0 7e+15 0 0 536865 536865 536865 536865 
89.5 1.90281 -0.697186 0 0 -4.47281 0.00520697 9.7191e+15 0.01 0.01 8.84513e-23 1.55717e-05 -4298.96 0 0 0 0 0 0 0 0 0 7e+15 0 0 538672 538672 538672 538672 
90 1.9026 -0.697399 0 0 -4.4726 0.00525 9.67138e+15 0.01 0.01 8.85202e-23 1.54953e-05 -4232.58 0 0 0 0 0 0 0 0 0 7e+15 0 0 540456 540456 540456 540456 
90.5 1.90239 -0.697609 0 0 -4.47239 0.00529271 9.62461e+15 0.01 0.01 8.85887e-23 1.54203e-05 -4167.27 0 0 0 0 0 0 0 0 0 7e+15 0 0 542218 542218 542218 542218 
91 1.90218 -0.697816 0 0 -4.47218 0.0053351 9.57877e+15 0.01 0.01 8.86566e-23 1.53469e-05 -4103.03 0 0 0 0 0 0 0 0 0 7e+15 0 0 543957 543957 543957 543957 
91.5 1.90198 -0.698019 0 0 -4.47198 0.00537716 9.53383e+15 0.01 0.01 8.8724e-23 1.52749e-05 -4039.82 0 0 0 0 0 0 0 0 0 7e+15 0 0 545674 545674 545674 545674 
92 1.90178 -0.69822 0 0 -4.47178 0.00541891 9.48979e+15 0.01 0.01 8.87909e-23 1.52043e-05 -3977.64 0 0 0 0 0 0 0 0 0 7e+15 0 0 547370 547370 547370 547370 
92.5 1.90158 -0.698417 0 0 -4.47158 0.00546033 9.44661e+15 0.01 0.01 8.88572e-23 1.51351e-05 -3916.46 0 0 0 0 0 0 0 0 0 7e+15 0 0 549044 549044 549044 549044 
93 1.90139 -0.698612 0 0 -4.47139 0.00550142 9.40427e+15 0.01 0.01 8.89231e-23 1.50673e-05 -3856.27 0 0 0 0 0 0 0 0 0 7e+15 0 0 550696 550696 550696 550696 
93.5 1.9012 -0.698803 0 0 -4.4712 0.00554218 9.36276e+15 0.01 0.01 8.89884e-23 1.50008e-05 -3797.05 0 0 0 0 0 0 0 0 0 7e+15 0 0 552328 552328 552328 552328 
94 1.90101 -0.698991 0 0 -4.47101 0.00558261 9.32206e+15 0.01 0.01 8.90531e-23 1.49356e-05 -3738.79 0 0 0 0 0 0 0 0 0 7e+15 0 0 553938 553938 553938 553938 
94.5 1.90082 -0.699177 0 0 -4.47082 0.0056227 9.28214e+15 0.01 0.01 8.91174e-23 1.48716e-05 -3681.46 0 0 0 0 0 0 0 0 0 7e+15 0 0 555528 555528 555528 555528 
95 1.90064 -0.699359 0 0 -4.47064 0.00566247 9.24299e+15 0.01 0.01 8.91811e-23 1.48089e-05 -3625.05 0 0 0 0 0 0 0 0 0 7e+15 0 0 557098 557098 557098 557098 
95.5 1.90046 -0.699539 0 0 -4.47046 0.0057019 9.2046e+15 0.01 0.01 8.92443e-23 1.47474e-05 -3569.55 0 0 0 0 0 0 0 0 0 7e+15 0 0 558647 558647 558647 558647 
96 1.90028 -0.699716 0 0 -4.47028 0.005741 9.16694e+15 0.01 0.01 8.93069e-23 1.46871e-05 -3514.94 0 0 0 0 0 0 0 0 0 7e+15 0 0 560176 560176 560176 560176 
96.5 1.90011 -0.699891 0 0 -4.47011 0.00577975 9.13e+15 0.01 0.01 8.9369e-23 1.46279e-05 -3461.21 0 0 0 0 0 0 0 0 0 7e+15 0 0 561685 561685 561685 561685 
97 1.89994 -0.700062 0 0 -4.46994 0.00581818 9.09376e+15 0.01 0.01 8.94306e-23 1.45698e-05 -3408.33 0 0 0 0 0 0 0 0 0 7e+15 0 0 563175 563175 563175 563175 
97.5 1.89977 -0.700232 0 0 -4.46977 0.00585626 9.05821e+15 0.01 0.01 8.94916e-23 1.45128e-05 -3356.3 0 0 0 0 0 0 0 0 0 7e+15 0 0 564645 564645 564645 564645 
98 1.8996 -0.700398 0 0 -4.4696 0.00589401 9.02332e+15 0.01 0.01 8.95521e-23 1.4457e-05 -3305.1 0 0 0 0 0 0 0 0 0 7e+15 0 0 566096 566096 566096 566096 
98.5 1.89944 -0.700562 0 0 -4.46944 0.00593142 8.9891e+15 0.01 0.01 8.9612e-23 1.44021e-05 -3254.72 0 0 0 0 0 0 0 0 0 7e+15 0 0 567528 567528 567528 567528 
99 1.89928 -0.700724 0 0 -4.46928 0.00596849 8.95551e+15 0.01 0.01 8.96714e-23 1.43483e-05 -3205.15 0 0 0 0 0 0 0 0 0 7e+15 0 0 568942 568942 568942 568942 
99.5 1.89912 -0.700883 0 0 -4.46912 0.00600522 8.92255e+15 0.01 0.01 8.97303e-23 1.42955e-05 -3156.36 0 0 0 0 0 0 0 0 0 7e+15 0 0 570336 570336 570336 570336 
100 1.89896 -0.701039 0 0 -4.46896 0.00604162 8.89021e+15 0.01 0.01 8.97886e-23 1.42437e-05 -3108.35 0 0 0 0 0 0 0 0 0 7e+15 0 0 571713 571713 571713 571713 
100.5 1.89881 -0.701193 0 0 -4.46881 0.00607768 8.85847e+15 0.01 0.01 8.98463e-23 1.41928e-05 -3061.11 0 0 0 0 0 0 0 0 0 7e+15 0 0 573072 573072 573072 573072 
101 1.89865 -0.701345 0 0 -4.46865 0.0061134 8.82731e+15 0.01 0.01 8.99036e-23 1.41429e-05 -3014.61 0 0 0 0 0 0 0 0 0 7e+15 0 0 574412 574412 574412 574412 
101.5 1.89851 -0.701495 0 0 -4.46851 0.00614878 8.79673e+15 0.01 0.01 8.99603e-23 1.40939e-05 -2968.86 0 0 0 0 0 0 0 0 0 7e+15 0 0 575735 575735 575735 575735 
102 1.89836 -0.701642 0 0 -4.46836 0.00618383 8.7667e+15 0.01 0.01 9.00164e-23 1.40458e-05 -2923.83 0 0 0 0 0 0 0 0 0 7e+15 0 0 577041 577041 577041 577041 
102.5 1.89821 -0.701787 0 0 -4.46821 0.00621854 8.73723e+15 0.01 0.01 9.0072e-23 1.39986e-05 -2879.51 0 0 0 0 0 0 0 0 0 7e+15 0 0 578329 578329 578329 578329 
103 1.89807 -0.70193 0 0 -4.46807 0.00625291 8.7083e+15 0.01 0.01 9.01271e-23 1.39522e-05 -2835.9 0 0 0 0 0 0 0 0 0 7e+15 0 0 579600 579600 579600 579600 
103.5 1.89793 -0.702071 0 0 -4.46793 0.00628695 8.67989e+15 0.01 0.01 9.01816e-23 1.39067e-05 -2792.98 0 0 0 0 0 0 0 0 0 7e+15 0 0 580854 580854 580854 580854 
104 1.89779 -0.702209 0 0 -4.46779 0.00632066 8.652e+15 0.01 0.01 9.02356e-23 1.3862e-05 -2750.74 0 0 0 0 0 0 0 0 0 7e+15 0 0 582092 582092 582092 582092 
104.5 1.89765 -0.702346 0 0 -4.46765 0.00635403 8.62461e+15 0.01 0.01 9.02891e-23 1.38182e-05 -2709.16 0 0 0 0 0 0 0 0 0 7e+15 0 0 583313 583313 583313 583313 
105 1.89752 -0.70248 0 0 -4.46752 0.00638707 8.59772e+15 0.01 0.01 9.0342e-23 1.37751e-05 -2668.24 0 0 0 0 0 0 0 0 0 7e+15 0 0 584518 584518 584518 584518 
105.5 1.89739 -0.702613 0 0 -4.46739 0.00641978 8.57131e+15 0.01 0.01 9.03944e-23 1.37328e-05 -2627.97 0 0 0 0 0 0 0 0 0 7e+15 0 0 585706 585706 585706 585706 
106 1.89726 -0.702743 0 0 -4.46726 0.00645216 8.54538e+15 0.01 0.01 9.04463e-23 1.36912e-05 -2588.33 0 0 0 0 0 0 0 0 0 7e+15 0 0 586879 586879 586879 586879 
106.5 1.89713 -0.702872 0 0 -4.46713 0.00648421 8.5199e+15 0.01 0.01 9.04977e-23 1.36504e-05 -2549.32 0 0 0 0 0 0 0 0 0 7e+15 0 0 588037 588037 588037 588037 
107 1.897 -0.702998 0 0 -4.467 0.00651593 8.49488e+15 0.01 0.01 9.05485e-23 1.36103e-05 -2510.93 0 0 0 0 0 0 0 0 0 7e+15 0 0 589178 589178 589178 589178 
107.5 1.89688 -0.703123 0 0 -4.46688 0.00654733 8.47031e+15 0.01 0.01 9.05988e-23 1.35709e-05 -2473.13 0 0 0 0 0 0 0 0 0 7e+15 0 0 590305 590305 590305 590305 
108 1.89675 -0.703245 0 0 -4.46675 0.0065784 8.44617e+15 0.01 0.01 9.06486e-23 1.35323e-05 -2435.94 0 0 0 0 0 0 0 0 0 7e+15 0 0 591416 591416 591416 591416 
108.5 1.89663 -0.703366 0 0 -4.46663 0.00660915 8.42246e+15 0.01 0.01 9.06979e-23 1.34943e-05 -2399.33 0 0 0 0 0 0 0 0 0 7e+15 0 0 592512 592512 592512 592512 
109 1.89651 -0.703485 0 0 -4.46651 0.00663958 8.39916e+15 0.01 0.01 9.07466e-23 1.34569e-05 -2363.29 0 0 0 0 0 0 0 0 0 7e+15 0 0 593594 593594 593594 593594 
109.5 1.8964 -0.703603 0 0 -4.4664 0.00666969 8.37628e+15 0.01 0.01 9.07948e-23 1.34203e-05 -2327.82 0 0 0 0 0 0 0 0 0 7e+15 0 0 594661 594661 594661 594661 
110 1.89628 -0.703718 0 0 -4.46628 0.00669948 8.3538e+15 0.01 0.01 9.08426e-23 1.33843e-05 -2292.91 0 0 0 0 0 0 0 0 0 7e+15 0 0 595714 595714 595714 595714 
110.5 1.89617 -0.703832 0 0 -4.46617 0.00672895 8.3317e+15 0.01 0.01 9.08898e-23 1.33489e-05 -2258.54 0 0 0 0 0 0 0 0 0 7e+15 0 0 596752 596752 596752 596752 
111 1.89606 -0.703944 0 0 -4.46606 0.00675811 8.31e+15 0.01 0.01 9.09365e-23 1.33141e-05 -2224.71 0 0 0 0 0 0 0 0 0 7e+15 0 0 597777 597777 597777 597777 
111.5 1.89595 -0.704054 0 0 -4.46595 0.00678696 8.28867e+15 0.01 0.01 9.09827e-23 1.32799e-05 -2191.42 0 0 0 0 0 0 0 0 0 7e+15 0 0 598787 598787 598787 598787 
112 1.89584 -0.704163 0 0 -4.46584 0.00681549 8.26771e+15 0.01 0.01 9.10284e-23 1.32463e-05 -2158.65 0 0 0 0 0 0 0 0 0 7e+15 0 0 599784 599784 599784 599784 
112.5 1.89573 -0.70427 0 0 -4.46573 0.00684372 8.24711e+15 0.01 0.01 9.10737e-23 1.32133e-05 -2126.39 0 0 0 0 0 0 0 0 0 7e+15 0 0 600768 600768 600768 600768 
113 1.89562 -0.704376 0 0 -4.46562 0.00687164 8.22687e+15 0.01 0.01 9.11184e-23 1.31809e-05 -2094.63 0 0 0 0 0 0 0 0 0 7e+15 0 0 601738 601738 601738 601738 
113.5 1.89552 -0.70448 0 0 -4.46552 0.00689925 8.20698e+15 0.01 0.01 9.11626e-23 1.3149e-05 -2063.37 0 0 0 0 0 0 0 0 0 7e+15 0 0 602695 602695 602695 602695 
114 1.89542 -0.704582 0 0 -4.46542 0.00692656 8.18742e+15 0.01 0.01 9.12064e-23 1.31177e-05 -2032.6 0 0 0 0 0 0 0 0 0 7e+15 0 0 603639 603639 603639 603639 
114.5 1.89532 -0.704683 0 0 -4.46532 0.00695356 8.16821e+15 0.01 0.01 9.12497e-23 1.30869e-05 -2002.32 0 0 0 0 0 0 0 0 0 7e+15 0 0 604570 604570 604570 604570 
115 1.89522 -0.704782 0 0 -4.46522 0.00698027 8.14932e+15 0.01 0.01 9.12925e-23 1.30566e-05 -1972.5 0 0 0 0 0 0 0 0 0 7e+15 0 0 605489 605489 605489 605489 
115.5 1.89512 -0.70488 0 0 -4.46512 0.00700668 8.13075e+15 0.01 0.01 9.13348e-23 1.30269e-05 -1943.15 0 0 0 0 0 0 0 0 0 7e+15 0 0 606395 606395 606395 606395 
116 1.89502 -0.704977 0 0 -4.46502 0.0070328 8.11249e+15 0.01 0.01 9.13766e-23 1.29976e-05 -1914.26 0 0 0 0 0 0 0 0 0 7e+15 0 0 607289 607289 607289 607289 
116.5 1.89493 -0.705072 0 0 -4.46493 0.00705862 8.09455e+15 0.01 0.01 9.1418e-23 1.29689e-05 -1885.83 0 0 0 0 0 0 0 0 0 7e+15 0 0 608170 608170 608170 608170 
117 1.89483 -0.705165 0 0 -4.46483 0.00708415 8.07691e+15 0.01 0.01 9.14589e-23 1.29406e-05 -1857.83 0 0 0 0 0 0 0 0 0 7e+15 0 0 609040 609040 609040 609040 
117.5 1.89474 -0.705257 0 0 -4.46474 0.0071094 8.05956e+15 0.01 0.01 9.14993e-23 1.29128e-05 -1830.27 0 0 0 0 0 0 0 0 0 7e+15 0 0 609898 609898 609898 609898 
118 1.89465 -0.705348 0 0 -4.46465 0.00713435 8.04251e+15 0.01 0.01 9.15393e-23 1.28855e-05 -1803.15 0 0 0 0 0 0 0 0 0 7e+15 0 0 610744 610744 610744 610744 
118.5 1.89456 -0.705438 0 0 -4.46456 0.00715903 8.02575e+15 0.01 0.01 9.15788e-23 1.28587e-05 -1776.44 0 0 0 0 0 0 0 0 0 7e+15 0 0 611578 611578 611578 611578 
119 1.89447 -0.705526 0 0 -4.46447 0.00718342 8.00926e+15 0.01 0.01 9.16179e-23 1.28322e-05 -1750.16 0 0 0 0 0 0 0 0 0 7e+15 0 0 612401 612401 612401 612401 
119.5 1.89439 -0.705613 0 0 -4.46439 0.00720753 7.99305e+15 0.01 0.01 9.16566e-23 1.28063e-05 -1724.28 0 0 0 0 0 0 0 0 0 7e+15 0 0 613213 613213 613213 613213 
120 1.8943 -0.705698 0 0 -4.4643 0.00723136 7.97711e+15 0.01 0.01 9.16947e-23 1.27807e-05 -1698.81 0 0 0 0 0 0 0 0 0 7e+15 0 0 614014 614014 614014 614014 
120.5 1.89422 -0.705783 0 0 -4.46422 0.00725492 7.96143e+15 0.01 0.01 9.17325e-23 1.27556e-05 -1673.73 0 0 0 0 0 0 0 0 0 7e+15 0 0 614804 614804 614804 614804 
121 1.89413 -0.705866 0 0 -4.46413 0.00727821 7.94602e+15 0.01 0.01 9.17698e-23 1.27309e-05 -1649.05 0 0 0 0 0 0 0 0 0 7e+15 0 0 615583 615583 615583 615583 
121.5 1.89405 -0.705948 0 0 -4.46405 0.00730122 7.93086e+15 0.01 0.01 9.18067e-23 1.27066e-05 -1624.75 0 0 0 0 0 0 0 0 0 7e+15 0 0 616352 616352 616352 616352 
122 1.89397 -0.706028 0 0 -4.46397 0.00732397 7.91595e+15 0.01 0.01 9.18431e-23 1.26827e-05 -1600.83 0 0 0 0 0 0 0 0 0 7e+15 0 0 617110 617110 617110 617110 
122.5 1.89389 -0.706108 0 0 -4.46389 0.00734646 7.90128e+15 0.01 0.01 9.18791e-23 1.26592e-05 -1577.28 0 0 0 0 0 0 0 0 0 7e+15 0 0 617857 617857 617857 617857 
123 1.89381 -0.706186 0 0 -4.46381 0.00736868 7.88686e+15 0.01 0.01 9.19147e-23 1.26361e-05 -1554.1 0 0 0 0 0 0 0 0 0 7e+15 0 0 618595 618595 618595 618595 
123.5 1.89374 -0.706263 0 0 -4.46374 0.00739064 7.87267e+15 0.01 0.01 9.19499e-23 1.26134e-05 -1531.28 0 0 0 0 0 0 0 0 0 7e+15 0 0 619322 619322 619322 619322 
124 1.89366 -0.706339 0 0 -4.46366 0.00741234 7.85871e+15 0.01 0.01 9.19847e-23 1.2591e-05 -1508.81 0 0 0 0 0 0 0 0 0 7e+15 0 0 620039 620039 620039 620039 
124.5 1.89359 -0.706414 0 0 -4.46359 0.00743378 7.84498e+15 0.01 0.01 9.20191e-23 1.2569e-05 -1486.7 0 0 0 0 0 0 0 0 0 7e+15 0 0 620747 620747 620747 620747 
125 1.89351 -0.706488 0 0 -4.46351 0.00745497 7.83147e+15 0.01 0.01 9.2053e-23 1.25474e-05 -1464.93 0 0 0 0 0 0 0 0 0 7e+15 0 0 621445 621445 621445 621445 
125.5 1.89344 -0.70656 0 0 -4.46344 0.00747591 7.81819e+15 0.01 0.01 9.20866e-23 1.25261e-05 -1443.51 0 0 0 0 0 0 0 0 0 7e+15 0 0 622133 622133 622133 622133 
126 1.89337 -0.706632 0 0 -4.46337 0.00749661 7.80512e+15 0.01 0.01 9.21197e-23 1.25052e-05 -1422.41 0 0 0 0 0 0 0 0 0 7e+15 0 0 622812 622812 622812 622812 
126.5 1.8933 -0.706703 0 0 -4.4633 0.00751705 7.79226e+15 0.01 0.01 9.21525e-23 1.24846e-05 -1401.65 0 0 0 0 0 0 0 0 0 7e+15 0 0 623481 623481 623481 623481 
127 1.89323 -0.706772 0 0 -4.46323 0.00753725 7.7796e+15 0.01 0.01 9.21848e-23 1.24643e-05 -1381.2 0 0 0 0 0 0 0 0 0 7e+15 0 0 624142 624142 624142 624142 
127.5 1.89316 -0.706841 0 0 -4.46316 0.00755722 7.76715e+15 0.01 0.01 9.22168e-23 1.24443e-05 -1361.08 0 0 0 0 0 0 0 0 0 7e+15 0 0 624793 624793 624793 624793 
128 1.89309 -0.706908 0 0 -4.46309 0.00757694 7.7549e+15 0.01 0.01 9.22484e-23 1.24247e-05 -1341.27 0 0 0 0 0 0 0 0 0 7e+15 0 0 625436 625436 625436 625436 
128.5 1.89303 -0.706975 0 0 -4.46303 0.00759642 7.74285e+15 0.01 0.01 9.22796e-23 1.24054e-05 -1321.78 0 0 0 0 0 0 0 0 0 7e+15 0 0 626069 626069 626069 626069 
129 1.89296 -0.707041 0 0 -4.46296 0.00761567 7.73099e+15 0.01 0.01 9.23105e-23 1.23864e-05 -1302.58 0 0 0 0 0 0 0 0 0 7e+15 0 0 626694 626694 626694 626694 
129.5 1.89289 -0.707105 0 0 -4.46289 0.00763469 7.71931e+15 0.01 0.01 9.23409e-23 1.23677e-05 -1283.69 0 0 0 0 0 0 0 0 0 7e+15 0 0 627311 627311 627311 627311 
130 1.89283 -0.707169 0 0 -4.46283 0.00765348 7.70783e+15 0.01 0.01 9.23711e-23 1.23493e-05 -1265.09 0 0 0 0 0 0 0 0 0 7e+15 0 0 627919 627919 627919 627919 
130.5 1.89277 -0.707232 0 0 -4.46277 0.00767205 7.69652e+15 0.01 0.01 9.24008e-23 1.23312e-05 -1246.78 0 0 0 0 0 0 0 0 0 7e+15 0 0 628519 628519 628519 628519 
131 1.89271 -0.707294 0 0 -4.46271 0.00769038 7.68539e+15 0.01 0.01 9.24302e-23 1.23134e-05 -1228.76 0 0 0 0 0 0 0 0 0 7e+15 0 0 629111 629111 629111 629111 
131.5 1.89265 -0.707355 0 0 -4.46265 0.0077085 7.67444e+15 0.01 0.01 9.24592e-23 1.22958e-05 -1211.02 0 0 0 0 0 0 0 0 0 7e+15 0 0 629694 629694 629694 629694 
132 1.89259 -0.707415 0 0 -4.46259 0.0077264 7.66367e+15 0.01 0.01 9.24879e-23 1.22785e-05 -1193.56 0 0 0 0 0 0 0 0 0 7e+15 0 0 630270 630270 630270 630270 
132.5 1.89253 -0.707474 0 0 -4.46253 0.00774408 7.65306e+15 0.01 0.01 9.25162e-23 1.22615e-05 -1176.38 0 0 0 0 0 0 0 0 0 7e+15 0 0 630837 630837 630837 630837 
133 1.89247 -0.707532 0 0 -4.46247 0.00776154 7.64261e+15 0.01 0.01 9.25442e-23 1.22448e-05 -1159.46 0 0 0 0 0 0 0 0 0 7e+15 0 0 631397 631397 631397 631397 
133.5 1.89241 -0.70759 0 0 -4.46241 0.0077788 7.63233e+15 0.01 0.01 9.25718e-23 1.22283e-05 -1142.81 0 0 0 0 0 0 0 0 0 7e+15 0 0 631950 631950 631950 631950 
134 1.89235 -0.707647 0 0 -4.46235 0.00779584 7.62222e+15 0.01 0.01 9.25991e-23 1.22121e-05 -1126.42 0 0 0 0 0 0 0 0 0 7e+15 0 0 632495 632495 632495 632495 
134.5 1.8923 -0.707702 0 0 -4.4623 0.00781267 7.61225e+15 0.01 0.01 9.26261e-23 1.21962e-05 -1110.29 0 0 0 0 0 0 0 0 0 7e+15 0 0 633032 633032 633032 633032 
135 1.89224 -0.707758 0 0 -4.46224 0.0078293 7.60245e+15 0.01 0.01 9.26527e-23 1.21805e-05 -1094.41 0 0 0 0 0 0 0 0 0 7e+15 0 0 633562 633562 633562 633562 
135.5 1.89219 -0.707812 0 0 -4.46219 0.00784573 7.59279e+15 0.01 0.01 9.26791e-23 1.2165e-05 -1078.78 0 0 0 0 0 0 0 0 0 7e+15 0 0 634085 634085 634085 634085 
136 1.89213 -0.707865 0 0 -4.46213 0.00786196 7.58329e+15 0.01 0.01 9.27051e-23 1.21498e-05 -1063.4 0 0 0 0 0 0 0 0 0 7e+15 0 0 634601 634601 634601 634601 
136.5 1.89208 -0.707918 0 0 -4.46208 0.00787798 7.57393e+15 0.01 0.01 9.27307e-23 1.21348e-05 -1048.26 0 0 0 0 0 0 0 0 0 7e+15 0 0 635110 635110 635110 635110 
137 1.89203 -0.70797 0 0 -4.46203 0.00789381 7.56471e+15 0.01 0.01 9.27561e-23 1.212e-05 -1033.35 0 0 0 0 0 0 0 0 0 7e+15 0 0 635612 635612 635612 635612 
137.5 1.89198 -0.708022 0 0 -4.46198 0.00790945 7.55564e+15 0.01 0.01 9.27812e-23 1.21055e-05 -1018.69 0 0 0 0 0 0 0 0 0 7e+15 0 0 636107 636107 636107 636107 
138 1.89193 -0.708072 0 0 -4.46193 0.0079249 7.5467e+15 0.01 0.01 9.28059e-23 1.20911e-05 -1004.26 0 0 0 0 0 0 0 0 0 7e+15 0 0 636595 636595 636595 636595 
138.5 1.89188 -0.708122 0 0 -4.46188 0.00794015 7.5379e+15 0.01 0.01 9.28304e-23 1.2077e-05 -990.05 0 0 0 0 0 0 0 0 0 7e+15 0 0 637077 637077 637077 637077 
139 1.89183 -0.708171 0 0 -4.46183 0.00795522 7.52924e+15 0.01 0.01 9.28545e-23 1.20632e-05 -976.071 0 0 0 0 0 0 0 0 0 7e+15 0 0 637553 637553 637553 637553 
139.5 1.89178 -0.70822 0 0 -4.46178 0.00797011 7.5207e+15 0.01 0.01 9.28783e-23 1.20495e-05 -962.313 0 0 0 0 0 0 0 0 0 7e+15 0 0 638022 638022 638022 638022 
140 1.89173 -0.708267 0 0 -4.46173 0.00798481 7.5123e+15 0.01 0.01 9.29019e-23 1.2036e-05 -948.773 0 0 0 0 0 0 0 0 0 7e+15 0 0 638484 638484 638484 638484 
140.5 1.89169 -0.708315 0 0 -4.46169 0.00799934 7.50402e+15 0.01 0.01 9.29252e-23 1.20228e-05 -935.449 0 0 0 0 0 0 0 0 0 7e+15 0 0 638941 638941 638941 638941 
141 1.89164 -0.708361 0 0 -4.46164 0.00801368 7.49587e+15 0.01 0.01 9.29482e-23 1.20097e-05 -922.338 0 0 0 0 0 0 0 0 0 7e+15 0 0 639391 639391 639391 639391 
141.5 1.89159 -0.708407 0 0 -4.46159 0.00802785 7.48783e+15 0.01 0.01 9.29709e-23 1.19968e-05 -909.435 0 0 0 0 0 0 0 0 0 7e+15 0 0 639835 639835 639835 639835 
142 1.89155 -0.708452 0 0 -4.46155 0.00804185 7.47992e+15 0.01 0.01 9.29933e-23 1.19842e-05 -896.739 0 0 0 0 0 0 0 0 0 7e+15 0 0 640274 640274 640274 640274 
142.5 1.8915 -0.708496 0 0 -4.4615 0.00805567 7.47213e+15 0.01 0.01 9.30154e-23 1.19717e-05 -884.246 0 0 0 0 0 0 0 0 0 7e+15 0 0 640706 640706 640706 640706 
143 1.89146 -0.70854 0 0 -4.46146 0.00806933 7.46445e+15 0.01 0.01 9.30373e-23 1.19594e-05 -871.953 0 0 0 0 0 0 0 0 0 7e+15 0 0 641133 641133 641133 641133 
143.5 1.89142 -0.708584 0 0 -4.46142 0.00808282 7.45689e+15 0.01 0.01 9.30589e-23 1.19473e-05 -859.858 0 0 0 0 0 0 0 0 0 7e+15 0 0 641554 641554 641554 641554 
144 1.89137 -0.708626 0 0 -4.46137 0.00809614 7.44944e+15 0.01 0.01 9.30803e-23 1.19353e-05 -847.956 0 0 0 0 0 0 0 0 0 7e+15 0 0 641969 641969 641969 641969 
144.5 1.89133 -0.708668 0 0 -4.46133 0.0081093 7.4421e+15 0.01 0.01 9.31014e-23 1.19236e-05 -836.247 0 0 0 0 0 0 0 0 0 7e+15 0 0 642379 642379 642379 642379 
145 1.89129 -0.70871 0 0 -4.46129 0.0081223 7.43486e+15 0.01 0.01 9.31222e-23 1.1912e-05 -824.727 0 0 0 0 0 0 0 0 0 7e+15 0 0 642784 642784 642784 642784 
145.5 1.89125 -0.708751 0 0 -4.46125 0.00813514 7.42774e+15 0.01 0.01 9.31428e-23 1.19005e-05 -813.393 0 0 0 0 0 0 0 0 0 7e+15 0 0 643183 643183 643183 643183 
146 1.89121 -0.708791 0 0 -4.46121 0.00814783 7.42071e+15 0.01 0.01 9.31631e-23 1.18893e-05 -802.242 0 0 0 0 0 0 0 0 0 7e+15 0 0 643577 643577 643577 643577 
146.5 1.89117 -0.708831 0 0 -4.46117 0.00816036 7.41379e+15 0.01 0.01 9.31832e-23 1.18782e-05 -791.273 0 0 0 0 0 0 0 0 0 7e+15 0 0 643965 643965 643965 643965 
147 1.89113 -0.70887 0 0 -4.46113 0.00817274 7.40697e+15 0.01 0.01 9.3203e-23 1.18673e-05 -780.482 0 0 0 0 0 0 0 0 0 7e+15 0 0 644349 644349 644349 644349 
147.5 1.89109 -0.708909 0 0 -4.46109 0.00818497 7.40025e+15 0.01 0.01 9.32226e-23 1.18565e-05 -769.867 0 0 0 0 0 0 0 0 0 7e+15 0 0 644727 644727 644727 644727 
148 1.89105 -0.708947 0 0 -4.46105 0.00819705 7.39363e+15 0.01 0.01 9.32419e-23 1.18459e-05 -759.425 0 0 0 0 0 0 0 0 0 7e+15 0 0 645101 645101 645101 645101 
148.5 1.89101 -0.708985 0 0 -4.46101 0.00820898 7.3871e+15 0.01 0.01 9.32611e-23 1.18354e-05 -749.155 0 0 0 0 0 0 0 0 0 7e+15 0 0 645470 645470 645470 645470 
149 1.89098 -0.709022 0 0 -4.46098 0.00822077 7.38066e+15 0.01 0.01 9.328e-23 1.18251e-05 -739.053 0 0 0 0 0 0 0 0 0 7e+15 0 0 645834 645834 645834 645834 
149.5 1.89094 -0.709059 0 0 -4.46094 0.00823242 7.37432e+15 0.01 0.01 9.32986e-23 1.1815e-05 -729.117 0 0 0 0 0 0 0 0 0 7e+15 0 0 646193 646193 646193 646193 
150 1.8909 -0.709095 0 0 -4.4609 0.00824393 7.36806e+15 0.01 0.01 9.33171e-23 1.18049e-05 -719.345 0 0 0 0 0 0 0 0 0 7e+15 0 0 646547 646547 646547 646547 
150.5 1.89087 -0.709131 0 0 -4.46087 0.0082553 7.3619e+15 0.01 0.01 9.33353e-23 1.17951e-05 -709.736 0 0 0 0 0 0 0 0 0 7e+15 0 0 646897 646897 646897 646897 
151 1.89083 -0.709166 0 0 -4.46083 0.00826653 7.35582e+15 0.01 0.01 9.33533e-23 1.17853e-05 -700.285 0 0 0 0 0 0 0 0 0 7e+15 0 0 647243 647243 647243 647243 
151.5 1.8908 -0.709201 0 0 -4.4608 0.00827763 7.34983e+15 0.01 0.01 9.33711e-23 1.17757e-05 -690.992 0 0 0 0 0 0 0 0 0 7e+15 0 0 647584 647584 647584 647584 
152 1.89076 -0.709235 0 0 -4.46076 0.0082886 7.34392e+15 0.01 0.01 9.33886e-23 1.17663e-05 -681.854 0 0 0 0 0 0 0 0 0 7e+15 0 0 647920 647920 647920 647920 
152.5 1.89073 -0.709269 0 0 -4.46073 0.00829943 7.33809e+15 0.01 0.01 9.3406e-23 1.17569e-05 -672.869 0 0 0 0 0 0 0 0 0 7e+15 0 0 648253 648253 648253 648253 
153 1.8907 -0.709303 0 0 -4.4607 0.00831014 7.33235e+15 0.01 0.01 9.34231e-23 1.17477e-05 -664.035 0 0 0 0 0 0 0 0 0 7e+15 0 0 648581 648581 648581 648581 
153.5 1.89066 -0.709336 0 0 -4.46066 0.00832072 7.32668e+15 0.01 0.01 9.34401e-23 1.17386e-05 -655.35 0 0 0 0 0 0 0 0 0 7e+15 0 0 648905 648905 648905 648905 
154 1.89063 -0.709368 0 0 -4.46063 0.00833118 7.32109e+15 0.01 0.01 9.34568e-23 1.17297e-05 -646.812 0 0 0 0 0 0 0 0 0 7e+15 0 0 649225 649225 649225 649225 
154.5 1.8906 -0.7094 0 0 -4.4606 0.00834151 7.31558e+15 0.01 0.01 9.34734e-23 1.17209e-05 -638.419 0 0 0 0 0 0 0 0 0 7e+15 0 0 649541 649541 649541 649541 
155 1.89057 -0.709432 0 0 -4.46057 0.00835172 7.31015e+15 0.01 0.01 9.34898e-23 1.17121e-05 -630.169 0 0 0 0 0 0 0 0 0 7e+15 0 0 649853 649853 649853 649853 
155.5 1.89054 -0.709463 0 0 -4.46054 0.00836181 7.30478e+15 0.01 0.01 9.35059e-23 1.17036e-05 -622.06 0 0 0 0 0 0 0 0 0 7e+15 0 0 650161 650161 650161 650161 
156 1.89051 -0.709494 0 0 -4.46051 0.00837179 7.29949e+15 0.01 0.01 9.35219e-23 1.16951e-05 -614.09 0 0 0 0 0 0 0 0 0 7e+15 0 0 650465 650465 650465 650465 
156.5 1.89048 -0.709525 0 0 -4.46048 0.00838165 7.29428e+15 0.01 0.01 9.35377e-23 1.16867e-05 -606.258 0 0 0 0 0 0 0 0 0 7e+15 0 0 650765 650765 650765 650765 
157 1.89045 -0.709555 0 0 -4.46045 0.00839139 7.28913e+15 0.01 0.01 9.35533e-23 1.16785e-05 -598.561 0 0 0 0 0 0 0 0 0 7e+15 0 0 651062 651062 651062 651062 
157.5 1.89042 -0.709585 0 0 -4.46042 0.00840102 7.28405e+15 0.01 0.01 9.35687e-23 1.16703e-05 -590.998 0 0 0 0 0 0 0 0 0 7e+15 0 0 651355 651355 651355 651355 
158 1.89039 -0.709614 0 0 -4.46039 0.00841055 7.27903e+15 0.01 0.01 9.3584e-23 1.16623e-05 -583.567 0 0 0 0 0 0 0 0 0 7e+15 0 0 651644 651644 651644 651644 
158.5 1.89036 -0.709643 0 0 -4.46036 0.00841996 7.27409e+15 0.01 0.01 9.35991e-23 1.16544e-05 -576.266 0 0 0 0 0 0 0 0 0 7e+15 0 0 651930 651930 651930 651930 
159 1.89033 -0.709672 0 0 -4.46033 0.00842926 7.2692e+15 0.01 0.01 9.3614e-23 1.16465e-05 -569.094 0 0 0 0 0 0 0 0 0 7e+15 0 0 652213 652213 652213 652213 
159.5 1.8903 -0.7097 0 0 -4.4603 0.00843847 7.26439e+15 0.01 0.01 9.36287e-23 1.16388e-05 -562.05 0 0 0 0 0 0 0 0 0 7e+15 0 0 652492 652492 652492 652492 
160 1.89027 -0.709728 0 0 -4.46027 0.00844756 7.25963e+15 0.01 0.01 9.36433e-23 1.16312e-05 -555.13 0 0 0 0 0 0 0 0 0 7e+15 0 0 652768 652768 652768 652768 
160.5 1.89024 -0.709755 0 0 -4.46024 0.00845656 7.25494e+15 0.01 0.01 9.36577e-23 1.16237e-05 -548.335 0 0 0 0 0 0 0 0 0 7e+15 0 0 653040 653040 653040 653040 
161 1.89022 -0.709783 0 0 -4.46022 0.00846545 7.2503e+15 0.01 0.01 9.3672e-23 1.16163e-05 -541.662 0 0 0 0 0 0 0 0 0 7e+15 0 0 653309 653309 653309 653309 
161.5 1.89019 -0.709809 0 0 -4.46019 0.00847425 7.24573e+15 0.01 0.01 9.36861e-23 1.16089e-05 -535.109 0 0 0 0 0 0 0 0 0 7e+15 0 0 653575 653575 653575 653575 
162 1.89016 -0.709836 0 0 -4.46016 0.00848294 7.24121e+15 0.01 0.01 9.37e-23 1.16017e-05 -528.676 0 0 0 0 0 0 0 0 0 7e+15 0 0 653838 653838 653838 653838 
162.5 1.89014 -0.709862 0 0 -4.46014 0.00849155 7.23675e+15 0.01 0.01 9.37138e-23 1.15945e-05 -522.36 0 0 0 0 0 0 0 0 0 7e+15 0 0 654098 654098 654098 654098 
163 1.89011 -0.709888 0 0 -4.46011 0.00850006 7.23234e+15 0.01 0.01 9.37274e-23 1.15875e-05 -516.161 0 0 0 0 0 0 0 0 0 7e+15 0 0 654355 654355 654355 654355 
163.5 1.89009 -0.709914 0 0 -4.46009 0.00850847 7.22799e+15 0.01 0.01 9.37409e-23 1.15805e-05 -510.077 0 0 0 0 0 0 0 0 0 7e+15 0 0 654609 654609 654609 654609 
164 1.89006 -0.709939 0 0 -4.46006 0.0085168 7.22369e+15 0.01 0.01 9.37542e-23 1.15736e-05 -504.107 0 0 0 0 0 0 0 0 0 7e+15 0 0 654860 654860 654860 654860 
164.5 1.89004 -0.709964 0 0 -4.46004 0.00852504 7.21945e+15 0.01 0.01 9.37674e-23 1.15668e-05 -498.248 0 0 0 0 0 0 0 0 0 7e+15 0 0 655108 655108 655108 655108 
165 1.89001 -0.709989 0 0 -4.46001 0.00853319 7.21526e+15 0.01 0.01 9.37805e-23 1.15601e-05 -492.501 0 0 0 0 0 0 0 0 0 7e+15 0 0 655354 655354 655354 655354 
165.5 1.88999 -0.710014 0 0 -4.45999 0.00854125 7.21111e+15 0.01 0.01 9.37934e-23 1.15535e-05 -486.863 0 0 0 0 0 0 0 0 0 7e+15 0 0 655596 655596 655596 655596 
166 1.88996 -0.710038 0 0 -4.45996 0.00854923 7.20702e+15 0.01 0.01 9.38062e-23 1.15469e-05 -481.333 0 0 0 0 0 0 0 0 0 7e+15 0 0 655836 655836 655836 655836 
166.5 1.88994 -0.710062 0 0 -4.45994 0.00855712 7.20298e+15 0.01 0.01 9.38188e-23 1.15404e-05 -475.91 0 0 0 0 0 0 0 0 0 7e+15 0 0 656073 656073 656073 656073 
167 1.88991 -0.710085 0 0 -4.45991 0.00856494 7.19898e+15 0.01 0.01 9.38314e-23 1.1534e-05 -470.593 0 0 0 0 0 0 0 0 0 7e+15 0 0 656308 656308 656308 656308 
167.5 1.88989 -0.710109 0 0 -4.45989 0.00857267 7.19503e+15 0.01 0.01 9.38438e-23 1.15277e-05 -465.381 0 0 0 0 0 0 0 0 0 7e+15 0 0 656540 656540 656540 656540 
168 1.88987 -0.710132 0 0 -4.45987 0.00858033 7.19112e+15 0.01 0.01 9.3856e-23 1.15214e-05 -460.272 0 0 0 0 0 0 0 0 0 7e+15 0 0 656770 656770 656770 656770 
168.5 1.88985 -0.710155 0 0 -4.45985 0.00858791 7.18726e+15 0.01 0.01 9.38682e-23 1.15153e-05 -455.265 0 0 0 0 0 0 0 0 0 7e+15 0 0 656997 656997 656997 656997 
169 1.88982 -0.710177 0 0 -4.45982 0.00859541 7.18345e+15 0.01 0.01 9.38802e-23 1.15091e-05 -450.359 0 0 0 0 0 0 0 0 0 7e+15 0 0 657222 657222 657222 657222 
169.5 1.8898 -0.7102 0 0 -4.4598 0.00860284 7.17967e+15 0.01 0.01 9.38921e-23 1.15031e-05 -445.553 0 0 0 0 0 0 0 0 0 7e+15 0 0 657445 657445 657445 657445 
170 1.88978 -0.710222 0 0 -4.45978 0.0086102 7.17594e+15 0.01 0.01 9.39039e-23 1.14971e-05 -440.845 0 0 0 0 0 0 0 0 0 7e+15 0 0 657665 657665 657665 657665 
170.5 1.88976 -0.710244 0 0 -4.45976 0.00861748 7.17225e+15 0.01 0.01 9.39156e-23 1.14912e-05 -436.236 0 0 0 0 0 0 0 0 0 7e+15 0 0 657883 657883 657883 657883 
171 1.88973 -0.710266 0 0 -4.45973 0.0086247 7.1686e+15 0.01 0.01 9.39271e-23 1.14854e-05 -431.723 0 0 0 0 0 0 0 0 0 7e+15 0 0 658099 658099 658099 658099 
171.5 1.88971 -0.710287 0 0 -4.45971 0.00863185 7.16499e+15 0.01 0.01 9.39386e-23 1.14796e-05 -427.306 0 0 0 0 0 0 0 0 0 7e+15 0 0 658312 658312 658312 658312 
172 1.88969 -0.710308 0 0 -4.45969 0.00863893 7.16141e+15 0.01 0.01 9.39499e-23 1.14738e-05 -422.984 0 0 0 0 0 0 0 0 0 7e+15 0 0 658524 658524 658524 658524 
172.5 1.88967 -0.710329 0 0 -4.45967 0.00864595 7.15788e+15 0.01 0.01 9.39612e-23 1.14682e-05 -418.755 0 0 0 0 0 0 0 0 0 7e+15 0 0 658733 658733 658733 658733 
173 1.88965 -0.71035 0 0 -4.45965 0.0086529 7.15438e+15 0.01 0.01 9.39723e-23 1.14626e-05 -414.619 0 0 0 0 0 0 0 0 0 7e+15 0 0 658940 658940 658940 658940 
173.5 1.88963 -0.710371 0 0 -4.45963 0.00865979 7.15092e+15 0.01 0.01 9.39833e-23 1.1457e-05 -410.575 0 0 0 0 0 0 0 0 0 7e+15 0 0 659146 659146 659146 659146 
174 1.88961 -0.710391 0 0 -4.45961 0.00866661 7.14749e+15 0.01 0.01 9.39943e-23 1.14515e-05 -406.622 0 0 0 0 0 0 0 0 0 7e+15 0 0 659349 659349 659349 659349 
174.5 1.88959 -0.710412 0 0 -4.45959 0.00867338 7.14409e+15 0.01 0.01 9.40051e-23 1.14461e-05 -402.759 0 0 0 0 0 0 0 0 0 7e+15 0 0 659551 659551 659551 659551 
175 1.88957 -0.710432 0 0 -4.45957 0.00868009 7.14073e+15 0.01 0.01 9.40159e-23 1.14407e-05 -398.984 0 0 0 0 0 0 0 0 0 7e+15 0 0 659751 659751 659751 659751 
175.5 1.88955 -0.710451 0 0 -4.45955 0.00868674 7.13741e+15 0.01 0.01 9.40265e-23 1.14354e-05 -395.299 0 0 0 0 0 0 0 0 0 7e+15 0 0 659949 659949 659949 659949 
176 1.88953 -0.710471 0 0 -4.45953 0.00869334 7.13411e+15 0.01 0.01 9.40371e-23 1.14301e-05 -391.7 0 0 0 0 0 0 0 0 0 7e+15 0 0 660145 660145 660145 660145 
176.5 1.88951 -0.710491 0 0 -4.45951 0.00869988 7.13085e+15 0.01 0.01 9.40476e-23 1.14249e-05 -388.188 0 0 0 0 0 0 0 0 0 7e+15 0 0 660339 660339 660339 660339 
177 1.88949 -0.71051 0 0 -4.45949 0.00870637 7.12762e+15 0.01 0.01 9.4058e-23 1.14197e-05 -384.762 0 0 0 0 0 0 0 0 0 7e+15 0 0 660532 660532 660532 660532 
177.5 1.88947 -0.710529 0 0 -4.45947 0.0087128 7.12441e+15 0.01 0.01 9.40683e-23 1.14146e-05 -381.421 0 0 0 0 0 0 0 0 0 7e+15 0 0 660723 660723 660723 660723 
178 1.88945 -0.710548 0 0 -4.45945 0.00871919 7.12124e+15 0.01 0.01 9.40785e-23 1.14095e-05 -378.164 0 0 0 0 0 0 0 0 0 7e+15 0 0 660913 660913 660913 660913 
178.5 1.88943 -0.710567 0 0 -4.45943 0.00872552 7.11809e+15 0.01 0.01 9.40886e-23 1.14044e-05 -374.991 0 0 0 0 0 0 0 0 0 7e+15 0 0 661101 661101 661101 661101 
179 1.88941 -0.710586 0 0 -4.45941 0.00873181 7.11497e+15 0.01 0.01 9.40987e-23 1.13994e-05 -371.9 0 0 0 0 0 0 0 0 0 7e+15 0 0 661287 661287 661287 661287 
179.5 1.8894 -0.710604 0 0 -4.4594 0.00873805 7.11188e+15 0.01 0.01 9.41087e-23 1.13945e-05 -368.892 0 0 0 0 0 0 0 0 0 7e+15 0 0 661472 661472 661472 661472 
180 1.88938 -0.710622 0 0 -4.45938 0.00874424 7.10881e+15 0.01 0.01 9.41186e-23 1.13896e-05 -365.965 0 0 0 0 0 0 0 0 0 7e+15 0 0 661655 661655 661655 661655 
180.5 1.88936 -0.710641 0 0 -4.45936 0.00875039 7.10577e+15 0.01 0.01 9.41285e-23 1.13847e-05 -363.119 0 0 0 0 0 0 0 0 0 7e+15 0 0 661838 661838 661838 661838 
181 1.88934 -0.710659 0 0 -4.45934 0.0087565 7.10275e+15 0.01 0.01 9.41383e-23 1.13799e-05 -360.353 0 0 0 0 0 0 0 0 0 7e+15 0 0 662018 662018 662018 662018 
181.5 1.88932 -0.710677 0 0 -4.45932 0.00876257 7.09976e+15 0.01 0.01 9.4148e-23 1.13751e-05 -357.666 0 0 0 0 0 0 0 0 0 7e+15 0 0 662198 662198 662198 662198 
182 1.88931 -0.710695 0 0 -4.45931 0.00876859 7.09679e+15 0.01 0.01 9.41577e-23 1.13703e-05 -355.058 0 0 0 0 0 0 0 0 0 7e+15 0 0 662376 662376 662376 662376 
182.5 1.88929 -0.710712 0 0 -4.45929 0.00877458 7.09384e+15 0.01 0.01 9.41672e-23 1.13656e-05 -352.529 0 0 0 0 0 0 0 0 0 7e+15 0 0 662553 662553 662553 662553 
183 1.88927 -0.71073 0 0 -4.45927 0.00878052 7.09092e+15 0.01 0.01 9.41768e-23 1.13609e-05 -350.077 0 0 0 0 0 0 0 0 0 7e+15 0 0 662729 662729 662729 662729 
183.5 1.88925 -0.710747 0 0 -4.45925 0.00878644 7.08802e+15 0.01 0.01 9.41862e-23 1.13563e-05 -347.702 0 0 0 0 0 0 0 0 0 7e+15 0 0 662903 662903 662903 662903 
184 1.88924 -0.710765 0 0 -4.45924 0.00879231 7.08513e+15 0.01 0.01 9.41957e-23 1.13516e-05 -345.404 0 0 0 0 0 0 0 0 0 7e+15 0 0 663077 663077 663077 663077 
184.5 1.88922 -0.710782 0 0 -4.45922 0.00879815 7.08227e+15 0.01 0.01 9.4205e-23 1.1347e-05 -343.182 0 0 0 0 0 0 0 0 0 7e+15 0 0 663249 663249 663249 663249 
185 1.8892 -0.710799 0 0 -4.4592 0.00880396 7.07943e+15 0.01 0.01 9.42143e-23 1.13425e-05 -341.036 0 0 0 0 0 0 0 0 0 7e+15 0 0 663420 663420 663420 663420 
185.5 1.88918 -0.710816 0 0 -4.45918 0.00880973 7.0766e+15 0.01 0.01 9.42236e-23 1.1338e-05 -338.965 0 0 0 0 0 0 0 0 0 7e+15 0 0 663591 663591 663591 663591 
186 1.88917 -0.710833 0 0 -4.45917 0.00881548 7.07379e+15 0.01 0.01 9.42328e-23 1.13335e-05 -336.968 0 0 0 0 0 0 0 0 0 7e+15 0 0 663760 663760 663760 663760 
186.5 1.88915 -0.71085 0 0 -4.45915 0.00882119 7.071e+15 0.01 0.01 9.42419e-23 1.1329e-05 -335.045 0 0 0 0 0 0 0 0 0 7e+15 0 0 663928 663928 663928 663928 
187 1.88913 -0.710866 0 0 -4.45913 0.00882688 7.06823e+15 0.01 0.01 9.4251e-23 1.13246e-05 -333.196 0 0 0 0 0 0 0 0 0 7e+15 0 0 664096 664096 664096 664096 
187.5 1.88912 -0.710883 0 0 -4.45912 0.00883254 7.06547e+15 0.01 0.01 9.42601e-23 1.13201e-05 -331.421 0 0 0 0 0 0 0 0 0 7e+15 0 0 664262 664262 664262 664262 
188 1.8891 -0.710899 0 0 -4.4591 0.00883817 7.06273e+15 0.01 0.01 9.42691e-23 1.13157e-05 -329.718 0 0 0 0 0 0 0 0 0 7e+15 0 0 664428 664428 664428 664428 
188.5 1.88908 -0.710916 0 0 -4.45908 0.00884378 7.06e+15 0.01 0.01 9.42781e-23 1.13114e-05 -328.088 0 0 0 0 0 0 0 0 0 7e+15 0 0 664593 664593 664593 664593 
189 1.88907 -0.710932 0 0 -4.45907 0.00884937 7.05729e+15 0.01 0.01 9.42871e-23 1.1307e-05 -326.53 0 0 0 0 0 0 0 0 0 7e+15 0 0 664757 664757 664757 664757 
189.5 1.88905 -0.710949 0 0 -4.45905 0.00885493 7.05459e+15 0.01 0.01 9.4296e-23 1.13027e-05 -325.044 0 0 0 0 0 0 0 0 0 7e+15 0 0 664920 664920 664920 664920 
190 1.88904 -0.710965 0 0 -4.45904 0.00886047 7.05191e+15 0.01 0.01 9.43049e-23 1.12984e-05 -323.629 0 0 0 0 0 0 0 0 0 7e+15 0 0 665083 665083 665083 665083 
190.5 1.88902 -0.710981 0 0 -4.45902 0.00886599 7.04923e+15 0.01 0.01 9.43137e-23 1.12941e-05 -322.286 0 0 0 0 0 0 0 0 0 7e+15 0 0 665245 665245 665245 665245 
191 1.889 -0.710997 0 0 -4.459 0.00887149 7.04657e+15 0.01 0.01 9.43225e-23 1.12898e-05 -321.013 0 0 0 0 0 0 0 0 0 7e+15 0 0 665407 665407 665407 665407 
191.5 1.88899 -0.711013 0 0 -4.45899 0.00887698 7.04392e+15 0.01 0.01 9.43313e-23 1.12856e-05 -319.81 0 0 0 0 0 0 0 0 0 7e+15 0 0 665568 665568 665568 665568 
192 1.88897 -0.711029 0 0 -4.45897 0.00888244 7.04128e+15 0.01 0.01 9.43401e-23 1.12814e-05 -318.678 0 0 0 0 0 0 0 0 0 7e+15 0 0 665728 665728 665728 665728 
192.5 1.88896 -0.711045 0 0 -4.45896 0.0088879 7.03865e+15 0.01 0.01 9.43488e-23 1.12772e-05 -317.616 0 0 0 0 0 0 0 0 0 7e+15 0 0 665888 665888 665888 665888 
193 1.88894 -0.711061 0 0 -4.45894 0.00889334 7.03603e+15 0.01 0.01 9.43575e-23 1.1273e-05 -316.623 0 0 0 0 0 0 0 0 0 7e+15 0 0 666047 666047 666047 666047 
193.5 1.88892 -0.711077 0 0 -4.45892 0.00889876 7.03341e+15 0.01 0.01 9.43662e-23 1.12688e-05 -315.7 0 0 0 0 0 0 0 0 0 7e+15 0 0 666206 666206 666206 666206 
194 1.88891 -0.711092 0 0 -4.45891 0.00890417 7.03081e+15 0.01 0.01 9.43749e-23 1.12646e-05 -314.847 0 0 0 0 0 0 0 0 0 7e+15 0 0 666364 666364 666364 666364 
194.5 1.88889 -0.711108 0 0 -4.45889 0.00890957 7.02821e+15 0.01 0.01 9.43835e-23 1.12604e-05 -314.062 0 0 0 0 0 0 0 0 0 7e+15 0 0 666522 666522 666522 666522 
195 1.88888 -0.711124 0 0 -4.45888 0.00891497 7.02563e+15 0.01 0.01 9.43922e-23 1.12563e-05 -313.346 0 0 0 0 0 0 0 0 0 7e+15 0 0 666680 666680 666680 666680 
195.5 1.88886 -0.711139 0 0 -4.45886 0.00892035 7.02304e+15 0.01 0.01 9.44008e-23 1.12522e-05 -312.699 0 0 0 0 0 0 0 0 0 7e+15 0 0 666837 666837 666837 666837 
196 1.88885 -0.711155 0 0 -4.45885 0.00892573 7.02047e+15 0.01 0.01 9.44094e-23 1.1248e-05 -312.121 0 0 0 0 0 0 0 0 0 7e+15 0 0 666995 666995 666995 666995 
196.5 1.88883 -0.711171 0 0 -4.45883 0.0089311 7.0179e+15 0.01 0.01 9.4418e-23 1.12439e-05 -311.61 0 0 0 0 0 0 0 0 0 7e+15 0 0 667152 667152 667152 667152 
197 1.88881 -0.711186 0 0 -4.45881 0.00893646 7.01533e+15 0.01 0.01 9.44266e-23 1.12398e-05 -311.169 0 0 0 0 0 0 0 0 0 7e+15 0 0 667308 667308 667308 667308 
197.5 1.8888 -0.711202 0 0 -4.4588 0.00894183 7.01277e+15 0.01 0.01 9.44352e-23 1.12357e-05 -310.795 0 0 0 0 0 0 0 0 0 7e+15 0 0 667465 667465 667465 667465 
198 1.88878 -0.711217 0 0 -4.45878 0.00894719 7.01021e+15 0.01 0.01 9.44438e-23 1.12316e-05 -310.625 0 0 0 0 0 0 0 0 0 7e+15 0 0 667621 667621 667621 667621 
198 1.88878 -0.711217 0 0 -4.45878 0.00894719 7.01021e+15 0.01 0.01 9.44438e-23 1.12316e-05 -310.378 0 0 0 0 0 0 0 0 0 7e+15 0 0 667621 667621 667621 667621 
198.409 1.88877 -0.71123 0 0 -4.45877 0.00895157 7.00812e+15 0.01 0.01 9.44508e-23 1.12282e-05 -310.29 0 0 0 0 0 0 0 0 0 7e+15 0 0 667749 667749 667749 667749 
198.752 1.88876 -0.711241 0 0 -4.45876 0.00895524 7.00637e+15 0.01 0.01 9.44567e-23 1.12254e-05 -310.158 0 0 0 0 0 0 0 0 0 7e+15 0 0 667856 667856 667856 667856 
199.038 1.88875 -0.711249 0 0 -4.45875 0.00895831 7.00491e+15 0.01 0.01 9.44616e-23 1.12231e-05 -310.072 0 0 0 0 0 0 0 0 0 7e+15 0 0 667945 667945 667945 667945 
199.277 1.88874 -0.711257 0 0 -4.45874 0.00896087 7.00368e+15 0.01 0.01 9.44657e-23 1.12211e-05 -310.017 0 0 0 0 0 0 0 0 0 7e+15 0 0 668020 668020 668020 668020 
199.478 1.88874 -0.711263 0 0 -4.45874 0.00896302 7.00266e+15 0.01 0.01 9.44692e-23 1.12195e-05 -309.983 0 0 0 0 0 0 0 0 0 7e+15 0 0 668083 668083 668083 668083 
199.645 1.88873 -0.711268 0 0 -4.45873 0.00896481 7.00181e+15 0.01 0.01 9.4472e-23 1.12181e-05 -309.963 0 0 0 0 0 0 0 0 0 7e+15 0 0 668135 668135 668135 668135 
199.785 1.88873 -0.711273 0 0 -4.45873 0.00896631 7.0011e+15 0.01 0.01 9.44744e-23 1.1217e-05 -309.953 0 0 0 0 0 0 0 0 0 7e+15 0 0 668179 668179 668179 668179 
199.902 1.88872 -0.711276 0 0 -4.45872 0.00896757 7.0005e+15 0.01 0.01 9.44765e-23 1.1216e-05 -309.948 0 0 0 0 0 0 0 0 0 7e+15 0 0 668215 668215 668215 668215 
200 1.88872 -0.711279 0 0 -4.45872 0.00896862 7e+15 0.01 0.01 9.44781e-23 1.12152e-05 -309.946 0 0 0 0 0 0 0 0 0 7e+15 0 0 668246 668246 668246 668246 