# ASCII 1D datafile generated by TiberCAD
# x Ec Ev eQFermi hQFermi ElPotential eDensity hDensity eMobility hMobility eConductivity hConductivity ElField_x ElField_y ElField_z eCurrentDensity_x eCurrentDensity_y eCurrentDensity_z hCurrentDensity_x hCurrentDensity_y hCurrentDensity_z IonizedDonors IonizedAcceptors IonizedElectronTraps IonizedHoleTraps eNetRecombination eLangevinRecombination hNetRecombination hLangevinRecombination 
0 2.61204 0.0120381 0 0 -5.18204 6.46341e-15 1.05365e+20 0.01 0.01 8.01088e-23 0.168814 -3.81675e+06 0 0 0 0 0 0 0 0 0 7.46271e+14 0 0 0 0 0 0 
0.0979066 2.57467 -0.0253304 0 0 -5.14467 2.74266e-14 8.87392e+19 0.01 0.01 8.01088e-23 0.142176 -3.58556e+06 0 0 0 0 0 0 0 0 0 2.35326e+15 0 0 0 0 0 0 
0.214985 2.53593 -0.0640727 0 0 -5.10593 1.2273e-13 7.20203e+19 0.01 0.01 8.01088e-23 0.115389 -3.08474e+06 0 0 0 0 0 0 0 0 0 4.85705e+15 0 0 0 0 0 0 
0.354988 2.4965 -0.103504 0 0 -5.0665 5.64004e-13 5.62845e+19 0.01 0.01 8.01088e-23 0.0901778 -2.60677e+06 0 0 0 0 0 0 0 0 0 6.38692e+15 0 0 0 0 0 0 
0.522406 2.45705 -0.142948 0 0 -5.02705 2.59312e-12 4.24216e+19 0.01 0.01 8.01088e-23 0.0679669 -2.16709e+06 0 0 0 0 0 0 0 0 0 6.85688e+15 0 0 0 0 0 0 
0.722606 2.41819 -0.18181 0 0 -4.98819 1.1656e-11 3.0945e+19 0.01 0.01 8.01088e-23 0.0495794 -1.77631e+06 0 0 0 0 0 0 0 0 0 6.96765e+15 0 0 0 0 0 0 
0.962009 2.38038 -0.219616 0 0 -4.95038 5.02964e-11 2.19549e+19 0.01 0.01 8.01088e-23 0.0351756 -1.43939e+06 0 0 0 0 0 0 0 0 0 6.99248e+15 0 0 0 0 0 0 
1.24829 2.34396 -0.256037 0 0 -4.91396 2.05689e-10 1.52336e+19 0.01 0.01 8.01088e-23 0.0244069 -1.15619e+06 0 0 0 0 0 0 0 0 0 6.99816e+15 0 0 0 0 0 0 
1.59063 2.30913 -0.290869 0 0 -4.87913 7.91019e-10 1.03938e+19 0.01 0.01 8.01088e-23 0.0166527 -922860 0 0 0 0 0 0 0 0 0 6.99952e+15 0 0 0 0 0 0 
2 2.27598 -0.324016 0 0 -4.84598 2.84992e-09 7.00854e+18 0.01 0.01 8.01088e-23 0.0112289 -809710 0 0 0 0 0 0 0 0 0 6.99987e+15 0 0 0 0 0 0 
2 2.27598 -0.324016 0 0 -4.84598 2.84992e-09 7.00854e+18 0.01 0.01 8.01088e-23 0.0112289 -640281 0 0 0 0 0 0 0 0 0 6.99987e+15 0 0 0 0 0 0 
2.5 2.24397 -0.35603 0 0 -4.81397 9.8268e-09 4.65549e+18 0.01 0.01 8.01088e-23 0.00745892 -578431 0 0 0 0 0 0 0 0 0 6.99996e+15 0 0 0 0 0 0 
3 2.21814 -0.381859 0 0 -4.78814 2.66751e-08 3.27839e+18 0.01 0.01 8.01089e-23 0.00525255 -473056 0 0 0 0 0 0 0 0 0 6.99999e+15 0 0 0 0 0 0 
3.5 2.19666 -0.403336 0 0 -4.76666 6.11916e-08 2.41471e+18 0.01 0.01 8.01089e-23 0.00386879 -397494 0 0 0 0 0 0 0 0 0 6.99999e+15 0 0 0 0 0 0 
4 2.17839 -0.421609 0 0 -4.74839 1.24015e-07 1.84266e+18 0.01 0.01 8.0109e-23 0.00295227 -341035 0 0 0 0 0 0 0 0 0 7e+15 0 0 0 0 0 0 
4.5 2.16256 -0.437439 0 0 -4.73256 2.28684e-07 1.44679e+18 0.01 0.01 8.01092e-23 0.00231802 -297454 0 0 0 0 0 0 0 0 0 7e+15 0 0 0 0 0 0 
5 2.14865 -0.451354 0 0 -4.71865 3.91586e-07 1.16286e+18 0.01 0.01 8.01095e-23 0.00186311 -262918 0 0 0 0 0 0 0 0 0 7e+15 0 0 0 0 0 0 
5.5 2.13627 -0.463731 0 0 -4.70627 6.31815e-07 9.5306e+17 0.01 0.01 8.01098e-23 0.00152697 -234952 0 0 0 0 0 0 0 0 0 7e+15 0 0 0 0 0 0 
6 2.12515 -0.474849 0 0 -4.69515 9.7099e-07 7.94108e+17 0.01 0.01 8.01104e-23 0.0012723 -211892 0 0 0 0 0 0 0 0 0 7e+15 0 0 0 0 0 0 
6.5 2.11508 -0.48492 0 0 -4.68508 1.43302e-06 6.7108e+17 0.01 0.01 8.01111e-23 0.00107519 -192583 0 0 0 0 0 0 0 0 0 7e+15 0 0 0 0 0 0 
7 2.10589 -0.494108 0 0 -4.67589 2.04388e-06 5.74089e+17 0.01 0.01 8.01121e-23 0.000919791 -176202 0 0 0 0 0 0 0 0 0 7e+15 0 0 0 0 0 0 
7.5 2.09746 -0.502541 0 0 -4.66746 2.8313e-06 4.96389e+17 0.01 0.01 8.01134e-23 0.000795303 -162145 0 0 0 0 0 0 0 0 0 7e+15 0 0 0 0 0 0 
8 2.08968 -0.510322 0 0 -4.65968 3.82458e-06 4.33264e+17 0.01 0.01 8.0115e-23 0.000694165 -149962 0 0 0 0 0 0 0 0 0 7e+15 0 0 0 0 0 0 
8.5 2.08246 -0.517537 0 0 -4.65246 5.05428e-06 3.81337e+17 0.01 0.01 8.01169e-23 0.000610968 -139310 0 0 0 0 0 0 0 0 0 7e+15 0 0 0 0 0 0 
9 2.07575 -0.524253 0 0 -4.64575 6.55197e-06 3.38146e+17 0.01 0.01 8.01193e-23 0.00054177 -129924 0 0 0 0 0 0 0 0 0 7e+15 0 0 0 0 0 0 
9.5 2.06947 -0.530529 0 0 -4.63947 8.35001e-06 3.01864e+17 0.01 0.01 8.01222e-23 0.00048364 -121594 0 0 0 0 0 0 0 0 0 7e+15 0 0 0 0 0 0 
10 2.06359 -0.536413 0 0 -4.63359 1.04813e-05 2.71113e+17 0.01 0.01 8.01256e-23 0.00043437 -114157 0 0 0 0 0 0 0 0 0 7e+15 0 0 0 0 0 0 
10.5 2.05806 -0.541945 0 0 -4.62806 1.29791e-05 2.44837e+17 0.01 0.01 8.01296e-23 0.000392272 -107479 0 0 0 0 0 0 0 0 0 7e+15 0 0 0 0 0 0 
11 2.05284 -0.547161 0 0 -4.62284 1.58767e-05 2.22219e+17 0.01 0.01 8.01343e-23 0.000356035 -101451 0 0 0 0 0 0 0 0 0 7e+15 0 0 0 0 0 0 
11.5 2.04791 -0.55209 0 0 -4.61791 1.92074e-05 2.0262e+17 0.01 0.01 8.01396e-23 0.000324633 -95984.2 0 0 0 0 0 0 0 0 0 7e+15 0 0 0 0 0 0 
12 2.04324 -0.556759 0 0 -4.61324 2.30042e-05 1.85531e+17 0.01 0.01 8.01457e-23 0.000297253 -91006 0 0 0 0 0 0 0 0 0 7e+15 0 0 0 0 0 0 
12.5 2.03881 -0.561191 0 0 -4.60881 2.72998e-05 1.70546e+17 0.01 0.01 8.01526e-23 0.000273245 -86454.6 0 0 0 0 0 0 0 0 0 7e+15 0 0 0 0 0 0 
13 2.0346 -0.565404 0 0 -4.6046 3.21261e-05 1.57338e+17 0.01 0.01 8.01603e-23 0.000252083 -82278.3 0 0 0 0 0 0 0 0 0 7e+15 0 0 0 0 0 0 
13.5 2.03058 -0.569418 0 0 -4.60058 3.75144e-05 1.45639e+17 0.01 0.01 8.01689e-23 0.000233339 -78433.4 0 0 0 0 0 0 0 0 0 7e+15 0 0 0 0 0 0 
14 2.02675 -0.573248 0 0 -4.59675 4.34954e-05 1.35229e+17 0.01 0.01 8.01785e-23 0.000216661 -74882.7 0 0 0 0 0 0 0 0 0 7e+15 0 0 0 0 0 0 
14.5 2.02309 -0.576907 0 0 -4.59309 5.00984e-05 1.25929e+17 0.01 0.01 8.01891e-23 0.000201761 -71594.2 0 0 0 0 0 0 0 0 0 7e+15 0 0 0 0 0 0 
15 2.01959 -0.580407 0 0 -4.58959 5.7352e-05 1.17588e+17 0.01 0.01 8.02007e-23 0.000188396 -68540.4 0 0 0 0 0 0 0 0 0 7e+15 0 0 0 0 0 0 
15.5 2.01624 -0.583761 0 0 -4.58624 6.52835e-05 1.10078e+17 0.01 0.01 8.02134e-23 0.000176365 -65697.5 0 0 0 0 0 0 0 0 0 7e+15 0 0 0 0 0 0 
16 2.01302 -0.586977 0 0 -4.58302 7.3919e-05 1.03295e+17 0.01 0.01 8.02273e-23 0.000165497 -63044.8 0 0 0 0 0 0 0 0 0 7e+15 0 0 0 0 0 0 
16.5 2.00993 -0.590065 0 0 -4.57993 8.32835e-05 9.71479e+16 0.01 0.01 8.02423e-23 0.000155648 -60564.1 0 0 0 0 0 0 0 0 0 7e+15 0 0 0 0 0 0 
17 2.00697 -0.593033 0 0 -4.57697 9.34003e-05 9.15605e+16 0.01 0.01 8.02585e-23 0.000146696 -58239.6 0 0 0 0 0 0 0 0 0 7e+15 0 0 0 0 0 0 
17.5 2.00411 -0.595889 0 0 -4.57411 0.000104292 8.64673e+16 0.01 0.01 8.02759e-23 0.000138536 -56057.2 0 0 0 0 0 0 0 0 0 7e+15 0 0 0 0 0 0 
18 2.00136 -0.598639 0 0 -4.57136 0.000115978 8.18121e+16 0.01 0.01 8.02946e-23 0.000131077 -54004.4 0 0 0 0 0 0 0 0 0 7e+15 0 0 0 0 0 0 
18.5 1.99871 -0.60129 0 0 -4.56871 0.000128479 7.75465e+16 0.01 0.01 8.03147e-23 0.000124243 -52070.4 0 0 0 0 0 0 0 0 0 7e+15 0 0 0 0 0 0 
19 1.99615 -0.603846 0 0 -4.56615 0.000141812 7.36284e+16 0.01 0.01 8.0336e-23 0.000117966 -50245.3 0 0 0 0 0 0 0 0 0 7e+15 0 0 0 0 0 0 
19.5 1.99369 -0.606314 0 0 -4.56369 0.000155993 7.00213e+16 0.01 0.01 8.03588e-23 0.000112186 -48520.2 0 0 0 0 0 0 0 0 0 7e+15 0 0 0 0 0 0 
20 1.9913 -0.608698 0 0 -4.5613 0.000171038 6.66933e+16 0.01 0.01 8.03829e-23 0.000106854 -46887.5 0 0 0 0 0 0 0 0 0 7e+15 0 0 0 0 0 0 
20.5 1.989 -0.611003 0 0 -4.559 0.000186958 6.36166e+16 0.01 0.01 8.04084e-23 0.000101925 -45340 0 0 0 0 0 0 0 0 0 7e+15 0 0 0 0 0 0 
21 1.98677 -0.613232 0 0 -4.55677 0.000203767 6.07665e+16 0.01 0.01 8.04353e-23 9.73586e-05 -43871.3 0 0 0 0 0 0 0 0 0 7e+15 0 0 0 0 0 0 
21.5 1.98461 -0.61539 0 0 -4.55461 0.000221474 5.81214e+16 0.01 0.01 8.04637e-23 9.31207e-05 -42475.7 0 0 0 0 0 0 0 0 0 7e+15 0 0 0 0 0 0 
22 1.98252 -0.61748 0 0 -4.55252 0.000240088 5.56622e+16 0.01 0.01 8.04935e-23 8.91807e-05 -41148.1 0 0 0 0 0 0 0 0 0 7e+15 0 0 0 0 0 0 
22.5 1.9805 -0.619505 0 0 -4.5505 0.000259616 5.3372e+16 0.01 0.01 8.05248e-23 8.55114e-05 -39883.6 0 0 0 0 0 0 0 0 0 7e+15 0 0 0 0 0 0 
23 1.97853 -0.621468 0 0 -4.54853 0.000280063 5.12357e+16 0.01 0.01 8.05575e-23 8.20886e-05 -38678.1 0 0 0 0 0 0 0 0 0 7e+15 0 0 0 0 0 0 
23.5 1.97663 -0.623373 0 0 -4.54663 0.000301436 4.92398e+16 0.01 0.01 8.05918e-23 7.88908e-05 -37527.5 0 0 0 0 0 0 0 0 0 7e+15 0 0 0 0 0 0 
24 1.97478 -0.625221 0 0 -4.54478 0.000323735 4.73723e+16 0.01 0.01 8.06275e-23 7.58988e-05 -36428.3 0 0 0 0 0 0 0 0 0 7e+15 0 0 0 0 0 0 
24.5 1.97298 -0.627015 0 0 -4.54298 0.000346963 4.56225e+16 0.01 0.01 8.06647e-23 7.30953e-05 -35377.3 0 0 0 0 0 0 0 0 0 7e+15 0 0 0 0 0 0 
25 1.97124 -0.628759 0 0 -4.54124 0.00037112 4.39807e+16 0.01 0.01 8.07034e-23 7.04649e-05 -34371.4 0 0 0 0 0 0 0 0 0 7e+15 0 0 0 0 0 0 
25.5 1.96955 -0.630453 0 0 -4.53955 0.000396206 4.24383e+16 0.01 0.01 8.07436e-23 6.79936e-05 -33407.8 0 0 0 0 0 0 0 0 0 7e+15 0 0 0 0 0 0 
26 1.9679 -0.632099 0 0 -4.5379 0.000422217 4.09873e+16 0.01 0.01 8.07853e-23 6.56689e-05 -32484.1 0 0 0 0 0 0 0 0 0 7e+15 0 0 0 0 0 0 
26.5 1.9663 -0.633701 0 0 -4.5363 0.00044915 3.96207e+16 0.01 0.01 8.08284e-23 6.34794e-05 -31597.9 0 0 0 0 0 0 0 0 0 7e+15 0 0 0 0 0 0 
27 1.96474 -0.635259 0 0 -4.53474 0.000477001 3.83321e+16 0.01 0.01 8.08731e-23 6.14148e-05 -30746.9 0 0 0 0 0 0 0 0 0 7e+15 0 0 0 0 0 0 
27.5 1.96322 -0.636776 0 0 -4.53322 0.000505764 3.71157e+16 0.01 0.01 8.09191e-23 5.94659e-05 -29929.4 0 0 0 0 0 0 0 0 0 7e+15 0 0 0 0 0 0 
28 1.96175 -0.638252 0 0 -4.53175 0.000535432 3.59662e+16 0.01 0.01 8.09667e-23 5.76242e-05 -29143.3 0 0 0 0 0 0 0 0 0 7e+15 0 0 0 0 0 0 
28.5 1.96031 -0.63969 0 0 -4.53031 0.000565997 3.48788e+16 0.01 0.01 8.10157e-23 5.58819e-05 -28386.9 0 0 0 0 0 0 0 0 0 7e+15 0 0 0 0 0 0 
29 1.95891 -0.641091 0 0 -4.52891 0.000597451 3.3849e+16 0.01 0.01 8.1066e-23 5.42321e-05 -27658.8 0 0 0 0 0 0 0 0 0 7e+15 0 0 0 0 0 0 
29.5 1.95754 -0.642456 0 0 -4.52754 0.000629782 3.28729e+16 0.01 0.01 8.11178e-23 5.26683e-05 -26957.3 0 0 0 0 0 0 0 0 0 7e+15 0 0 0 0 0 0 
30 1.95621 -0.643786 0 0 -4.52621 0.000662981 3.19469e+16 0.01 0.01 8.1171e-23 5.11846e-05 -26281.1 0 0 0 0 0 0 0 0 0 7e+15 0 0 0 0 0 0 
30.5 1.95492 -0.645084 0 0 -4.52492 0.000697036 3.10675e+16 0.01 0.01 8.12256e-23 4.97756e-05 -25629 0 0 0 0 0 0 0 0 0 7e+15 0 0 0 0 0 0 
31 1.95365 -0.646349 0 0 -4.52365 0.000731934 3.02317e+16 0.01 0.01 8.12815e-23 4.84365e-05 -24999.6 0 0 0 0 0 0 0 0 0 7e+15 0 0 0 0 0 0 
31.5 1.95242 -0.647584 0 0 -4.52242 0.000767662 2.94366e+16 0.01 0.01 8.13388e-23 4.71627e-05 -24392 0 0 0 0 0 0 0 0 0 7e+15 0 0 0 0 0 0 
32 1.95121 -0.648789 0 0 -4.52121 0.000804207 2.86797e+16 0.01 0.01 8.13973e-23 4.595e-05 -23805 0 0 0 0 0 0 0 0 0 7e+15 0 0 0 0 0 0 
32.5 1.95004 -0.649964 0 0 -4.52004 0.000841553 2.79586e+16 0.01 0.01 8.14571e-23 4.47945e-05 -23237.7 0 0 0 0 0 0 0 0 0 7e+15 0 0 0 0 0 0 
33 1.94889 -0.651112 0 0 -4.51889 0.000879686 2.72709e+16 0.01 0.01 8.15182e-23 4.36928e-05 -22689.2 0 0 0 0 0 0 0 0 0 7e+15 0 0 0 0 0 0 
33.5 1.94777 -0.652233 0 0 -4.51777 0.000918589 2.66147e+16 0.01 0.01 8.15806e-23 4.26415e-05 -22158.5 0 0 0 0 0 0 0 0 0 7e+15 0 0 0 0 0 0 
34 1.94667 -0.653328 0 0 -4.51667 0.000958246 2.59881e+16 0.01 0.01 8.16441e-23 4.16376e-05 -21644.8 0 0 0 0 0 0 0 0 0 7e+15 0 0 0 0 0 0 
34.5 1.9456 -0.654398 0 0 -4.5156 0.00099864 2.53894e+16 0.01 0.01 8.17088e-23 4.06783e-05 -21147.5 0 0 0 0 0 0 0 0 0 7e+15 0 0 0 0 0 0 
35 1.94456 -0.655443 0 0 -4.51456 0.00103975 2.48169e+16 0.01 0.01 8.17747e-23 3.9761e-05 -20665.8 0 0 0 0 0 0 0 0 0 7e+15 0 0 0 0 0 0 
35.5 1.94354 -0.656464 0 0 -4.51354 0.00108157 2.4269e+16 0.01 0.01 8.18417e-23 3.88833e-05 -20199 0 0 0 0 0 0 0 0 0 7e+15 0 0 0 0 0 0 
36 1.94254 -0.657463 0 0 -4.51254 0.00112407 2.37445e+16 0.01 0.01 8.19098e-23 3.80429e-05 -19746.4 0 0 0 0 0 0 0 0 0 7e+15 0 0 0 0 0 0 
36.5 1.94156 -0.658439 0 0 -4.51156 0.00116724 2.3242e+16 0.01 0.01 8.19789e-23 3.72378e-05 -19307.5 0 0 0 0 0 0 0 0 0 7e+15 0 0 0 0 0 0 
37 1.94061 -0.659394 0 0 -4.51061 0.00121105 2.27603e+16 0.01 0.01 8.20491e-23 3.64659e-05 -18881.7 0 0 0 0 0 0 0 0 0 7e+15 0 0 0 0 0 0 
37.5 1.93967 -0.660327 0 0 -4.50967 0.00125549 2.22982e+16 0.01 0.01 8.21203e-23 3.57256e-05 -18468.5 0 0 0 0 0 0 0 0 0 7e+15 0 0 0 0 0 0 
38 1.93876 -0.66124 0 0 -4.50876 0.00130053 2.18547e+16 0.01 0.01 8.21925e-23 3.50151e-05 -18067.3 0 0 0 0 0 0 0 0 0 7e+15 0 0 0 0 0 0 
38.5 1.93787 -0.662134 0 0 -4.50787 0.00134617 2.14289e+16 0.01 0.01 8.22656e-23 3.43328e-05 -17677.7 0 0 0 0 0 0 0 0 0 7e+15 0 0 0 0 0 0 
39 1.93699 -0.663008 0 0 -4.50699 0.00139237 2.10197e+16 0.01 0.01 8.23397e-23 3.36773e-05 -17299.1 0 0 0 0 0 0 0 0 0 7e+15 0 0 0 0 0 0 
39.5 1.93614 -0.663864 0 0 -4.50614 0.00143913 2.06264e+16 0.01 0.01 8.24146e-23 3.30472e-05 -16931.3 0 0 0 0 0 0 0 0 0 7e+15 0 0 0 0 0 0 
40 1.9353 -0.664701 0 0 -4.5053 0.00148641 2.02482e+16 0.01 0.01 8.24903e-23 3.24411e-05 -16573.7 0 0 0 0 0 0 0 0 0 7e+15 0 0 0 0 0 0 
40.5 1.93448 -0.665521 0 0 -4.50448 0.0015342 1.98842e+16 0.01 0.01 8.25669e-23 3.1858e-05 -16226 0 0 0 0 0 0 0 0 0 7e+15 0 0 0 0 0 0 
41 1.93368 -0.666324 0 0 -4.50368 0.00158248 1.95338e+16 0.01 0.01 8.26442e-23 3.12966e-05 -15887.8 0 0 0 0 0 0 0 0 0 7e+15 0 0 0 0 0 0 
41.5 1.93289 -0.66711 0 0 -4.50289 0.00163123 1.91963e+16 0.01 0.01 8.27223e-23 3.07558e-05 -15558.8 0 0 0 0 0 0 0 0 0 7e+15 0 0 0 0 0 0 
42 1.93212 -0.66788 0 0 -4.50212 0.00168042 1.88711e+16 0.01 0.01 8.28012e-23 3.02348e-05 -15238.6 0 0 0 0 0 0 0 0 0 7e+15 0 0 0 0 0 0 
42.5 1.93137 -0.668634 0 0 -4.50137 0.00173005 1.85576e+16 0.01 0.01 8.28807e-23 2.97325e-05 -14926.9 0 0 0 0 0 0 0 0 0 7e+15 0 0 0 0 0 0 
43 1.93063 -0.669373 0 0 -4.50063 0.00178008 1.82552e+16 0.01 0.01 8.29608e-23 2.9248e-05 -14623.3 0 0 0 0 0 0 0 0 0 7e+15 0 0 0 0 0 0 
43.5 1.9299 -0.670096 0 0 -4.4999 0.0018305 1.79634e+16 0.01 0.01 8.30416e-23 2.87806e-05 -14327.7 0 0 0 0 0 0 0 0 0 7e+15 0 0 0 0 0 0 
44 1.92919 -0.670805 0 0 -4.49919 0.00188129 1.76818e+16 0.01 0.01 8.3123e-23 2.83294e-05 -14039.7 0 0 0 0 0 0 0 0 0 7e+15 0 0 0 0 0 0 
44.5 1.9285 -0.6715 0 0 -4.4985 0.00193243 1.74099e+16 0.01 0.01 8.32049e-23 2.78937e-05 -13759.1 0 0 0 0 0 0 0 0 0 7e+15 0 0 0 0 0 0 
45 1.92782 -0.672181 0 0 -4.49782 0.0019839 1.71472e+16 0.01 0.01 8.32874e-23 2.74729e-05 -13485.6 0 0 0 0 0 0 0 0 0 7e+15 0 0 0 0 0 0 
45.5 1.92715 -0.672849 0 0 -4.49715 0.00203568 1.68934e+16 0.01 0.01 8.33703e-23 2.70661e-05 -13218.9 0 0 0 0 0 0 0 0 0 7e+15 0 0 0 0 0 0 
46 1.9265 -0.673503 0 0 -4.4965 0.00208774 1.66479e+16 0.01 0.01 8.34538e-23 2.66729e-05 -12958.9 0 0 0 0 0 0 0 0 0 7e+15 0 0 0 0 0 0 
46.5 1.92586 -0.674145 0 0 -4.49586 0.00214008 1.64106e+16 0.01 0.01 8.35376e-23 2.62927e-05 -12705.3 0 0 0 0 0 0 0 0 0 7e+15 0 0 0 0 0 0 
47 1.92523 -0.674774 0 0 -4.49523 0.00219267 1.6181e+16 0.01 0.01 8.36219e-23 2.59248e-05 -12458 0 0 0 0 0 0 0 0 0 7e+15 0 0 0 0 0 0 
47.5 1.92461 -0.67539 0 0 -4.49461 0.00224549 1.59588e+16 0.01 0.01 8.37065e-23 2.55687e-05 -12216.6 0 0 0 0 0 0 0 0 0 7e+15 0 0 0 0 0 0 
48 1.924 -0.675995 0 0 -4.494 0.00229853 1.57436e+16 0.01 0.01 8.37915e-23 2.5224e-05 -11981.1 0 0 0 0 0 0 0 0 0 7e+15 0 0 0 0 0 0 
48.5 1.92341 -0.676589 0 0 -4.49341 0.00235176 1.55353e+16 0.01 0.01 8.38768e-23 2.48902e-05 -11751.2 0 0 0 0 0 0 0 0 0 7e+15 0 0 0 0 0 0 
49 1.92283 -0.67717 0 0 -4.49283 0.00240517 1.53334e+16 0.01 0.01 8.39623e-23 2.45669e-05 -11526.7 0 0 0 0 0 0 0 0 0 7e+15 0 0 0 0 0 0 
49.5 1.92226 -0.677741 0 0 -4.49226 0.00245874 1.51379e+16 0.01 0.01 8.40482e-23 2.42535e-05 -11307.6 0 0 0 0 0 0 0 0 0 7e+15 0 0 0 0 0 0 
50 1.9217 -0.678301 0 0 -4.4917 0.00251245 1.49483e+16 0.01 0.01 8.41342e-23 2.39498e-05 -11093.6 0 0 0 0 0 0 0 0 0 7e+15 0 0 0 0 0 0 
50.5 1.92115 -0.678851 0 0 -4.49115 0.00256629 1.47644e+16 0.01 0.01 8.42205e-23 2.36552e-05 -10884.5 0 0 0 0 0 0 0 0 0 7e+15 0 0 0 0 0 0 
51 1.92061 -0.67939 0 0 -4.49061 0.00262024 1.45861e+16 0.01 0.01 8.43069e-23 2.33695e-05 -10680.3 0 0 0 0 0 0 0 0 0 7e+15 0 0 0 0 0 0 
51.5 1.92008 -0.679919 0 0 -4.49008 0.00267428 1.44131e+16 0.01 0.01 8.43935e-23 2.30924e-05 -10480.7 0 0 0 0 0 0 0 0 0 7e+15 0 0 0 0 0 0 
52 1.91956 -0.680438 0 0 -4.48956 0.0027284 1.42452e+16 0.01 0.01 8.44802e-23 2.28234e-05 -10285.7 0 0 0 0 0 0 0 0 0 7e+15 0 0 0 0 0 0 
52.5 1.91905 -0.680947 0 0 -4.48905 0.00278257 1.40822e+16 0.01 0.01 8.4567e-23 2.25622e-05 -10095 0 0 0 0 0 0 0 0 0 7e+15 0 0 0 0 0 0 
53 1.91855 -0.681447 0 0 -4.48855 0.00283679 1.3924e+16 0.01 0.01 8.46539e-23 2.23087e-05 -9908.67 0 0 0 0 0 0 0 0 0 7e+15 0 0 0 0 0 0 
53.5 1.91806 -0.681938 0 0 -4.48806 0.00289103 1.37703e+16 0.01 0.01 8.47408e-23 2.20624e-05 -9726.47 0 0 0 0 0 0 0 0 0 7e+15 0 0 0 0 0 0 
54 1.91758 -0.68242 0 0 -4.48758 0.00294529 1.36209e+16 0.01 0.01 8.48277e-23 2.18231e-05 -9548.29 0 0 0 0 0 0 0 0 0 7e+15 0 0 0 0 0 0 
54.5 1.91711 -0.682893 0 0 -4.48711 0.00299955 1.34758e+16 0.01 0.01 8.49146e-23 2.15906e-05 -9374.04 0 0 0 0 0 0 0 0 0 7e+15 0 0 0 0 0 0 
55 1.91664 -0.683357 0 0 -4.48664 0.00305379 1.33348e+16 0.01 0.01 8.50015e-23 2.13646e-05 -9203.59 0 0 0 0 0 0 0 0 0 7e+15 0 0 0 0 0 0 
55.5 1.91619 -0.683813 0 0 -4.48619 0.003108 1.31976e+16 0.01 0.01 8.50884e-23 2.11449e-05 -9036.84 0 0 0 0 0 0 0 0 0 7e+15 0 0 0 0 0 0 
56 1.91574 -0.684261 0 0 -4.48574 0.00316216 1.30642e+16 0.01 0.01 8.51752e-23 2.09312e-05 -8873.7 0 0 0 0 0 0 0 0 0 7e+15 0 0 0 0 0 0 
56.5 1.9153 -0.684701 0 0 -4.4853 0.00321627 1.29345e+16 0.01 0.01 8.52619e-23 2.07234e-05 -8714.05 0 0 0 0 0 0 0 0 0 7e+15 0 0 0 0 0 0 
57 1.91487 -0.685132 0 0 -4.48487 0.00327031 1.28083e+16 0.01 0.01 8.53484e-23 2.05211e-05 -8557.81 0 0 0 0 0 0 0 0 0 7e+15 0 0 0 0 0 0 
57.5 1.91444 -0.685556 0 0 -4.48444 0.00332426 1.26855e+16 0.01 0.01 8.54349e-23 2.03244e-05 -8404.88 0 0 0 0 0 0 0 0 0 7e+15 0 0 0 0 0 0 
58 1.91403 -0.685973 0 0 -4.48403 0.00337812 1.25659e+16 0.01 0.01 8.55212e-23 2.01328e-05 -8255.18 0 0 0 0 0 0 0 0 0 7e+15 0 0 0 0 0 0 
58.5 1.91362 -0.686382 0 0 -4.48362 0.00343187 1.24495e+16 0.01 0.01 8.56073e-23 1.99463e-05 -8108.62 0 0 0 0 0 0 0 0 0 7e+15 0 0 0 0 0 0 
59 1.91322 -0.686784 0 0 -4.48322 0.00348549 1.23362e+16 0.01 0.01 8.56932e-23 1.97647e-05 -7965.11 0 0 0 0 0 0 0 0 0 7e+15 0 0 0 0 0 0 
59.5 1.91282 -0.687178 0 0 -4.48282 0.00353899 1.22258e+16 0.01 0.01 8.57789e-23 1.95879e-05 -7824.58 0 0 0 0 0 0 0 0 0 7e+15 0 0 0 0 0 0 
60 1.91243 -0.687566 0 0 -4.48243 0.00359234 1.21182e+16 0.01 0.01 8.58644e-23 1.94156e-05 -7686.95 0 0 0 0 0 0 0 0 0 7e+15 0 0 0 0 0 0 
60.5 1.91205 -0.687947 0 0 -4.48205 0.00364554 1.20135e+16 0.01 0.01 8.59496e-23 1.92477e-05 -7552.15 0 0 0 0 0 0 0 0 0 7e+15 0 0 0 0 0 0 
61 1.91168 -0.688321 0 0 -4.48168 0.00369857 1.19113e+16 0.01 0.01 8.60346e-23 1.90841e-05 -7420.1 0 0 0 0 0 0 0 0 0 7e+15 0 0 0 0 0 0 
61.5 1.91131 -0.688689 0 0 -4.48131 0.00375143 1.18118e+16 0.01 0.01 8.61193e-23 1.89246e-05 -7290.73 0 0 0 0 0 0 0 0 0 7e+15 0 0 0 0 0 0 
62 1.91095 -0.68905 0 0 -4.48095 0.0038041 1.17148e+16 0.01 0.01 8.62037e-23 1.87691e-05 -7163.97 0 0 0 0 0 0 0 0 0 7e+15 0 0 0 0 0 0 
62.5 1.91059 -0.689405 0 0 -4.48059 0.00385658 1.16202e+16 0.01 0.01 8.62877e-23 1.86175e-05 -7039.77 0 0 0 0 0 0 0 0 0 7e+15 0 0 0 0 0 0 
63 1.91025 -0.689754 0 0 -4.48025 0.00390886 1.15279e+16 0.01 0.01 8.63715e-23 1.84697e-05 -6918.05 0 0 0 0 0 0 0 0 0 7e+15 0 0 0 0 0 0 
63.5 1.9099 -0.690097 0 0 -4.4799 0.00396092 1.14379e+16 0.01 0.01 8.64549e-23 1.83255e-05 -6798.76 0 0 0 0 0 0 0 0 0 7e+15 0 0 0 0 0 0 
64 1.90957 -0.690434 0 0 -4.47957 0.00401276 1.13501e+16 0.01 0.01 8.6538e-23 1.81848e-05 -6681.84 0 0 0 0 0 0 0 0 0 7e+15 0 0 0 0 0 0 
64.5 1.90923 -0.690765 0 0 -4.47923 0.00406438 1.12644e+16 0.01 0.01 8.66207e-23 1.80475e-05 -6567.22 0 0 0 0 0 0 0 0 0 7e+15 0 0 0 0 0 0 
65 1.90891 -0.691091 0 0 -4.47891 0.00411575 1.11807e+16 0.01 0.01 8.6703e-23 1.79135e-05 -6454.86 0 0 0 0 0 0 0 0 0 7e+15 0 0 0 0 0 0 
65.5 1.90859 -0.691411 0 0 -4.47859 0.00416688 1.10991e+16 0.01 0.01 8.67849e-23 1.77827e-05 -6344.69 0 0 0 0 0 0 0 0 0 7e+15 0 0 0 0 0 0 
66 1.90827 -0.691725 0 0 -4.47827 0.00421776 1.10194e+16 0.01 0.01 8.68664e-23 1.76551e-05 -6236.67 0 0 0 0 0 0 0 0 0 7e+15 0 0 0 0 0 0 
66.5 1.90797 -0.692035 0 0 -4.47797 0.00426837 1.09416e+16 0.01 0.01 8.69475e-23 1.75304e-05 -6130.75 0 0 0 0 0 0 0 0 0 7e+15 0 0 0 0 0 0 
67 1.90766 -0.692339 0 0 -4.47766 0.00431872 1.08656e+16 0.01 0.01 8.70282e-23 1.74087e-05 -6026.87 0 0 0 0 0 0 0 0 0 7e+15 0 0 0 0 0 0 
67.5 1.90736 -0.692637 0 0 -4.47736 0.0043688 1.07914e+16 0.01 0.01 8.71084e-23 1.72898e-05 -5924.99 0 0 0 0 0 0 0 0 0 7e+15 0 0 0 0 0 0 
68 1.90707 -0.692931 0 0 -4.47707 0.0044186 1.0719e+16 0.01 0.01 8.71882e-23 1.71737e-05 -5825.06 0 0 0 0 0 0 0 0 0 7e+15 0 0 0 0 0 0 
68.5 1.90678 -0.69322 0 0 -4.47678 0.00446811 1.06481e+16 0.01 0.01 8.72675e-23 1.70602e-05 -5727.04 0 0 0 0 0 0 0 0 0 7e+15 0 0 0 0 0 0 
69 1.9065 -0.693504 0 0 -4.4765 0.00451733 1.05789e+16 0.01 0.01 8.73464e-23 1.69493e-05 -5630.88 0 0 0 0 0 0 0 0 0 7e+15 0 0 0 0 0 0 
69.5 1.90622 -0.693783 0 0 -4.47622 0.00456625 1.05113e+16 0.01 0.01 8.74248e-23 1.6841e-05 -5536.55 0 0 0 0 0 0 0 0 0 7e+15 0 0 0 0 0 0 
70 1.90594 -0.694057 0 0 -4.47594 0.00461487 1.04452e+16 0.01 0.01 8.75027e-23 1.67351e-05 -5443.99 0 0 0 0 0 0 0 0 0 7e+15 0 0 0 0 0 0 
70.5 1.90567 -0.694327 0 0 -4.47567 0.00466319 1.03806e+16 0.01 0.01 8.75801e-23 1.66316e-05 -5353.17 0 0 0 0 0 0 0 0 0 7e+15 0 0 0 0 0 0 
71 1.90541 -0.694593 0 0 -4.47541 0.00471119 1.03174e+16 0.01 0.01 8.7657e-23 1.65304e-05 -5264.05 0 0 0 0 0 0 0 0 0 7e+15 0 0 0 0 0 0 
71.5 1.90515 -0.694854 0 0 -4.47515 0.00475887 1.02557e+16 0.01 0.01 8.77334e-23 1.64314e-05 -5176.59 0 0 0 0 0 0 0 0 0 7e+15 0 0 0 0 0 0 
72 1.90489 -0.69511 0 0 -4.47489 0.00480623 1.01953e+16 0.01 0.01 8.78093e-23 1.63347e-05 -5090.76 0 0 0 0 0 0 0 0 0 7e+15 0 0 0 0 0 0 
72.5 1.90464 -0.695363 0 0 -4.47464 0.00485327 1.01362e+16 0.01 0.01 8.78846e-23 1.624e-05 -5006.52 0 0 0 0 0 0 0 0 0 7e+15 0 0 0 0 0 0 
73 1.90439 -0.695611 0 0 -4.47439 0.00489998 1.00785e+16 0.01 0.01 8.79595e-23 1.61475e-05 -4923.83 0 0 0 0 0 0 0 0 0 7e+15 0 0 0 0 0 0 
73.5 1.90414 -0.695855 0 0 -4.47414 0.00494636 1.00219e+16 0.01 0.01 8.80338e-23 1.60569e-05 -4842.66 0 0 0 0 0 0 0 0 0 7e+15 0 0 0 0 0 0 
74 1.9039 -0.696095 0 0 -4.4739 0.0049924 9.96664e+15 0.01 0.01 8.81075e-23 1.59683e-05 -4762.98 0 0 0 0 0 0 0 0 0 7e+15 0 0 0 0 0 0 
74.5 1.90367 -0.696331 0 0 -4.47367 0.0050381 9.91254e+15 0.01 0.01 8.81808e-23 1.58816e-05 -4684.76 0 0 0 0 0 0 0 0 0 7e+15 0 0 0 0 0 0 
75 1.90344 -0.696564 0 0 -4.47344 0.00508347 9.85959e+15 0.01 0.01 8.82534e-23 1.57968e-05 -4607.96 0 0 0 0 0 0 0 0 0 7e+15 0 0 0 0 0 0 
75.5 1.90321 -0.696792 0 0 -4.47321 0.00512848 9.80777e+15 0.01 0.01 8.83256e-23 1.57138e-05 -4532.55 0 0 0 0 0 0 0 0 0 7e+15 0 0 0 0 0 0 
76 1.90298 -0.697017 0 0 -4.47298 0.00517315 9.75705e+15 0.01 0.01 8.83971e-23 1.56325e-05 -4458.51 0 0 0 0 0 0 0 0 0 7e+15 0 0 0 0 0 0 
76.5 1.90276 -0.697238 0 0 -4.47276 0.00521747 9.7074e+15 0.01 0.01 8.84681e-23 1.5553e-05 -4385.81 0 0 0 0 0 0 0 0 0 7e+15 0 0 0 0 0 0 
77 1.90254 -0.697456 0 0 -4.47254 0.00526144 9.65879e+15 0.01 0.01 8.85386e-23 1.54751e-05 -4314.41 0 0 0 0 0 0 0 0 0 7e+15 0 0 0 0 0 0 
77.5 1.90233 -0.69767 0 0 -4.47233 0.00530505 9.6112e+15 0.01 0.01 8.86085e-23 1.53988e-05 -4244.29 0 0 0 0 0 0 0 0 0 7e+15 0 0 0 0 0 0 
78 1.90212 -0.69788 0 0 -4.47212 0.00534831 9.5646e+15 0.01 0.01 8.86778e-23 1.53242e-05 -4175.43 0 0 0 0 0 0 0 0 0 7e+15 0 0 0 0 0 0 
78.5 1.90191 -0.698087 0 0 -4.47191 0.00539121 9.51895e+15 0.01 0.01 8.87465e-23 1.5251e-05 -4107.79 0 0 0 0 0 0 0 0 0 7e+15 0 0 0 0 0 0 
79 1.90171 -0.698291 0 0 -4.47171 0.00543375 9.47425e+15 0.01 0.01 8.88147e-23 1.51794e-05 -4041.35 0 0 0 0 0 0 0 0 0 7e+15 0 0 0 0 0 0 
79.5 1.90151 -0.698491 0 0 -4.47151 0.00547593 9.43047e+15 0.01 0.01 8.88822e-23 1.51093e-05 -3976.09 0 0 0 0 0 0 0 0 0 7e+15 0 0 0 0 0 0 
80 1.90131 -0.698688 0 0 -4.47131 0.00551775 9.38757e+15 0.01 0.01 8.89492e-23 1.50405e-05 -3911.99 0 0 0 0 0 0 0 0 0 7e+15 0 0 0 0 0 0 
80.5 1.90112 -0.698882 0 0 -4.47112 0.00555921 9.34555e+15 0.01 0.01 8.90157e-23 1.49732e-05 -3849.01 0 0 0 0 0 0 0 0 0 7e+15 0 0 0 0 0 0 
81 1.90093 -0.699073 0 0 -4.47093 0.00560031 9.30438e+15 0.01 0.01 8.90815e-23 1.49073e-05 -3787.14 0 0 0 0 0 0 0 0 0 7e+15 0 0 0 0 0 0 
81.5 1.90074 -0.699261 0 0 -4.47074 0.00564104 9.26404e+15 0.01 0.01 8.91468e-23 1.48426e-05 -3726.36 0 0 0 0 0 0 0 0 0 7e+15 0 0 0 0 0 0 
82 1.90055 -0.699446 0 0 -4.47055 0.00568141 9.2245e+15 0.01 0.01 8.92114e-23 1.47793e-05 -3666.64 0 0 0 0 0 0 0 0 0 7e+15 0 0 0 0 0 0 
82.5 1.90037 -0.699628 0 0 -4.47037 0.00572141 9.18575e+15 0.01 0.01 8.92755e-23 1.47172e-05 -3607.96 0 0 0 0 0 0 0 0 0 7e+15 0 0 0 0 0 0 
83 1.90019 -0.699807 0 0 -4.47019 0.00576105 9.14778e+15 0.01 0.01 8.9339e-23 1.46564e-05 -3550.3 0 0 0 0 0 0 0 0 0 7e+15 0 0 0 0 0 0 
83.5 1.90002 -0.699983 0 0 -4.47002 0.00580033 9.11055e+15 0.01 0.01 8.9402e-23 1.45967e-05 -3493.64 0 0 0 0 0 0 0 0 0 7e+15 0 0 0 0 0 0 
84 1.89984 -0.700156 0 0 -4.46984 0.00583923 9.07406e+15 0.01 0.01 8.94643e-23 1.45382e-05 -3437.97 0 0 0 0 0 0 0 0 0 7e+15 0 0 0 0 0 0 
84.5 1.89967 -0.700327 0 0 -4.46967 0.00587778 9.03828e+15 0.01 0.01 8.95261e-23 1.44809e-05 -3383.25 0 0 0 0 0 0 0 0 0 7e+15 0 0 0 0 0 0 
85 1.89951 -0.700494 0 0 -4.46951 0.00591596 9.0032e+15 0.01 0.01 8.95872e-23 1.44247e-05 -3329.48 0 0 0 0 0 0 0 0 0 7e+15 0 0 0 0 0 0 
85.5 1.89934 -0.70066 0 0 -4.46934 0.00595377 8.96881e+15 0.01 0.01 8.96478e-23 1.43696e-05 -3276.63 0 0 0 0 0 0 0 0 0 7e+15 0 0 0 0 0 0 
86 1.89918 -0.700822 0 0 -4.46918 0.00599122 8.93508e+15 0.01 0.01 8.97078e-23 1.43156e-05 -3224.69 0 0 0 0 0 0 0 0 0 7e+15 0 0 0 0 0 0 
86.5 1.89902 -0.700982 0 0 -4.46902 0.00602831 8.902e+15 0.01 0.01 8.97672e-23 1.42626e-05 -3173.63 0 0 0 0 0 0 0 0 0 7e+15 0 0 0 0 0 0 
87 1.89886 -0.701139 0 0 -4.46886 0.00606503 8.86956e+15 0.01 0.01 8.98261e-23 1.42106e-05 -3123.45 0 0 0 0 0 0 0 0 0 7e+15 0 0 0 0 0 0 
87.5 1.89871 -0.701294 0 0 -4.46871 0.0061014 8.83775e+15 0.01 0.01 8.98843e-23 1.41596e-05 -3074.13 0 0 0 0 0 0 0 0 0 7e+15 0 0 0 0 0 0 
88 1.89855 -0.701447 0 0 -4.46855 0.0061374 8.80653e+15 0.01 0.01 8.9942e-23 1.41096e-05 -3025.64 0 0 0 0 0 0 0 0 0 7e+15 0 0 0 0 0 0 
88.5 1.8984 -0.701597 0 0 -4.4684 0.00617304 8.77592e+15 0.01 0.01 8.99991e-23 1.40606e-05 -2977.97 0 0 0 0 0 0 0 0 0 7e+15 0 0 0 0 0 0 
89 1.89826 -0.701745 0 0 -4.46826 0.00620832 8.74588e+15 0.01 0.01 9.00556e-23 1.40124e-05 -2931.11 0 0 0 0 0 0 0 0 0 7e+15 0 0 0 0 0 0 
89.5 1.89811 -0.70189 0 0 -4.46811 0.00624324 8.71641e+15 0.01 0.01 9.01116e-23 1.39652e-05 -2885.05 0 0 0 0 0 0 0 0 0 7e+15 0 0 0 0 0 0 
90 1.89797 -0.702033 0 0 -4.46797 0.00627781 8.68749e+15 0.01 0.01 9.0167e-23 1.39189e-05 -2839.76 0 0 0 0 0 0 0 0 0 7e+15 0 0 0 0 0 0 
90.5 1.89783 -0.702174 0 0 -4.46783 0.00631202 8.65912e+15 0.01 0.01 9.02218e-23 1.38734e-05 -2795.23 0 0 0 0 0 0 0 0 0 7e+15 0 0 0 0 0 0 
91 1.89769 -0.702313 0 0 -4.46769 0.00634588 8.63128e+15 0.01 0.01 9.0276e-23 1.38288e-05 -2751.45 0 0 0 0 0 0 0 0 0 7e+15 0 0 0 0 0 0 
91.5 1.89755 -0.702449 0 0 -4.46755 0.00637939 8.60395e+15 0.01 0.01 9.03297e-23 1.37851e-05 -2708.4 0 0 0 0 0 0 0 0 0 7e+15 0 0 0 0 0 0 
92 1.89742 -0.702584 0 0 -4.46742 0.00641254 8.57714e+15 0.01 0.01 9.03828e-23 1.37421e-05 -2666.08 0 0 0 0 0 0 0 0 0 7e+15 0 0 0 0 0 0 
92.5 1.89728 -0.702716 0 0 -4.46728 0.00644534 8.55082e+15 0.01 0.01 9.04354e-23 1.36999e-05 -2624.46 0 0 0 0 0 0 0 0 0 7e+15 0 0 0 0 0 0 
93 1.89715 -0.702846 0 0 -4.46715 0.0064778 8.52498e+15 0.01 0.01 9.04874e-23 1.36585e-05 -2583.54 0 0 0 0 0 0 0 0 0 7e+15 0 0 0 0 0 0 
93.5 1.89703 -0.702974 0 0 -4.46703 0.00650991 8.49962e+15 0.01 0.01 9.05389e-23 1.36179e-05 -2543.29 0 0 0 0 0 0 0 0 0 7e+15 0 0 0 0 0 0 
94 1.8969 -0.7031 0 0 -4.4669 0.00654168 8.47472e+15 0.01 0.01 9.05897e-23 1.3578e-05 -2503.72 0 0 0 0 0 0 0 0 0 7e+15 0 0 0 0 0 0 
94.5 1.89678 -0.703225 0 0 -4.46678 0.0065731 8.45028e+15 0.01 0.01 9.06401e-23 1.35388e-05 -2464.8 0 0 0 0 0 0 0 0 0 7e+15 0 0 0 0 0 0 
95 1.89665 -0.703347 0 0 -4.46665 0.00660418 8.42628e+15 0.01 0.01 9.06899e-23 1.35004e-05 -2426.53 0 0 0 0 0 0 0 0 0 7e+15 0 0 0 0 0 0 
95.5 1.89653 -0.703467 0 0 -4.46653 0.00663493 8.40272e+15 0.01 0.01 9.07391e-23 1.34626e-05 -2388.89 0 0 0 0 0 0 0 0 0 7e+15 0 0 0 0 0 0 
96 1.89641 -0.703586 0 0 -4.46641 0.00666533 8.37958e+15 0.01 0.01 9.07879e-23 1.34256e-05 -2351.87 0 0 0 0 0 0 0 0 0 7e+15 0 0 0 0 0 0 
96.5 1.8963 -0.703702 0 0 -4.4663 0.0066954 8.35686e+15 0.01 0.01 9.0836e-23 1.33892e-05 -2315.46 0 0 0 0 0 0 0 0 0 7e+15 0 0 0 0 0 0 
97 1.89618 -0.703817 0 0 -4.46618 0.00672514 8.33455e+15 0.01 0.01 9.08837e-23 1.33534e-05 -2279.65 0 0 0 0 0 0 0 0 0 7e+15 0 0 0 0 0 0 
97.5 1.89607 -0.70393 0 0 -4.46607 0.00675455 8.31264e+15 0.01 0.01 9.09308e-23 1.33183e-05 -2244.43 0 0 0 0 0 0 0 0 0 7e+15 0 0 0 0 0 0 
98 1.89596 -0.704042 0 0 -4.46596 0.00678363 8.29112e+15 0.01 0.01 9.09774e-23 1.32838e-05 -2209.78 0 0 0 0 0 0 0 0 0 7e+15 0 0 0 0 0 0 
98.5 1.89585 -0.704151 0 0 -4.46585 0.00681238 8.26999e+15 0.01 0.01 9.10235e-23 1.325e-05 -2175.71 0 0 0 0 0 0 0 0 0 7e+15 0 0 0 0 0 0 
99 1.89574 -0.704259 0 0 -4.46574 0.00684081 8.24923e+15 0.01 0.01 9.1069e-23 1.32167e-05 -2142.19 0 0 0 0 0 0 0 0 0 7e+15 0 0 0 0 0 0 
99.5 1.89563 -0.704366 0 0 -4.46563 0.00686892 8.22883e+15 0.01 0.01 9.1114e-23 1.3184e-05 -2109.22 0 0 0 0 0 0 0 0 0 7e+15 0 0 0 0 0 0 
100 1.89553 -0.70447 0 0 -4.46553 0.00689671 8.2088e+15 0.01 0.01 9.11586e-23 1.31519e-05 -2076.79 0 0 0 0 0 0 0 0 0 7e+15 0 0 0 0 0 0 
100.5 1.89543 -0.704573 0 0 -4.46543 0.00692418 8.18912e+15 0.01 0.01 9.12026e-23 1.31204e-05 -2044.88 0 0 0 0 0 0 0 0 0 7e+15 0 0 0 0 0 0 
101 1.89533 -0.704675 0 0 -4.46533 0.00695133 8.16979e+15 0.01 0.01 9.12461e-23 1.30894e-05 -2013.49 0 0 0 0 0 0 0 0 0 7e+15 0 0 0 0 0 0 
101.5 1.89523 -0.704775 0 0 -4.46523 0.00697817 8.15079e+15 0.01 0.01 9.12891e-23 1.3059e-05 -1982.62 0 0 0 0 0 0 0 0 0 7e+15 0 0 0 0 0 0 
102 1.89513 -0.704873 0 0 -4.46513 0.00700471 8.13213e+15 0.01 0.01 9.13316e-23 1.30291e-05 -1952.24 0 0 0 0 0 0 0 0 0 7e+15 0 0 0 0 0 0 
102.5 1.89503 -0.70497 0 0 -4.46503 0.00703093 8.11379e+15 0.01 0.01 9.13736e-23 1.29997e-05 -1922.36 0 0 0 0 0 0 0 0 0 7e+15 0 0 0 0 0 0 
103 1.89493 -0.705065 0 0 -4.46493 0.00705685 8.09578e+15 0.01 0.01 9.14151e-23 1.29709e-05 -1892.96 0 0 0 0 0 0 0 0 0 7e+15 0 0 0 0 0 0 
103.5 1.89484 -0.705159 0 0 -4.46484 0.00708247 8.07807e+15 0.01 0.01 9.14562e-23 1.29425e-05 -1864.04 0 0 0 0 0 0 0 0 0 7e+15 0 0 0 0 0 0 
104 1.89475 -0.705252 0 0 -4.46475 0.00710778 8.06067e+15 0.01 0.01 9.14967e-23 1.29146e-05 -1835.58 0 0 0 0 0 0 0 0 0 7e+15 0 0 0 0 0 0 
104.5 1.89466 -0.705343 0 0 -4.46466 0.0071328 8.04357e+15 0.01 0.01 9.15368e-23 1.28872e-05 -1807.58 0 0 0 0 0 0 0 0 0 7e+15 0 0 0 0 0 0 
105 1.89457 -0.705432 0 0 -4.46457 0.00715752 8.02676e+15 0.01 0.01 9.15764e-23 1.28603e-05 -1780.04 0 0 0 0 0 0 0 0 0 7e+15 0 0 0 0 0 0 
105.5 1.89448 -0.705521 0 0 -4.46448 0.00718195 8.01025e+15 0.01 0.01 9.16156e-23 1.28338e-05 -1752.94 0 0 0 0 0 0 0 0 0 7e+15 0 0 0 0 0 0 
106 1.89439 -0.705608 0 0 -4.46439 0.00720609 7.99401e+15 0.01 0.01 9.16543e-23 1.28078e-05 -1726.27 0 0 0 0 0 0 0 0 0 7e+15 0 0 0 0 0 0 
106.5 1.89431 -0.705693 0 0 -4.46431 0.00722995 7.97805e+15 0.01 0.01 9.16925e-23 1.27823e-05 -1700.03 0 0 0 0 0 0 0 0 0 7e+15 0 0 0 0 0 0 
107 1.89422 -0.705778 0 0 -4.46422 0.00725351 7.96237e+15 0.01 0.01 9.17302e-23 1.27571e-05 -1674.21 0 0 0 0 0 0 0 0 0 7e+15 0 0 0 0 0 0 
107.5 1.89414 -0.705861 0 0 -4.46414 0.0072768 7.94695e+15 0.01 0.01 9.17675e-23 1.27324e-05 -1648.81 0 0 0 0 0 0 0 0 0 7e+15 0 0 0 0 0 0 
108 1.89406 -0.705942 0 0 -4.46406 0.0072998 7.93179e+15 0.01 0.01 9.18044e-23 1.27081e-05 -1623.81 0 0 0 0 0 0 0 0 0 7e+15 0 0 0 0 0 0 
108.5 1.89398 -0.706023 0 0 -4.46398 0.00732253 7.91689e+15 0.01 0.01 9.18408e-23 1.26843e-05 -1599.21 0 0 0 0 0 0 0 0 0 7e+15 0 0 0 0 0 0 
109 1.8939 -0.706102 0 0 -4.4639 0.00734498 7.90224e+15 0.01 0.01 9.18768e-23 1.26608e-05 -1575.01 0 0 0 0 0 0 0 0 0 7e+15 0 0 0 0 0 0 
109.5 1.89382 -0.706181 0 0 -4.46382 0.00736716 7.88784e+15 0.01 0.01 9.19123e-23 1.26377e-05 -1551.19 0 0 0 0 0 0 0 0 0 7e+15 0 0 0 0 0 0 
110 1.89374 -0.706258 0 0 -4.46374 0.00738907 7.87368e+15 0.01 0.01 9.19474e-23 1.2615e-05 -1527.75 0 0 0 0 0 0 0 0 0 7e+15 0 0 0 0 0 0 
110.5 1.89367 -0.706333 0 0 -4.46367 0.00741071 7.85976e+15 0.01 0.01 9.19821e-23 1.25927e-05 -1504.69 0 0 0 0 0 0 0 0 0 7e+15 0 0 0 0 0 0 
111 1.89359 -0.706408 0 0 -4.46359 0.00743208 7.84607e+15 0.01 0.01 9.20163e-23 1.25708e-05 -1481.99 0 0 0 0 0 0 0 0 0 7e+15 0 0 0 0 0 0 
111.5 1.89352 -0.706482 0 0 -4.46352 0.0074532 7.8326e+15 0.01 0.01 9.20502e-23 1.25492e-05 -1459.66 0 0 0 0 0 0 0 0 0 7e+15 0 0 0 0 0 0 
112 1.89345 -0.706554 0 0 -4.46345 0.00747405 7.81937e+15 0.01 0.01 9.20836e-23 1.2528e-05 -1437.68 0 0 0 0 0 0 0 0 0 7e+15 0 0 0 0 0 0 
112.5 1.89337 -0.706625 0 0 -4.46337 0.00749465 7.80635e+15 0.01 0.01 9.21166e-23 1.25071e-05 -1416.05 0 0 0 0 0 0 0 0 0 7e+15 0 0 0 0 0 0 
113 1.8933 -0.706696 0 0 -4.4633 0.007515 7.79355e+15 0.01 0.01 9.21492e-23 1.24866e-05 -1394.76 0 0 0 0 0 0 0 0 0 7e+15 0 0 0 0 0 0 
113.5 1.89324 -0.706765 0 0 -4.46324 0.00753509 7.78095e+15 0.01 0.01 9.21814e-23 1.24665e-05 -1373.81 0 0 0 0 0 0 0 0 0 7e+15 0 0 0 0 0 0 
114 1.89317 -0.706833 0 0 -4.46317 0.00755493 7.76857e+15 0.01 0.01 9.22132e-23 1.24466e-05 -1353.2 0 0 0 0 0 0 0 0 0 7e+15 0 0 0 0 0 0 
114.5 1.8931 -0.7069 0 0 -4.4631 0.00757453 7.75639e+15 0.01 0.01 9.22446e-23 1.24271e-05 -1332.91 0 0 0 0 0 0 0 0 0 7e+15 0 0 0 0 0 0 
115 1.89303 -0.706966 0 0 -4.46303 0.00759388 7.74441e+15 0.01 0.01 9.22756e-23 1.24079e-05 -1312.94 0 0 0 0 0 0 0 0 0 7e+15 0 0 0 0 0 0 
115.5 1.89297 -0.707031 0 0 -4.46297 0.007613 7.73263e+15 0.01 0.01 9.23062e-23 1.2389e-05 -1293.28 0 0 0 0 0 0 0 0 0 7e+15 0 0 0 0 0 0 
116 1.8929 -0.707096 0 0 -4.4629 0.00763187 7.72104e+15 0.01 0.01 9.23364e-23 1.23705e-05 -1273.94 0 0 0 0 0 0 0 0 0 7e+15 0 0 0 0 0 0 
116.5 1.89284 -0.707159 0 0 -4.46284 0.0076505 7.70964e+15 0.01 0.01 9.23663e-23 1.23522e-05 -1254.91 0 0 0 0 0 0 0 0 0 7e+15 0 0 0 0 0 0 
117 1.89278 -0.707221 0 0 -4.46278 0.00766891 7.69843e+15 0.01 0.01 9.23958e-23 1.23342e-05 -1236.17 0 0 0 0 0 0 0 0 0 7e+15 0 0 0 0 0 0 
117.5 1.89272 -0.707282 0 0 -4.46272 0.00768708 7.6874e+15 0.01 0.01 9.24249e-23 1.23166e-05 -1217.73 0 0 0 0 0 0 0 0 0 7e+15 0 0 0 0 0 0 
118 1.89266 -0.707343 0 0 -4.46266 0.00770502 7.67655e+15 0.01 0.01 9.24536e-23 1.22992e-05 -1199.59 0 0 0 0 0 0 0 0 0 7e+15 0 0 0 0 0 0 
118.5 1.8926 -0.707402 0 0 -4.4626 0.00772273 7.66587e+15 0.01 0.01 9.2482e-23 1.22821e-05 -1181.73 0 0 0 0 0 0 0 0 0 7e+15 0 0 0 0 0 0 
119 1.89254 -0.707461 0 0 -4.46254 0.00774023 7.65537e+15 0.01 0.01 9.251e-23 1.22652e-05 -1164.15 0 0 0 0 0 0 0 0 0 7e+15 0 0 0 0 0 0 
119.5 1.89248 -0.707519 0 0 -4.46248 0.0077575 7.64503e+15 0.01 0.01 9.25377e-23 1.22487e-05 -1146.84 0 0 0 0 0 0 0 0 0 7e+15 0 0 0 0 0 0 
120 1.89242 -0.707576 0 0 -4.46242 0.00777455 7.63486e+15 0.01 0.01 9.2565e-23 1.22324e-05 -1129.81 0 0 0 0 0 0 0 0 0 7e+15 0 0 0 0 0 0 
120.5 1.89237 -0.707632 0 0 -4.46237 0.00779138 7.62486e+15 0.01 0.01 9.2592e-23 1.22164e-05 -1113.05 0 0 0 0 0 0 0 0 0 7e+15 0 0 0 0 0 0 
121 1.89231 -0.707687 0 0 -4.46231 0.007808 7.61501e+15 0.01 0.01 9.26186e-23 1.22006e-05 -1096.56 0 0 0 0 0 0 0 0 0 7e+15 0 0 0 0 0 0 
121.5 1.89226 -0.707741 0 0 -4.46226 0.00782441 7.60533e+15 0.01 0.01 9.26449e-23 1.21851e-05 -1080.32 0 0 0 0 0 0 0 0 0 7e+15 0 0 0 0 0 0 
122 1.8922 -0.707795 0 0 -4.4622 0.00784061 7.59579e+15 0.01 0.01 9.26709e-23 1.21698e-05 -1064.34 0 0 0 0 0 0 0 0 0 7e+15 0 0 0 0 0 0 
122.5 1.89215 -0.707848 0 0 -4.46215 0.00785661 7.58642e+15 0.01 0.01 9.26965e-23 1.21548e-05 -1048.61 0 0 0 0 0 0 0 0 0 7e+15 0 0 0 0 0 0 
123 1.8921 -0.7079 0 0 -4.4621 0.0078724 7.57718e+15 0.01 0.01 9.27218e-23 1.214e-05 -1033.13 0 0 0 0 0 0 0 0 0 7e+15 0 0 0 0 0 0 
123.5 1.89205 -0.707951 0 0 -4.46205 0.00788799 7.5681e+15 0.01 0.01 9.27468e-23 1.21254e-05 -1017.89 0 0 0 0 0 0 0 0 0 7e+15 0 0 0 0 0 0 
124 1.892 -0.708002 0 0 -4.462 0.00790337 7.55916e+15 0.01 0.01 9.27714e-23 1.21111e-05 -1002.89 0 0 0 0 0 0 0 0 0 7e+15 0 0 0 0 0 0 
124.5 1.89195 -0.708051 0 0 -4.46195 0.00791856 7.55036e+15 0.01 0.01 9.27958e-23 1.2097e-05 -988.128 0 0 0 0 0 0 0 0 0 7e+15 0 0 0 0 0 0 
125 1.8919 -0.7081 0 0 -4.4619 0.00793356 7.5417e+15 0.01 0.01 9.28198e-23 1.20831e-05 -973.598 0 0 0 0 0 0 0 0 0 7e+15 0 0 0 0 0 0 
125.5 1.89185 -0.708149 0 0 -4.46185 0.00794836 7.53318e+15 0.01 0.01 9.28435e-23 1.20695e-05 -959.296 0 0 0 0 0 0 0 0 0 7e+15 0 0 0 0 0 0 
126 1.8918 -0.708196 0 0 -4.4618 0.00796297 7.52479e+15 0.01 0.01 9.28669e-23 1.2056e-05 -945.22 0 0 0 0 0 0 0 0 0 7e+15 0 0 0 0 0 0 
126.5 1.89176 -0.708243 0 0 -4.46176 0.0079774 7.51653e+15 0.01 0.01 9.289e-23 1.20428e-05 -931.365 0 0 0 0 0 0 0 0 0 7e+15 0 0 0 0 0 0 
127 1.89171 -0.70829 0 0 -4.46171 0.00799164 7.5084e+15 0.01 0.01 9.29128e-23 1.20298e-05 -917.728 0 0 0 0 0 0 0 0 0 7e+15 0 0 0 0 0 0 
127.5 1.89166 -0.708335 0 0 -4.46166 0.00800569 7.5004e+15 0.01 0.01 9.29354e-23 1.2017e-05 -904.305 0 0 0 0 0 0 0 0 0 7e+15 0 0 0 0 0 0 
128 1.89162 -0.70838 0 0 -4.46162 0.00801957 7.49253e+15 0.01 0.01 9.29576e-23 1.20044e-05 -891.094 0 0 0 0 0 0 0 0 0 7e+15 0 0 0 0 0 0 
128.5 1.89158 -0.708424 0 0 -4.46158 0.00803326 7.48477e+15 0.01 0.01 9.29795e-23 1.19919e-05 -878.091 0 0 0 0 0 0 0 0 0 7e+15 0 0 0 0 0 0 
129 1.89153 -0.708468 0 0 -4.46153 0.00804678 7.47714e+15 0.01 0.01 9.30012e-23 1.19797e-05 -865.293 0 0 0 0 0 0 0 0 0 7e+15 0 0 0 0 0 0 
129.5 1.89149 -0.708511 0 0 -4.46149 0.00806012 7.46963e+15 0.01 0.01 9.30226e-23 1.19677e-05 -852.696 0 0 0 0 0 0 0 0 0 7e+15 0 0 0 0 0 0 
130 1.89145 -0.708553 0 0 -4.46145 0.00807329 7.46223e+15 0.01 0.01 9.30437e-23 1.19558e-05 -840.297 0 0 0 0 0 0 0 0 0 7e+15 0 0 0 0 0 0 
130.5 1.89141 -0.708595 0 0 -4.46141 0.00808629 7.45494e+15 0.01 0.01 9.30645e-23 1.19441e-05 -828.094 0 0 0 0 0 0 0 0 0 7e+15 0 0 0 0 0 0 
131 1.89136 -0.708636 0 0 -4.46136 0.00809913 7.44777e+15 0.01 0.01 9.30851e-23 1.19326e-05 -816.083 0 0 0 0 0 0 0 0 0 7e+15 0 0 0 0 0 0 
131.5 1.89132 -0.708676 0 0 -4.46132 0.00811179 7.44071e+15 0.01 0.01 9.31053e-23 1.19213e-05 -804.262 0 0 0 0 0 0 0 0 0 7e+15 0 0 0 0 0 0 
132 1.89128 -0.708716 0 0 -4.46128 0.0081243 7.43376e+15 0.01 0.01 9.31254e-23 1.19102e-05 -792.627 0 0 0 0 0 0 0 0 0 7e+15 0 0 0 0 0 0 
132.5 1.89124 -0.708756 0 0 -4.46124 0.00813664 7.42691e+15 0.01 0.01 9.31452e-23 1.18992e-05 -781.175 0 0 0 0 0 0 0 0 0 7e+15 0 0 0 0 0 0 
133 1.89121 -0.708794 0 0 -4.46121 0.00814882 7.42017e+15 0.01 0.01 9.31647e-23 1.18884e-05 -769.905 0 0 0 0 0 0 0 0 0 7e+15 0 0 0 0 0 0 
133.5 1.89117 -0.708833 0 0 -4.46117 0.00816084 7.41353e+15 0.01 0.01 9.31839e-23 1.18778e-05 -758.812 0 0 0 0 0 0 0 0 0 7e+15 0 0 0 0 0 0 
134 1.89113 -0.70887 0 0 -4.46113 0.00817271 7.40699e+15 0.01 0.01 9.32029e-23 1.18673e-05 -747.895 0 0 0 0 0 0 0 0 0 7e+15 0 0 0 0 0 0 
134.5 1.89109 -0.708907 0 0 -4.46109 0.00818442 7.40055e+15 0.01 0.01 9.32217e-23 1.1857e-05 -737.15 0 0 0 0 0 0 0 0 0 7e+15 0 0 0 0 0 0 
135 1.89106 -0.708944 0 0 -4.46106 0.00819598 7.39421e+15 0.01 0.01 9.32402e-23 1.18468e-05 -726.576 0 0 0 0 0 0 0 0 0 7e+15 0 0 0 0 0 0 
135.5 1.89102 -0.70898 0 0 -4.46102 0.00820739 7.38797e+15 0.01 0.01 9.32585e-23 1.18368e-05 -716.169 0 0 0 0 0 0 0 0 0 7e+15 0 0 0 0 0 0 
136 1.89098 -0.709016 0 0 -4.46098 0.00821866 7.38182e+15 0.01 0.01 9.32766e-23 1.1827e-05 -705.927 0 0 0 0 0 0 0 0 0 7e+15 0 0 0 0 0 0 
136.5 1.89095 -0.709051 0 0 -4.46095 0.00822978 7.37576e+15 0.01 0.01 9.32944e-23 1.18173e-05 -695.847 0 0 0 0 0 0 0 0 0 7e+15 0 0 0 0 0 0 
137 1.89091 -0.709085 0 0 -4.46091 0.00824075 7.36979e+15 0.01 0.01 9.3312e-23 1.18077e-05 -685.927 0 0 0 0 0 0 0 0 0 7e+15 0 0 0 0 0 0 
137.5 1.89088 -0.709119 0 0 -4.46088 0.00825158 7.36391e+15 0.01 0.01 9.33293e-23 1.17983e-05 -676.165 0 0 0 0 0 0 0 0 0 7e+15 0 0 0 0 0 0 
138 1.89085 -0.709153 0 0 -4.46085 0.00826227 7.35812e+15 0.01 0.01 9.33464e-23 1.1789e-05 -666.558 0 0 0 0 0 0 0 0 0 7e+15 0 0 0 0 0 0 
138.5 1.89081 -0.709186 0 0 -4.46081 0.00827283 7.35242e+15 0.01 0.01 9.33634e-23 1.17799e-05 -657.104 0 0 0 0 0 0 0 0 0 7e+15 0 0 0 0 0 0 
139 1.89078 -0.709219 0 0 -4.46078 0.00828325 7.3468e+15 0.01 0.01 9.338e-23 1.17709e-05 -647.801 0 0 0 0 0 0 0 0 0 7e+15 0 0 0 0 0 0 
139.5 1.89075 -0.709251 0 0 -4.46075 0.00829353 7.34127e+15 0.01 0.01 9.33965e-23 1.1762e-05 -638.646 0 0 0 0 0 0 0 0 0 7e+15 0 0 0 0 0 0 
140 1.89072 -0.709282 0 0 -4.46072 0.00830368 7.33581e+15 0.01 0.01 9.34128e-23 1.17533e-05 -629.637 0 0 0 0 0 0 0 0 0 7e+15 0 0 0 0 0 0 
140.5 1.89069 -0.709314 0 0 -4.46069 0.0083137 7.33044e+15 0.01 0.01 9.34288e-23 1.17447e-05 -620.773 0 0 0 0 0 0 0 0 0 7e+15 0 0 0 0 0 0 
141 1.89066 -0.709344 0 0 -4.46066 0.00832359 7.32515e+15 0.01 0.01 9.34447e-23 1.17362e-05 -612.05 0 0 0 0 0 0 0 0 0 7e+15 0 0 0 0 0 0 
141.5 1.89063 -0.709375 0 0 -4.46063 0.00833335 7.31993e+15 0.01 0.01 9.34603e-23 1.17278e-05 -603.467 0 0 0 0 0 0 0 0 0 7e+15 0 0 0 0 0 0 
142 1.8906 -0.709405 0 0 -4.4606 0.00834299 7.31479e+15 0.01 0.01 9.34758e-23 1.17196e-05 -595.022 0 0 0 0 0 0 0 0 0 7e+15 0 0 0 0 0 0 
142.5 1.89057 -0.709434 0 0 -4.46057 0.0083525 7.30973e+15 0.01 0.01 9.3491e-23 1.17115e-05 -586.712 0 0 0 0 0 0 0 0 0 7e+15 0 0 0 0 0 0 
143 1.89054 -0.709464 0 0 -4.46054 0.00836189 7.30474e+15 0.01 0.01 9.35061e-23 1.17035e-05 -578.536 0 0 0 0 0 0 0 0 0 7e+15 0 0 0 0 0 0 
143.5 1.89051 -0.709492 0 0 -4.46051 0.00837117 7.29982e+15 0.01 0.01 9.35209e-23 1.16956e-05 -570.493 0 0 0 0 0 0 0 0 0 7e+15 0 0 0 0 0 0 
144 1.89048 -0.709521 0 0 -4.46048 0.00838032 7.29498e+15 0.01 0.01 9.35356e-23 1.16878e-05 -562.579 0 0 0 0 0 0 0 0 0 7e+15 0 0 0 0 0 0 
144.5 1.89045 -0.709548 0 0 -4.46045 0.00838935 7.2902e+15 0.01 0.01 9.355e-23 1.16802e-05 -554.793 0 0 0 0 0 0 0 0 0 7e+15 0 0 0 0 0 0 
145 1.89042 -0.709576 0 0 -4.46042 0.00839827 7.2855e+15 0.01 0.01 9.35643e-23 1.16727e-05 -547.133 0 0 0 0 0 0 0 0 0 7e+15 0 0 0 0 0 0 
145.5 1.8904 -0.709603 0 0 -4.4604 0.00840708 7.28086e+15 0.01 0.01 9.35784e-23 1.16652e-05 -539.597 0 0 0 0 0 0 0 0 0 7e+15 0 0 0 0 0 0 
146 1.89037 -0.70963 0 0 -4.46037 0.00841577 7.27628e+15 0.01 0.01 9.35924e-23 1.16579e-05 -532.184 0 0 0 0 0 0 0 0 0 7e+15 0 0 0 0 0 0 
146.5 1.89034 -0.709656 0 0 -4.46034 0.00842436 7.27178e+15 0.01 0.01 9.36061e-23 1.16507e-05 -524.892 0 0 0 0 0 0 0 0 0 7e+15 0 0 0 0 0 0 
147 1.89032 -0.709682 0 0 -4.46032 0.00843283 7.26733e+15 0.01 0.01 9.36197e-23 1.16436e-05 -517.719 0 0 0 0 0 0 0 0 0 7e+15 0 0 0 0 0 0 
147.5 1.89029 -0.709708 0 0 -4.46029 0.0084412 7.26296e+15 0.01 0.01 9.36331e-23 1.16365e-05 -510.664 0 0 0 0 0 0 0 0 0 7e+15 0 0 0 0 0 0 
148 1.89027 -0.709734 0 0 -4.46027 0.00844946 7.25864e+15 0.01 0.01 9.36464e-23 1.16296e-05 -503.724 0 0 0 0 0 0 0 0 0 7e+15 0 0 0 0 0 0 
148.5 1.89024 -0.709759 0 0 -4.46024 0.00845762 7.25438e+15 0.01 0.01 9.36594e-23 1.16228e-05 -496.898 0 0 0 0 0 0 0 0 0 7e+15 0 0 0 0 0 0 
149 1.89022 -0.709783 0 0 -4.46022 0.00846567 7.25018e+15 0.01 0.01 9.36723e-23 1.16161e-05 -490.184 0 0 0 0 0 0 0 0 0 7e+15 0 0 0 0 0 0 
149.5 1.89019 -0.709808 0 0 -4.46019 0.00847363 7.24605e+15 0.01 0.01 9.36851e-23 1.16094e-05 -483.582 0 0 0 0 0 0 0 0 0 7e+15 0 0 0 0 0 0 
150 1.89017 -0.709832 0 0 -4.46017 0.00848148 7.24197e+15 0.01 0.01 9.36977e-23 1.16029e-05 -477.089 0 0 0 0 0 0 0 0 0 7e+15 0 0 0 0 0 0 
150.5 1.89014 -0.709855 0 0 -4.46014 0.00848924 7.23794e+15 0.01 0.01 9.37101e-23 1.15965e-05 -470.704 0 0 0 0 0 0 0 0 0 7e+15 0 0 0 0 0 0 
151 1.89012 -0.709879 0 0 -4.46012 0.0084969 7.23398e+15 0.01 0.01 9.37224e-23 1.15901e-05 -464.425 0 0 0 0 0 0 0 0 0 7e+15 0 0 0 0 0 0 
151.5 1.8901 -0.709902 0 0 -4.4601 0.00850446 7.23006e+15 0.01 0.01 9.37345e-23 1.15838e-05 -458.25 0 0 0 0 0 0 0 0 0 7e+15 0 0 0 0 0 0 
152 1.89008 -0.709925 0 0 -4.46008 0.00851193 7.2262e+15 0.01 0.01 9.37464e-23 1.15777e-05 -452.18 0 0 0 0 0 0 0 0 0 7e+15 0 0 0 0 0 0 
152.5 1.89005 -0.709947 0 0 -4.46005 0.00851931 7.2224e+15 0.01 0.01 9.37583e-23 1.15716e-05 -446.211 0 0 0 0 0 0 0 0 0 7e+15 0 0 0 0 0 0 
153 1.89003 -0.709969 0 0 -4.46003 0.0085266 7.21865e+15 0.01 0.01 9.37699e-23 1.15655e-05 -440.343 0 0 0 0 0 0 0 0 0 7e+15 0 0 0 0 0 0 
153.5 1.89001 -0.709991 0 0 -4.46001 0.0085338 7.21494e+15 0.01 0.01 9.37815e-23 1.15596e-05 -434.574 0 0 0 0 0 0 0 0 0 7e+15 0 0 0 0 0 0 
154 1.88999 -0.710013 0 0 -4.45999 0.0085409 7.21129e+15 0.01 0.01 9.37929e-23 1.15538e-05 -428.903 0 0 0 0 0 0 0 0 0 7e+15 0 0 0 0 0 0 
154.5 1.88997 -0.710034 0 0 -4.45997 0.00854793 7.20769e+15 0.01 0.01 9.38041e-23 1.1548e-05 -423.328 0 0 0 0 0 0 0 0 0 7e+15 0 0 0 0 0 0 
155 1.88995 -0.710055 0 0 -4.45995 0.00855486 7.20413e+15 0.01 0.01 9.38152e-23 1.15423e-05 -417.849 0 0 0 0 0 0 0 0 0 7e+15 0 0 0 0 0 0 
155.5 1.88992 -0.710076 0 0 -4.45992 0.00856172 7.20063e+15 0.01 0.01 9.38262e-23 1.15367e-05 -412.463 0 0 0 0 0 0 0 0 0 7e+15 0 0 0 0 0 0 
156 1.8899 -0.710096 0 0 -4.4599 0.00856849 7.19716e+15 0.01 0.01 9.38371e-23 1.15311e-05 -407.171 0 0 0 0 0 0 0 0 0 7e+15 0 0 0 0 0 0 
156.5 1.88988 -0.710116 0 0 -4.45988 0.00857518 7.19375e+15 0.01 0.01 9.38478e-23 1.15257e-05 -401.969 0 0 0 0 0 0 0 0 0 7e+15 0 0 0 0 0 0 
157 1.88986 -0.710136 0 0 -4.45986 0.00858179 7.19038e+15 0.01 0.01 9.38584e-23 1.15203e-05 -396.858 0 0 0 0 0 0 0 0 0 7e+15 0 0 0 0 0 0 
157.5 1.88984 -0.710156 0 0 -4.45984 0.00858832 7.18705e+15 0.01 0.01 9.38688e-23 1.15149e-05 -391.836 0 0 0 0 0 0 0 0 0 7e+15 0 0 0 0 0 0 
158 1.88982 -0.710176 0 0 -4.45982 0.00859477 7.18377e+15 0.01 0.01 9.38792e-23 1.15097e-05 -386.903 0 0 0 0 0 0 0 0 0 7e+15 0 0 0 0 0 0 
158.5 1.88981 -0.710195 0 0 -4.45981 0.00860114 7.18053e+15 0.01 0.01 9.38894e-23 1.15045e-05 -382.055 0 0 0 0 0 0 0 0 0 7e+15 0 0 0 0 0 0 
159 1.88979 -0.710214 0 0 -4.45979 0.00860744 7.17734e+15 0.01 0.01 9.38995e-23 1.14994e-05 -377.294 0 0 0 0 0 0 0 0 0 7e+15 0 0 0 0 0 0 
159.5 1.88977 -0.710232 0 0 -4.45977 0.00861367 7.17418e+15 0.01 0.01 9.39094e-23 1.14943e-05 -372.617 0 0 0 0 0 0 0 0 0 7e+15 0 0 0 0 0 0 
160 1.88975 -0.710251 0 0 -4.45975 0.00861983 7.17106e+15 0.01 0.01 9.39193e-23 1.14893e-05 -368.023 0 0 0 0 0 0 0 0 0 7e+15 0 0 0 0 0 0 
160.5 1.88973 -0.710269 0 0 -4.45973 0.00862591 7.16799e+15 0.01 0.01 9.39291e-23 1.14844e-05 -363.512 0 0 0 0 0 0 0 0 0 7e+15 0 0 0 0 0 0 
161 1.88971 -0.710287 0 0 -4.45971 0.00863192 7.16495e+15 0.01 0.01 9.39387e-23 1.14795e-05 -359.082 0 0 0 0 0 0 0 0 0 7e+15 0 0 0 0 0 0 
161.5 1.88969 -0.710305 0 0 -4.45969 0.00863787 7.16195e+15 0.01 0.01 9.39482e-23 1.14747e-05 -354.733 0 0 0 0 0 0 0 0 0 7e+15 0 0 0 0 0 0 
162 1.88968 -0.710323 0 0 -4.45968 0.00864374 7.15899e+15 0.01 0.01 9.39576e-23 1.147e-05 -350.463 0 0 0 0 0 0 0 0 0 7e+15 0 0 0 0 0 0 
162.5 1.88966 -0.71034 0 0 -4.45966 0.00864955 7.15606e+15 0.01 0.01 9.39669e-23 1.14653e-05 -346.271 0 0 0 0 0 0 0 0 0 7e+15 0 0 0 0 0 0 
163 1.88964 -0.710357 0 0 -4.45964 0.0086553 7.15317e+15 0.01 0.01 9.39761e-23 1.14606e-05 -342.157 0 0 0 0 0 0 0 0 0 7e+15 0 0 0 0 0 0 
163.5 1.88963 -0.710374 0 0 -4.45963 0.00866098 7.15032e+15 0.01 0.01 9.39852e-23 1.14561e-05 -338.119 0 0 0 0 0 0 0 0 0 7e+15 0 0 0 0 0 0 
164 1.88961 -0.710391 0 0 -4.45961 0.0086666 7.1475e+15 0.01 0.01 9.39942e-23 1.14516e-05 -334.156 0 0 0 0 0 0 0 0 0 7e+15 0 0 0 0 0 0 
164.5 1.88959 -0.710408 0 0 -4.45959 0.00867215 7.14471e+15 0.01 0.01 9.40031e-23 1.14471e-05 -330.268 0 0 0 0 0 0 0 0 0 7e+15 0 0 0 0 0 0 
165 1.88958 -0.710424 0 0 -4.45958 0.00867764 7.14196e+15 0.01 0.01 9.40119e-23 1.14427e-05 -326.454 0 0 0 0 0 0 0 0 0 7e+15 0 0 0 0 0 0 
165.5 1.88956 -0.710441 0 0 -4.45956 0.00868308 7.13924e+15 0.01 0.01 9.40206e-23 1.14383e-05 -322.713 0 0 0 0 0 0 0 0 0 7e+15 0 0 0 0 0 0 
166 1.88954 -0.710457 0 0 -4.45954 0.00868845 7.13655e+15 0.01 0.01 9.40293e-23 1.1434e-05 -319.043 0 0 0 0 0 0 0 0 0 7e+15 0 0 0 0 0 0 
166.5 1.88953 -0.710472 0 0 -4.45953 0.00869377 7.1339e+15 0.01 0.01 9.40378e-23 1.14298e-05 -315.445 0 0 0 0 0 0 0 0 0 7e+15 0 0 0 0 0 0 
167 1.88951 -0.710488 0 0 -4.45951 0.00869903 7.13127e+15 0.01 0.01 9.40462e-23 1.14256e-05 -311.917 0 0 0 0 0 0 0 0 0 7e+15 0 0 0 0 0 0 
167.5 1.8895 -0.710504 0 0 -4.4595 0.00870424 7.12867e+15 0.01 0.01 9.40546e-23 1.14214e-05 -308.458 0 0 0 0 0 0 0 0 0 7e+15 0 0 0 0 0 0 
168 1.88948 -0.710519 0 0 -4.45948 0.00870939 7.12611e+15 0.01 0.01 9.40628e-23 1.14173e-05 -305.068 0 0 0 0 0 0 0 0 0 7e+15 0 0 0 0 0 0 
168.5 1.88947 -0.710534 0 0 -4.45947 0.00871449 7.12357e+15 0.01 0.01 9.4071e-23 1.14132e-05 -301.746 0 0 0 0 0 0 0 0 0 7e+15 0 0 0 0 0 0 
169 1.88945 -0.710549 0 0 -4.45945 0.00871954 7.12106e+15 0.01 0.01 9.40791e-23 1.14092e-05 -298.491 0 0 0 0 0 0 0 0 0 7e+15 0 0 0 0 0 0 
169.5 1.88944 -0.710564 0 0 -4.45944 0.00872453 7.11858e+15 0.01 0.01 9.40871e-23 1.14052e-05 -295.303 0 0 0 0 0 0 0 0 0 7e+15 0 0 0 0 0 0 
170 1.88942 -0.710579 0 0 -4.45942 0.00872948 7.11613e+15 0.01 0.01 9.4095e-23 1.14013e-05 -292.18 0 0 0 0 0 0 0 0 0 7e+15 0 0 0 0 0 0 
170.5 1.88941 -0.710593 0 0 -4.45941 0.00873437 7.1137e+15 0.01 0.01 9.41028e-23 1.13974e-05 -289.122 0 0 0 0 0 0 0 0 0 7e+15 0 0 0 0 0 0 
171 1.88939 -0.710608 0 0 -4.45939 0.00873922 7.1113e+15 0.01 0.01 9.41106e-23 1.13936e-05 -286.128 0 0 0 0 0 0 0 0 0 7e+15 0 0 0 0 0 0 
171.5 1.88938 -0.710622 0 0 -4.45938 0.00874402 7.10892e+15 0.01 0.01 9.41183e-23 1.13897e-05 -283.198 0 0 0 0 0 0 0 0 0 7e+15 0 0 0 0 0 0 
172 1.88936 -0.710636 0 0 -4.45936 0.00874877 7.10657e+15 0.01 0.01 9.41259e-23 1.1386e-05 -280.331 0 0 0 0 0 0 0 0 0 7e+15 0 0 0 0 0 0 
172.5 1.88935 -0.71065 0 0 -4.45935 0.00875348 7.10425e+15 0.01 0.01 9.41334e-23 1.13823e-05 -277.526 0 0 0 0 0 0 0 0 0 7e+15 0 0 0 0 0 0 
173 1.88934 -0.710664 0 0 -4.45934 0.00875814 7.10194e+15 0.01 0.01 9.41409e-23 1.13786e-05 -274.783 0 0 0 0 0 0 0 0 0 7e+15 0 0 0 0 0 0 
173.5 1.88932 -0.710677 0 0 -4.45932 0.00876276 7.09966e+15 0.01 0.01 9.41483e-23 1.13749e-05 -272.1 0 0 0 0 0 0 0 0 0 7e+15 0 0 0 0 0 0 
174 1.88931 -0.710691 0 0 -4.45931 0.00876734 7.09741e+15 0.01 0.01 9.41557e-23 1.13713e-05 -269.478 0 0 0 0 0 0 0 0 0 7e+15 0 0 0 0 0 0 
174.5 1.8893 -0.710704 0 0 -4.4593 0.00877188 7.09517e+15 0.01 0.01 9.41629e-23 1.13677e-05 -266.916 0 0 0 0 0 0 0 0 0 7e+15 0 0 0 0 0 0 
175 1.88928 -0.710718 0 0 -4.45928 0.00877637 7.09296e+15 0.01 0.01 9.41701e-23 1.13642e-05 -264.412 0 0 0 0 0 0 0 0 0 7e+15 0 0 0 0 0 0 
175.5 1.88927 -0.710731 0 0 -4.45927 0.00878083 7.09077e+15 0.01 0.01 9.41773e-23 1.13607e-05 -261.968 0 0 0 0 0 0 0 0 0 7e+15 0 0 0 0 0 0 
176 1.88926 -0.710744 0 0 -4.45926 0.00878525 7.0886e+15 0.01 0.01 9.41843e-23 1.13572e-05 -259.581 0 0 0 0 0 0 0 0 0 7e+15 0 0 0 0 0 0 
176.5 1.88924 -0.710757 0 0 -4.45924 0.00878963 7.08645e+15 0.01 0.01 9.41914e-23 1.13537e-05 -257.252 0 0 0 0 0 0 0 0 0 7e+15 0 0 0 0 0 0 
177 1.88923 -0.710769 0 0 -4.45923 0.00879397 7.08432e+15 0.01 0.01 9.41983e-23 1.13503e-05 -254.98 0 0 0 0 0 0 0 0 0 7e+15 0 0 0 0 0 0 
177.5 1.88922 -0.710782 0 0 -4.45922 0.00879828 7.08221e+15 0.01 0.01 9.42052e-23 1.13469e-05 -252.764 0 0 0 0 0 0 0 0 0 7e+15 0 0 0 0 0 0 
178 1.88921 -0.710795 0 0 -4.45921 0.00880255 7.08012e+15 0.01 0.01 9.42121e-23 1.13436e-05 -250.605 0 0 0 0 0 0 0 0 0 7e+15 0 0 0 0 0 0 
178.5 1.88919 -0.710807 0 0 -4.45919 0.00880679 7.07804e+15 0.01 0.01 9.42189e-23 1.13403e-05 -248.5 0 0 0 0 0 0 0 0 0 7e+15 0 0 0 0 0 0 
179 1.88918 -0.71082 0 0 -4.45918 0.00881099 7.07599e+15 0.01 0.01 9.42256e-23 1.1337e-05 -246.451 0 0 0 0 0 0 0 0 0 7e+15 0 0 0 0 0 0 
179.5 1.88917 -0.710832 0 0 -4.45917 0.00881516 7.07395e+15 0.01 0.01 9.42323e-23 1.13337e-05 -244.456 0 0 0 0 0 0 0 0 0 7e+15 0 0 0 0 0 0 
180 1.88916 -0.710844 0 0 -4.45916 0.0088193 7.07193e+15 0.01 0.01 9.42389e-23 1.13305e-05 -242.515 0 0 0 0 0 0 0 0 0 7e+15 0 0 0 0 0 0 
180.5 1.88914 -0.710856 0 0 -4.45914 0.00882341 7.06992e+15 0.01 0.01 9.42455e-23 1.13273e-05 -240.628 0 0 0 0 0 0 0 0 0 7e+15 0 0 0 0 0 0 
181 1.88913 -0.710868 0 0 -4.45913 0.0088275 7.06793e+15 0.01 0.01 9.4252e-23 1.13241e-05 -238.794 0 0 0 0 0 0 0 0 0 7e+15 0 0 0 0 0 0 
181.5 1.88912 -0.71088 0 0 -4.45912 0.00883155 7.06596e+15 0.01 0.01 9.42585e-23 1.13209e-05 -237.012 0 0 0 0 0 0 0 0 0 7e+15 0 0 0 0 0 0 
182 1.88911 -0.710892 0 0 -4.45911 0.00883557 7.064e+15 0.01 0.01 9.4265e-23 1.13178e-05 -235.283 0 0 0 0 0 0 0 0 0 7e+15 0 0 0 0 0 0 
182.5 1.8891 -0.710904 0 0 -4.4591 0.00883957 7.06205e+15 0.01 0.01 9.42714e-23 1.13147e-05 -233.606 0 0 0 0 0 0 0 0 0 7e+15 0 0 0 0 0 0 
183 1.88908 -0.710915 0 0 -4.45908 0.00884354 7.06012e+15 0.01 0.01 9.42777e-23 1.13116e-05 -231.981 0 0 0 0 0 0 0 0 0 7e+15 0 0 0 0 0 0 
183.5 1.88907 -0.710927 0 0 -4.45907 0.00884748 7.05821e+15 0.01 0.01 9.4284e-23 1.13085e-05 -230.406 0 0 0 0 0 0 0 0 0 7e+15 0 0 0 0 0 0 
184 1.88906 -0.710938 0 0 -4.45906 0.0088514 7.0563e+15 0.01 0.01 9.42903e-23 1.13054e-05 -228.883 0 0 0 0 0 0 0 0 0 7e+15 0 0 0 0 0 0 
184.5 1.88905 -0.71095 0 0 -4.45905 0.0088553 7.05441e+15 0.01 0.01 9.42966e-23 1.13024e-05 -227.409 0 0 0 0 0 0 0 0 0 7e+15 0 0 0 0 0 0 
185 1.88904 -0.710961 0 0 -4.45904 0.00885917 7.05254e+15 0.01 0.01 9.43028e-23 1.12994e-05 -225.986 0 0 0 0 0 0 0 0 0 7e+15 0 0 0 0 0 0 
185.5 1.88903 -0.710972 0 0 -4.45903 0.00886302 7.05067e+15 0.01 0.01 9.43089e-23 1.12964e-05 -224.613 0 0 0 0 0 0 0 0 0 7e+15 0 0 0 0 0 0 
186 1.88902 -0.710983 0 0 -4.45902 0.00886685 7.04882e+15 0.01 0.01 9.43151e-23 1.12934e-05 -223.29 0 0 0 0 0 0 0 0 0 7e+15 0 0 0 0 0 0 
186.5 1.88901 -0.710995 0 0 -4.45901 0.00887066 7.04697e+15 0.01 0.01 9.43212e-23 1.12905e-05 -222.015 0 0 0 0 0 0 0 0 0 7e+15 0 0 0 0 0 0 
187 1.88899 -0.711006 0 0 -4.45899 0.00887445 7.04514e+15 0.01 0.01 9.43273e-23 1.12876e-05 -220.79 0 0 0 0 0 0 0 0 0 7e+15 0 0 0 0 0 0 
187.5 1.88898 -0.711017 0 0 -4.45898 0.00887822 7.04332e+15 0.01 0.01 9.43333e-23 1.12846e-05 -219.613 0 0 0 0 0 0 0 0 0 7e+15 0 0 0 0 0 0 
188 1.88897 -0.711028 0 0 -4.45897 0.00888197 7.04151e+15 0.01 0.01 9.43393e-23 1.12817e-05 -218.484 0 0 0 0 0 0 0 0 0 7e+15 0 0 0 0 0 0 
188.5 1.88896 -0.711038 0 0 -4.45896 0.0088857 7.03971e+15 0.01 0.01 9.43453e-23 1.12789e-05 -217.403 0 0 0 0 0 0 0 0 0 7e+15 0 0 0 0 0 0 
189 1.88895 -0.711049 0 0 -4.45895 0.00888942 7.03791e+15 0.01 0.01 9.43512e-23 1.1276e-05 -216.371 0 0 0 0 0 0 0 0 0 7e+15 0 0 0 0 0 0 
189.5 1.88894 -0.71106 0 0 -4.45894 0.00889312 7.03613e+15 0.01 0.01 9.43572e-23 1.12731e-05 -215.385 0 0 0 0 0 0 0 0 0 7e+15 0 0 0 0 0 0 
190 1.88893 -0.711071 0 0 -4.45893 0.00889681 7.03435e+15 0.01 0.01 9.43631e-23 1.12703e-05 -214.448 0 0 0 0 0 0 0 0 0 7e+15 0 0 0 0 0 0 
190.5 1.88892 -0.711082 0 0 -4.45892 0.00890048 7.03259e+15 0.01 0.01 9.4369e-23 1.12674e-05 -213.557 0 0 0 0 0 0 0 0 0 7e+15 0 0 0 0 0 0 
191 1.88891 -0.711092 0 0 -4.45891 0.00890414 7.03083e+15 0.01 0.01 9.43748e-23 1.12646e-05 -212.713 0 0 0 0 0 0 0 0 0 7e+15 0 0 0 0 0 0 
191.5 1.8889 -0.711103 0 0 -4.4589 0.00890779 7.02907e+15 0.01 0.01 9.43807e-23 1.12618e-05 -211.916 0 0 0 0 0 0 0 0 0 7e+15 0 0 0 0 0 0 
192 1.88889 -0.711113 0 0 -4.45889 0.00891142 7.02733e+15 0.01 0.01 9.43865e-23 1.1259e-05 -211.166 0 0 0 0 0 0 0 0 0 7e+15 0 0 0 0 0 0 
192.5 1.88888 -0.711124 0 0 -4.45888 0.00891505 7.02559e+15 0.01 0.01 9.43923e-23 1.12562e-05 -210.462 0 0 0 0 0 0 0 0 0 7e+15 0 0 0 0 0 0 
193 1.88887 -0.711134 0 0 -4.45887 0.00891866 7.02385e+15 0.01 0.01 9.43981e-23 1.12535e-05 -209.804 0 0 0 0 0 0 0 0 0 7e+15 0 0 0 0 0 0 
193.5 1.88886 -0.711145 0 0 -4.45886 0.00892227 7.02212e+15 0.01 0.01 9.44039e-23 1.12507e-05 -209.192 0 0 0 0 0 0 0 0 0 7e+15 0 0 0 0 0 0 
194 1.88884 -0.711155 0 0 -4.45884 0.00892586 7.0204e+15 0.01 0.01 9.44096e-23 1.12479e-05 -208.627 0 0 0 0 0 0 0 0 0 7e+15 0 0 0 0 0 0 
194.5 1.88883 -0.711166 0 0 -4.45883 0.00892945 7.01868e+15 0.01 0.01 9.44154e-23 1.12452e-05 -208.107 0 0 0 0 0 0 0 0 0 7e+15 0 0 0 0 0 0 
195 1.88882 -0.711176 0 0 -4.45882 0.00893303 7.01697e+15 0.01 0.01 9.44211e-23 1.12424e-05 -207.632 0 0 0 0 0 0 0 0 0 7e+15 0 0 0 0 0 0 
195.5 1.88881 -0.711187 0 0 -4.45881 0.00893661 7.01526e+15 0.01 0.01 9.44268e-23 1.12397e-05 -207.203 0 0 0 0 0 0 0 0 0 7e+15 0 0 0 0 0 0 
196 1.8888 -0.711197 0 0 -4.4588 0.00894018 7.01356e+15 0.01 0.01 9.44326e-23 1.1237e-05 -206.82 0 0 0 0 0 0 0 0 0 7e+15 0 0 0 0 0 0 
196.5 1.88879 -0.711207 0 0 -4.45879 0.00894374 7.01185e+15 0.01 0.01 9.44383e-23 1.12342e-05 -206.482 0 0 0 0 0 0 0 0 0 7e+15 0 0 0 0 0 0 
197 1.88878 -0.711218 0 0 -4.45878 0.0089473 7.01015e+15 0.01 0.01 9.4444e-23 1.12315e-05 -206.189 0 0 0 0 0 0 0 0 0 7e+15 0 0 0 0 0 0 
197.5 1.88877 -0.711228 0 0 -4.45877 0.00895086 7.00846e+15 0.01 0.01 9.44497e-23 1.12288e-05 -205.941 0 0 0 0 0 0 0 0 0 7e+15 0 0 0 0 0 0 
198 1.88876 -0.711238 0 0 -4.45876 0.00895441 7.00676e+15 0.01 0.01 9.44554e-23 1.12261e-05 -205.829 0 0 0 0 0 0 0 0 0 7e+15 0 0 0 0 0 0 
198 1.88876 -0.711238 0 0 -4.45876 0.00895441 7.00676e+15 0.01 0.01 9.44554e-23 1.12261e-05 -205.665 0 0 0 0 0 0 0 0 0 7e+15 0 0 0 0 0 0 
198.409 1.88875 -0.711247 0 0 -4.45875 0.00895732 7.00538e+15 0.01 0.01 9.446e-23 1.12239e-05 -205.607 0 0 0 0 0 0 0 0 0 7e+15 0 0 0 0 0 0 
198.752 1.88875 -0.711254 0 0 -4.45875 0.00895975 7.00422e+15 0.01 0.01 9.44639e-23 1.1222e-05 -205.519 0 0 0 0 0 0 0 0 0 7e+15 0 0 0 0 0 0 
199.038 1.88874 -0.711259 0 0 -4.45874 0.00896179 7.00325e+15 0.01 0.01 9.44672e-23 1.12204e-05 -205.462 0 0 0 0 0 0 0 0 0 7e+15 0 0 0 0 0 0 
199.277 1.88874 -0.711264 0 0 -4.45874 0.00896349 7.00244e+15 0.01 0.01 9.44699e-23 1.12191e-05 -205.426 0 0 0 0 0 0 0 0 0 7e+15 0 0 0 0 0 0 
199.478 1.88873 -0.711269 0 0 -4.45873 0.00896491 7.00176e+15 0.01 0.01 9.44722e-23 1.12181e-05 -205.404 0 0 0 0 0 0 0 0 0 7e+15 0 0 0 0 0 0 
199.645 1.88873 -0.711272 0 0 -4.45873 0.0089661 7.0012e+15 0.01 0.01 9.44741e-23 1.12172e-05 -205.39 0 0 0 0 0 0 0 0 0 7e+15 0 0 0 0 0 0 
199.785 1.88873 -0.711275 0 0 -4.45873 0.00896709 7.00073e+15 0.01 0.01 9.44757e-23 1.12164e-05 -205.383 0 0 0 0 0 0 0 0 0 7e+15 0 0 0 0 0 0 
199.902 1.88872 -0.711277 0 0 -4.45872 0.00896792 7.00033e+15 0.01 0.01 9.4477e-23 1.12158e-05 -205.38 0 0 0 0 0 0 0 0 0 7e+15 0 0 0 0 0 0 
200 1.88872 -0.711279 0 0 -4.45872 0.00896862 7e+15 0.01 0.01 9.44781e-23 1.12152e-05 -205.379 0 0 0 0 0 0 0 0 0 7e+15 0 0 0 0 0 0 